Count,S1,S2,S3,S4,S5,S6,S7,S8,S9,S10,Flag
1,2310,1887,1466,1829,2513,739,989,2931,2650,963,0
2,2310,1886,1466,1830,2519,738,989,2952,2650,965,0
3,2320,1894,1466,1832,2520,738,992,2896,2651,965,0
4,2299,1883,1466,1829,2519,735,988,2822,2651,964,0
5,2292,1883,1465,1828,2520,737,990,2801,2650,964,0
6,2328,1886,1466,1830,2518,738,989,2850,2651,964,0
7,2314,1886,1464,1829,2518,738,992,2922,2648,962,0
8,2310,1883,1466,1828,2515,738,989,2953,2650,965,0
9,2315,1892,1466,1829,2518,743,988,2918,2650,964,0
10,2314,1882,1466,1830,2519,739,990,2835,2649,963,0
11,2314,1885,1466,1830,2519,738,990,2793,2651,964,0
12,2316,1880,1464,1830,2519,739,988,2828,2649,966,0
13,2312,1881,1464,1830,2518,738,988,2902,2650,960,0
14,2315,1883,1466,1830,2517,738,990,2947,2650,965,0
15,2315,1891,1466,1831,2516,738,988,2952,2651,964,0
16,2315,1894,1465,1829,2518,735,990,2890,2651,963,0
17,2311,1877,1465,1832,2518,738,987,2812,2649,966,0
18,2318,1888,1465,1831,2518,738,988,2803,2650,965,0
19,2319,1890,1466,1830,2518,739,988,2862,2650,964,0
20,2304,1882,1464,1829,2519,737,989,2923,2650,964,0
21,2283,1886,1466,1830,2518,738,987,2952,2650,965,1
22,2318,1889,1466,1830,2517,738,989,2933,2650,962,1
23,2307,1886,1466,1830,2518,738,990,2856,2651,965,1
24,2310,1886,1466,1830,2517,739,989,2799,2652,965,1
25,2310,1876,1467,1839,2516,738,991,2816,2651,965,1
26,2308,1880,1467,1831,2518,738,990,2885,2650,966,1
27,2310,1884,1466,1830,2518,738,992,2939,2650,964,1
28,2311,1882,1463,1831,2520,739,989,2953,2650,964,1
29,2316,1896,1466,1825,2517,739,993,2902,2651,963,1
30,2313,1889,1466,1832,2518,739,990,2829,2650,964,1
31,2312,1887,1465,1834,2518,740,990,2795,2651,965,1
32,2311,1882,1464,1832,2518,738,989,2844,2651,964,1
33,2314,1885,1466,1834,2518,738,990,2918,2651,965,1
34,2315,1893,1467,1832,2518,739,990,2951,2650,964,1
35,2315,1890,1466,1835,2518,735,991,2939,2652,966,1
36,2307,1880,1465,1835,2518,735,991,2867,2650,964,1
37,2326,1886,1464,1835,2518,739,992,2802,2650,966,1
38,2319,1891,1464,1837,2518,737,993,2812,2651,965,1
39,2305,1889,1466,1838,2518,738,994,2883,2651,967,1
40,2347,1888,1466,1839,2517,738,995,2932,2652,966,1
41,2313,1885,1466,1842,2517,738,995,2947,2651,967,1
42,2316,1892,1466,1844,2518,737,996,2922,2650,966,1
43,2311,1888,1465,1845,2516,738,999,2842,2652,967,1
44,2309,1883,1466,1846,2518,739,997,2800,2653,967,1
45,2318,1891,1464,1848,2517,740,1000,2833,2653,967,1
46,2308,1886,1466,1861,2518,740,999,2902,2652,970,1
47,2315,1874,1466,1856,2516,738,1000,2950,2658,970,1
48,2312,1884,1465,1854,2518,739,1004,2952,2654,972,1
49,2323,1888,1467,1856,2518,738,1004,2891,2655,971,1
50,2310,1885,1466,1862,2518,738,1010,2831,2655,972,1
51,2313,1881,1466,1862,2517,737,1010,2813,2655,974,1
52,2317,1892,1465,1865,2518,738,1012,2865,2656,974,1
53,2315,1878,1466,1870,2519,738,1012,2931,2657,976,1
54,2318,1888,1467,1870,2518,735,1016,2957,2657,975,1
55,2304,1883,1474,1872,2519,737,1018,2946,2659,975,1
56,2313,1862,1466,1875,2519,738,1016,2873,2660,978,1
57,2326,1886,1466,1876,2518,738,1024,2819,2659,977,1
58,2296,1886,1466,1878,2518,738,1027,2823,2661,980,1
59,2316,1890,1467,1881,2518,739,1030,2891,2662,979,1
60,2318,1886,1469,1885,2518,735,1030,2938,2660,980,1
61,2287,1883,1466,1888,2519,737,1034,2948,2662,980,1
62,2314,1892,1465,1890,2519,738,1037,2917,2664,982,1
63,2316,1883,1466,1893,2520,738,1038,2846,2664,982,1
64,2296,1885,1469,1896,2518,735,1042,2820,2663,984,1
65,2336,1889,1467,1898,2519,735,1043,2861,2666,984,1
66,2292,1885,1467,1902,2519,738,1046,2915,2666,985,1
67,2305,1884,1468,1904,2520,738,1050,2960,2665,985,1
68,2325,1892,1466,1907,2517,738,1051,2951,2666,986,1
69,2315,1895,1470,1902,2520,738,1052,2894,2666,986,1
70,2316,1876,1468,1911,2520,739,1056,2838,2667,985,1
71,2320,1884,1468,1914,2520,738,1058,2833,2667,986,1
72,2318,1892,1467,1915,2519,738,1060,2890,2668,988,1
73,2313,1886,1468,1920,2518,738,1062,2946,2670,990,1
74,2322,1886,1469,1921,2520,738,1063,2960,2668,990,1
75,2317,1890,1470,1923,2519,739,1066,2941,2668,990,1
76,2338,1885,1468,1926,2520,738,1067,2877,2670,992,1
77,2317,1901,1469,1927,2519,738,1070,2830,2668,990,1
78,2316,1876,1470,1927,2520,738,1068,2858,2672,991,1
79,2318,1886,1469,1930,2520,739,1070,2913,2673,992,1
80,2320,1891,1472,1930,2520,738,1074,2964,2671,993,1
81,2314,1885,1472,1934,2520,737,1076,2968,2673,994,1
82,2319,1888,1470,1934,2519,740,1073,2916,2673,994,1
83,2317,1890,1470,1936,2520,738,1076,2855,2674,994,1
84,2330,1888,1468,1934,2520,739,1076,2835,2675,995,1
85,2312,1888,1469,1937,2520,738,1080,2886,2675,995,1
86,2316,1883,1472,1939,2520,738,1083,2939,2675,995,1
87,2320,1890,1470,1940,2520,737,1080,2967,2675,995,1
88,2315,1892,1472,1942,2520,739,1083,2959,2675,996,1
89,2336,1886,1473,1942,2520,738,1082,2897,2677,995,1
90,2315,1891,1474,1944,2520,738,1083,2843,2677,996,1
91,2315,1884,1472,1944,2520,737,1086,2852,2677,998,1
92,2319,1888,1472,1943,2518,736,1086,2899,2677,996,1
93,2320,1894,1472,1946,2522,738,1089,2961,2677,998,1
94,2328,1888,1475,1946,2520,735,1091,2973,2676,998,1
95,2315,1888,1474,1946,2522,737,1090,2936,2678,998,1
96,2315,1885,1473,1948,2521,738,1091,2872,2678,998,1
97,2318,1888,1472,1949,2520,738,1090,2839,2678,996,1
98,2320,1894,1472,1949,2522,738,1093,2874,2678,997,1
99,2326,1889,1474,1950,2520,739,1089,2928,2679,998,1
100,2318,1886,1473,1950,2522,739,1090,2966,2678,997,1
101,2314,1889,1473,1948,2522,738,1090,2968,2679,991,1
102,2319,1896,1475,1950,2522,739,1094,2931,2678,997,1
103,2322,1892,1472,1953,2522,739,1094,2870,2680,997,1
104,2322,1896,1472,1950,2522,739,1092,2838,2680,996,1
105,2322,1891,1473,1954,2520,739,1091,2856,2679,997,1
106,2286,1886,1474,1950,2522,738,1092,2894,2678,996,1
107,2323,1874,1474,1947,2521,739,1090,2950,2681,995,1
108,2312,1889,1474,1950,2522,739,1090,2973,2680,996,1
109,2322,1884,1475,1947,2521,739,1088,2963,2680,996,1
110,2322,1890,1474,1948,2522,738,1086,2928,2678,994,1
111,2314,1890,1474,1946,2522,739,1084,2860,2678,995,1
112,2323,1891,1475,1946,2522,739,1086,2835,2678,993,1
113,2330,1891,1473,1944,2521,739,1078,2850,2679,994,1
114,2322,1879,1473,1941,2522,739,1078,2902,2677,993,1
115,2323,1890,1475,1938,2522,739,1076,2947,2678,992,1
116,2320,1886,1476,1936,2522,738,1074,2971,2675,992,1
117,2322,1886,1475,1934,2522,739,1070,2953,2675,992,1
118,2348,1890,1475,1932,2523,739,1068,2910,2676,991,1
119,2322,1899,1475,1930,2522,740,1066,2837,2677,989,1
120,2323,1888,1476,1926,2522,738,1064,2818,2674,988,1
121,2322,1892,1475,1921,2522,739,1059,2847,2675,987,2
122,2331,1897,1480,1924,2526,741,1058,2895,2674,989,2
123,2330,1898,1480,1917,2525,741,1057,2948,2675,987,2
124,2332,1896,1480,1912,2527,741,1053,2963,2674,987,2
125,2330,1899,1479,1907,2526,741,1049,2949,2674,986,2
126,2328,1900,1480,1901,2523,740,1045,2897,2674,986,2
127,2328,1896,1479,1894,2526,740,1041,2822,2673,985,2
128,2331,1897,1480,1890,2526,741,1036,2803,2672,985,2
129,2330,1898,1477,1886,2526,741,1034,2838,2672,985,2
130,2326,1896,1480,1882,2526,740,1031,2890,2670,983,2
131,2328,1898,1478,1878,2525,741,1026,2944,2670,983,2
132,2332,1900,1478,1873,2523,740,1019,2961,2670,982,2
133,2328,1898,1479,1868,2526,741,1014,2940,2670,982,2
134,2331,1896,1478,1864,2525,739,1011,2885,2670,980,2
135,2329,1896,1478,1862,2525,740,1007,2802,2667,979,2
136,2331,1896,1478,1857,2523,739,1002,2791,2666,979,2
137,2329,1894,1478,1854,2525,739,996,2840,2666,978,2
138,2330,1896,1477,1846,2525,741,993,2916,2666,978,2
139,2332,1896,1478,1844,2523,740,988,2952,2666,977,2
140,2332,1896,1478,1839,2524,741,984,2942,2664,975,2
141,2326,1894,1479,1836,2525,741,978,2858,2662,976,2
142,2328,1896,1478,1834,2524,740,976,2779,2662,975,2
143,2329,1896,1477,1827,2523,742,971,2788,2661,972,2
144,2331,1896,1478,1822,2525,740,965,2866,2660,973,2
145,2328,1897,1478,1819,2524,739,964,2925,2661,973,2
146,2332,1894,1477,1817,2523,739,958,2946,2660,971,2
147,2327,1896,1478,1814,2525,740,954,2904,2658,971,2
148,2330,1896,1477,1809,2522,741,950,2808,2658,969,2
149,2331,1895,1476,1806,2522,741,946,2762,2658,970,2
150,2333,1897,1478,1802,2524,740,942,2797,2656,968,2
151,2331,1898,1478,1799,2523,740,937,2886,2656,968,2
152,2331,1894,1476,1795,2523,741,934,2930,2653,967,2
153,2327,1894,1476,1790,2523,741,931,2936,2651,964,2
154,2328,1896,1475,1786,2524,742,925,2851,2651,963,2
155,2332,1894,1478,1784,2524,739,920,2763,2651,964,2
156,2331,1898,1477,1782,2522,740,919,2758,2650,963,2
157,2331,1896,1476,1776,2522,741,915,2830,2650,962,2
158,2328,1897,1475,1775,2522,742,912,2902,2648,963,2
159,2328,1896,1475,1771,2522,740,907,2930,2647,962,2
160,2328,1898,1476,1766,2524,741,906,2904,2647,960,2
161,2330,1898,1476,1765,2523,740,903,2800,2646,958,2
162,2330,1898,1475,1759,2523,741,900,2736,2646,960,2
163,2326,1896,1475,1760,2521,739,898,2768,2644,960,2
164,2327,1896,1475,1756,2523,739,896,2858,2643,960,2
165,2331,1892,1476,1753,2522,742,891,2915,2643,955,2
166,2328,1896,1475,1750,2522,739,888,2924,2642,954,2
167,2330,1894,1475,1747,2521,740,886,2856,2642,955,2
168,2326,1896,1475,1745,2522,741,881,2762,2641,954,2
169,2328,1896,1474,1742,2523,741,879,2731,2639,952,2
170,2328,1894,1473,1739,2522,742,876,2795,2638,953,2
171,2327,1898,1475,1737,2521,739,875,2881,2639,953,2
172,2328,1894,1475,1736,2521,740,874,2917,2638,952,2
173,2329,1898,1473,1731,2522,740,869,2911,2637,951,2
174,2325,1894,1473,1730,2522,739,866,2807,2635,950,2
175,2328,1894,1474,1729,2522,739,865,2724,2636,950,2
176,2330,1894,1474,1724,2522,741,862,2739,2635,950,2
177,2327,1891,1473,1720,2522,740,859,2828,2634,951,2
178,2330,1895,1473,1720,2521,739,858,2895,2633,950,2
179,2328,1898,1473,1718,2522,739,856,2916,2632,948,2
180,2330,1892,1474,1713,2520,740,853,2870,2634,947,2
181,2330,1894,1474,1714,2521,741,850,2762,2632,947,2
182,2326,1891,1473,1709,2520,741,850,2712,2630,946,2
183,2329,1894,1472,1707,2520,739,848,2767,2630,945,2
184,2323,1892,1472,1706,2520,740,845,2856,2628,945,2
185,2327,1893,1474,1705,2521,739,843,2906,2628,944,2
186,2330,1892,1474,1702,2521,739,842,2908,2627,944,2
187,2325,1893,1472,1702,2520,740,842,2815,2627,944,2
188,2327,1894,1470,1698,2520,739,838,2723,2626,943,2
189,2323,1896,1472,1697,2519,739,838,2720,2626,942,2
190,2323,1891,1470,1693,2519,738,835,2799,2625,943,2
191,2324,1893,1472,1694,2519,739,832,2875,2624,943,2
192,2324,1892,1470,1691,2518,739,833,2908,2624,942,2
193,2324,1894,1470,1690,2520,738,827,2883,2620,942,2
194,2326,1895,1468,1685,2520,739,828,2771,2620,942,2
195,2324,1890,1470,1688,2519,738,824,2702,2621,940,2
196,2327,1892,1469,1685,2519,741,823,2737,2620,939,2
197,2322,1891,1470,1683,2520,737,822,2832,2618,940,2
198,2324,1893,1468,1682,2520,739,822,2894,2618,939,2
199,2326,1893,1467,1679,2518,740,820,2907,2618,939,2
200,2326,1894,1468,1676,2518,741,818,2834,2617,937,2
201,2326,1894,1467,1676,2518,740,818,2732,2616,938,2
202,2323,1891,1470,1675,2518,740,818,2702,2617,937,2
203,2326,1894,1467,1674,2519,739,814,2769,2614,938,2
204,2320,1889,1467,1672,2519,739,812,2860,2614,936,2
205,2326,1891,1468,1669,2518,741,811,2899,2615,935,2
206,2323,1891,1467,1668,2518,738,810,2893,2614,937,2
207,2322,1889,1466,1667,2518,740,811,2783,2613,937,2
208,2323,1891,1467,1665,2518,738,808,2700,2613,936,2
209,2319,1892,1467,1664,2518,739,806,2718,2611,936,2
210,2322,1889,1467,1661,2518,739,805,2808,2612,935,2
211,2319,1890,1466,1661,2518,740,805,2878,2611,934,2
212,2321,1890,1466,1659,2517,739,804,2900,2610,934,2
213,2320,1890,1466,1658,2518,739,802,2853,2610,934,2
214,2324,1890,1465,1657,2516,740,802,2739,2609,932,2
215,2319,1892,1467,1658,2515,739,802,2691,2609,933,2
216,2323,1890,1466,1656,2517,739,799,2743,2608,933,2
217,2319,1887,1464,1656,2517,738,801,2840,2607,932,2
218,2321,1891,1466,1653,2517,739,798,2893,2606,930,2
219,2324,1890,1465,1651,2516,738,796,2895,2606,931,2
220,2322,1888,1465,1649,2515,740,797,2800,2606,930,2
221,2322,1890,1466,1650,2516,739,795,2705,2607,931,2
222,2318,1885,1466,1648,2517,738,794,2699,2606,932,2
223,2319,1890,1464,1647,2518,739,794,2782,2603,930,2
224,2322,1893,1464,1645,2518,739,790,2863,2603,930,2
225,2320,1890,1466,1646,2516,739,790,2896,2604,930,2
226,2322,1889,1466,1643,2515,739,790,2869,2603,929,2
227,2317,1887,1464,1642,2516,740,789,2756,2603,929,2
228,2318,1888,1465,1643,2514,738,790,2686,2601,929,2
229,2317,1886,1464,1641,2516,737,788,2722,2602,928,2
230,2322,1890,1464,1639,2516,738,787,2821,2602,927,2
231,2322,1886,1464,1639,2515,739,787,2882,2602,926,2
232,2318,1886,1462,1638,2515,738,786,2896,2600,927,2
233,2315,1886,1463,1636,2516,738,784,2824,2598,928,2
234,2317,1889,1464,1636,2514,738,785,2718,2598,926,2
235,2318,1888,1463,1635,2514,741,784,2688,2599,925,2
236,2322,1888,1463,1635,2514,738,783,2755,2598,925,2
237,2318,1889,1464,1631,2514,738,782,2848,2597,924,2
238,2315,1888,1462,1630,2515,738,780,2891,2596,924,2
239,2315,1884,1462,1630,2514,738,780,2884,2595,925,2
240,2319,1888,1464,1628,2514,739,779,2774,2596,924,2
241,2315,1883,1463,1629,2513,739,779,2685,2596,923,2
242,2316,1884,1463,1627,2515,740,777,2702,2595,926,2
243,2318,1889,1463,1626,2514,738,777,2798,2595,924,2
244,2315,1890,1462,1627,2514,738,776,2867,2592,924,2
245,2316,1888,1463,1627,2514,737,777,2892,2595,923,2
246,2318,1886,1462,1626,2513,738,778,2844,2594,924,2
247,2315,1886,1462,1624,2513,739,776,2728,2592,924,2
248,2318,1886,1462,1622,2514,738,773,2678,2593,921,2
249,2316,1885,1462,1624,2514,739,774,2732,2591,922,2
250,2315,1883,1462,1623,2513,739,773,2830,2592,923,2
251,2313,1885,1460,1622,2514,738,774,2883,2593,922,2
252,2314,1881,1462,1622,2512,737,774,2886,2592,923,2
253,2314,1885,1461,1619,2511,736,771,2794,2590,922,2
254,2316,1885,1460,1619,2513,737,771,2698,2588,923,2
255,2313,1885,1461,1618,2514,737,770,2689,2590,922,2
256,2312,1885,1458,1618,2513,735,772,2771,2589,922,2
257,2313,1883,1460,1618,2512,737,770,2854,2588,921,2
258,2314,1887,1458,1616,2513,738,770,2891,2586,920,2
259,2315,1885,1460,1616,2513,738,771,2865,2587,919,2
260,2314,1883,1460,1615,2511,735,769,2747,2588,919,2
261,2316,1886,1459,1615,2511,738,770,2676,2588,920,2
262,2313,1882,1459,1614,2512,736,768,2710,2587,920,2
263,2313,1885,1459,1613,2511,736,768,2812,2586,919,2
264,2314,1886,1459,1614,2511,737,768,2874,2584,918,2
265,2314,1886,1460,1613,2511,738,765,2888,2586,919,2
266,2315,1882,1459,1611,2511,738,765,2819,2585,918,2
267,2310,1883,1459,1611,2512,738,765,2710,2585,920,2
268,2312,1886,1458,1610,2511,738,764,2678,2586,918,2
269,2314,1880,1459,1610,2510,737,762,2748,2583,918,2
270,2314,1880,1460,1610,2511,735,762,2842,2585,918,2
271,2315,1883,1459,1609,2511,737,763,2886,2584,917,2
272,2313,1882,1459,1608,2510,738,760,2881,2582,918,2
273,2308,1884,1456,1608,2510,738,760,2772,2582,918,2
274,2309,1881,1458,1607,2511,737,760,2682,2582,918,2
275,2311,1883,1458,1608,2510,738,762,2698,2582,917,2
276,2314,1882,1459,1606,2511,737,762,2790,2582,919,2
277,2314,1882,1458,1605,2510,738,759,2861,2581,918,2
278,2308,1884,1458,1606,2510,738,760,2891,2580,916,2
279,2310,1884,1458,1605,2510,738,760,2844,2579,916,2
280,2309,1882,1457,1605,2508,735,759,2727,2580,915,2
281,2309,1881,1458,1606,2510,737,758,2674,2581,917,2
282,2309,1882,1458,1603,2510,737,758,2725,2578,916,2
283,2308,1884,1456,1604,2510,737,758,2825,2578,916,2
284,2312,1881,1456,1602,2511,737,756,2880,2578,916,2
285,2311,1882,1458,1601,2508,737,757,2886,2577,916,2
286,2307,1880,1458,1602,2509,735,757,2793,2579,916,2
287,2309,1883,1456,1600,2509,737,758,2694,2578,914,2
288,2310,1882,1456,1597,2509,738,756,2683,2578,914,2
289,2311,1880,1456,1598,2510,738,756,2766,2576,914,2
290,2312,1881,1457,1600,2508,735,758,2850,2578,915,2
291,2312,1884,1458,1597,2507,737,755,2887,2578,915,2
292,2311,1883,1456,1596,2508,738,754,2863,2577,914,2
293,2308,1882,1455,1596,2507,737,756,2749,2576,914,2
294,2310,1882,1457,1595,2508,738,755,2675,2575,913,2
295,2310,1883,1456,1596,2507,737,756,2706,2576,914,2
296,2310,1880,1456,1595,2507,737,756,2806,2574,914,2
297,2310,1882,1455,1595,2508,737,754,2867,2574,914,2
298,2307,1880,1455,1595,2506,737,754,2887,2574,913,2
299,2307,1883,1454,1595,2506,737,754,2822,2574,914,2
300,2309,1880,1456,1594,2507,737,754,2712,2572,914,2
301,2307,1880,1455,1593,2506,738,754,2675,2574,914,2
302,2305,1880,1454,1594,2507,737,754,2739,2574,914,2
303,2309,1880,1455,1593,2506,737,754,2834,2574,914,2
304,2307,1883,1455,1591,2507,736,753,2883,2571,912,2
305,2308,1882,1455,1592,2507,737,753,2882,2572,913,2
306,2306,1879,1454,1592,2507,737,754,2771,2572,913,2
307,2305,1883,1454,1590,2506,737,752,2681,2572,912,2
308,2307,1880,1453,1592,2507,736,751,2692,2571,912,2
309,2310,1878,1454,1590,2506,736,751,2780,2572,913,2
310,2310,1883,1455,1591,2506,734,751,2855,2571,912,2
311,2302,1881,1452,1590,2506,737,750,2886,2570,912,2
312,2307,1880,1451,1588,2505,738,751,2844,2570,911,2
313,2304,1879,1453,1587,2506,738,751,2730,2571,912,2
314,2305,1878,1453,1589,2506,738,751,2671,2569,911,2
315,2307,1880,1453,1589,2504,736,752,2718,2570,911,2
316,2302,1880,1451,1589,2506,736,750,2816,2569,910,2
317,2306,1879,1453,1590,2505,738,751,2873,2569,911,2
318,2304,1882,1454,1588,2504,736,751,2883,2569,910,2
319,2304,1882,1454,1586,2505,736,749,2798,2568,911,2
320,2304,1882,1453,1586,2504,736,750,2696,2569,909,2
321,2301,1882,1452,1587,2504,734,750,2678,2568,910,3
322,2285,1874,1448,1582,2499,739,748,2758,2567,912,3
323,2287,1874,1450,1584,2500,734,747,2845,2568,910,3
324,2307,1873,1448,1587,2499,734,747,2880,2568,909,3
325,2292,1862,1448,1590,2499,734,749,2870,2568,909,3
326,2293,1890,1448,1597,2498,732,750,2754,2568,908,3
327,2301,1872,1449,1603,2499,732,752,2675,2569,910,3
328,2288,1874,1448,1610,2500,734,751,2704,2567,911,3
329,2302,1872,1448,1615,2499,732,753,2796,2568,910,3
330,2310,1874,1449,1622,2499,732,754,2864,2568,912,3
331,2289,1875,1449,1629,2499,734,756,2895,2568,911,3
332,2300,1876,1450,1636,2502,733,758,2836,2567,912,3
333,2294,1859,1448,1646,2504,733,770,2734,2574,913,3
334,2314,1874,1451,1654,2500,733,767,2694,2570,913,3
335,2289,1873,1450,1664,2498,734,768,2745,2570,914,3
336,2293,1870,1450,1674,2502,733,773,2836,2570,914,3
337,2304,1875,1450,1684,2502,733,774,2884,2571,914,3
338,2298,1861,1450,1690,2502,734,775,2894,2571,913,3
339,2299,1870,1450,1696,2501,733,779,2805,2571,914,3
340,2295,1882,1450,1702,2500,728,780,2718,2571,913,3
341,2299,1874,1449,1705,2500,732,784,2712,2571,914,3
342,2302,1883,1450,1706,2502,732,786,2785,2571,914,3
343,2296,1872,1451,1707,2501,736,788,2866,2575,913,3
344,2299,1877,1450,1706,2501,734,789,2895,2571,915,3
345,2306,1874,1450,1708,2501,733,791,2883,2573,914,3
346,2290,1877,1451,1708,2500,732,792,2779,2574,914,3
347,2299,1871,1450,1704,2501,734,793,2714,2574,914,3
348,2296,1871,1451,1704,2500,734,803,2738,2574,915,3
349,2308,1874,1451,1702,2499,733,795,2827,2574,915,3
350,2338,1877,1452,1698,2498,734,797,2887,2573,915,3
351,2290,1875,1451,1697,2500,733,796,2902,2578,916,3
352,2299,1876,1453,1694,2501,732,798,2843,2575,917,3
353,2298,1882,1451,1692,2500,732,800,2746,2574,915,3
354,2326,1874,1451,1689,2500,734,799,2714,2575,915,3
355,2308,1875,1452,1687,2500,733,801,2763,2576,916,3
356,2330,1875,1451,1683,2500,733,801,2852,2574,915,3
357,2298,1886,1450,1680,2502,733,802,2900,2574,915,3
358,2304,1874,1451,1678,2500,734,802,2893,2575,916,3
359,2302,1866,1451,1678,2499,733,801,2804,2576,915,3
360,2297,1868,1451,1674,2500,732,803,2723,2575,916,3
361,2287,1871,1450,1674,2500,733,811,2727,2576,916,3
362,2298,1873,1451,1670,2500,733,804,2803,2576,915,3
363,2299,1878,1451,1670,2502,734,805,2867,2576,917,3
364,2302,1875,1451,1667,2499,734,805,2898,2577,915,3
365,2299,1880,1451,1665,2499,732,805,2880,2576,916,3
366,2297,1870,1450,1666,2499,733,808,2774,2577,916,3
367,2304,1849,1451,1664,2499,733,808,2712,2578,917,3
368,2300,1896,1451,1661,2499,734,807,2747,2578,917,3
369,2298,1873,1450,1662,2500,734,808,2835,2577,918,3
370,2302,1883,1450,1662,2499,733,810,2890,2578,918,3
371,2301,1871,1451,1664,2500,732,812,2895,2578,918,3
372,2304,1872,1449,1662,2500,734,812,2841,2579,919,3
373,2297,1882,1452,1659,2499,734,812,2749,2580,917,3
374,2298,1875,1452,1659,2499,734,815,2717,2580,918,3
375,2301,1866,1451,1660,2499,734,817,2779,2579,917,3
376,2310,1870,1451,1662,2498,733,818,2862,2580,920,3
377,2302,1876,1451,1661,2502,733,818,2903,2579,918,3
378,2307,1874,1450,1664,2499,734,820,2898,2580,918,3
379,2302,1872,1451,1661,2498,734,819,2810,2582,918,3
380,2309,1871,1451,1664,2498,734,818,2731,2580,918,3
381,2306,1871,1451,1664,2498,732,824,2741,2581,919,3
382,2295,1874,1450,1666,2499,733,823,2816,2580,918,3
383,2296,1874,1450,1664,2498,734,823,2877,2582,918,3
384,2283,1870,1449,1664,2498,733,826,2902,2581,919,3
385,2300,1871,1451,1666,2498,736,826,2875,2582,918,3
386,2318,1874,1450,1666,2498,733,826,2778,2581,918,3
387,2297,1874,1451,1666,2498,733,827,2722,2584,918,3
388,2298,1872,1450,1665,2498,733,828,2765,2582,918,3
389,2296,1869,1448,1666,2498,733,829,2841,2582,920,3
390,2297,1875,1450,1666,2499,732,828,2899,2582,919,3
391,2286,1872,1450,1667,2506,731,830,2907,2582,918,3
392,2304,1876,1450,1666,2499,733,829,2840,2582,918,3
393,2299,1876,1449,1666,2499,725,833,2745,2583,920,3
394,2298,1886,1450,1667,2499,733,833,2732,2584,918,3
395,2290,1873,1449,1667,2498,732,834,2792,2584,919,3
396,2314,1873,1450,1666,2498,731,834,2870,2582,919,3
397,2301,1894,1450,1661,2498,733,835,2908,2583,918,3
398,2307,1871,1450,1665,2498,734,837,2897,2583,920,3
399,2301,1865,1449,1666,2498,733,835,2800,2583,919,3
400,2290,1871,1450,1666,2498,733,836,2733,2584,919,3
401,2302,1882,1449,1666,2499,732,838,2746,2585,919,3
402,2299,1873,1450,1667,2497,732,838,2830,2585,918,3
403,2306,1873,1448,1666,2498,733,838,2890,2585,920,3
404,2295,1874,1449,1666,2497,733,835,2903,2584,921,3
405,2296,1872,1450,1666,2497,733,833,2863,2584,920,3
406,2299,1862,1449,1665,2496,732,839,2770,2585,919,3
407,2295,1876,1448,1672,2498,734,841,2726,2583,918,3
408,2299,1875,1449,1664,2498,734,837,2768,2585,918,3
409,2295,1851,1449,1666,2498,725,842,2850,2584,919,3
410,2294,1875,1449,1664,2496,732,841,2902,2584,917,3
411,2296,1875,1448,1664,2496,732,840,2904,2585,917,3
412,2272,1870,1448,1665,2497,732,842,2832,2586,919,3
413,2298,1888,1449,1664,2496,732,839,2745,2585,918,3
414,2298,1894,1449,1665,2497,742,839,2736,2586,918,3
415,2316,1869,1442,1665,2497,732,842,2799,2584,919,3
416,2292,1872,1450,1665,2496,732,843,2872,2585,919,3
417,2298,1873,1448,1665,2497,733,843,2905,2586,919,3
418,2296,1880,1448,1664,2497,733,843,2890,2584,918,3
419,2298,1868,1448,1664,2496,732,840,2796,2586,918,3
420,2294,1862,1450,1661,2496,732,842,2732,2585,918,3
421,2294,1872,1448,1662,2496,732,835,2746,2585,919,3
422,2298,1865,1450,1664,2497,732,841,2836,2586,918,3
423,2296,1864,1446,1661,2496,734,843,2890,2586,918,3
424,2294,1871,1447,1659,2496,734,845,2904,2584,920,3
425,2295,1870,1448,1660,2494,733,842,2859,2586,920,3
426,2293,1866,1448,1660,2496,733,842,2764,2585,918,3
427,2299,1874,1447,1659,2498,733,843,2730,2586,918,3
428,2294,1864,1447,1660,2493,733,846,2775,2586,919,3
429,2286,1870,1448,1658,2497,734,844,2864,2586,918,3
430,2336,1873,1449,1659,2494,732,845,2902,2585,919,3
431,2295,1877,1448,1659,2493,733,847,2904,2586,919,3
432,2310,1871,1442,1660,2502,731,846,2819,2587,920,3
433,2298,1871,1448,1660,2496,734,847,2742,2587,920,3
434,2318,1870,1446,1659,2493,734,845,2738,2587,919,3
435,2301,1875,1448,1659,2494,732,845,2816,2587,919,3
436,2294,1870,1448,1664,2494,734,846,2875,2587,919,3
437,2297,1884,1447,1661,2494,732,847,2910,2587,921,3
438,2291,1872,1447,1662,2494,734,850,2885,2587,926,3
439,2302,1871,1449,1664,2493,733,850,2794,2588,920,3
440,2297,1872,1448,1664,2493,731,852,2738,2587,921,3
441,2292,1867,1448,1666,2494,732,852,2760,2588,921,3
442,2298,1870,1446,1666,2496,733,854,2846,2587,922,3
443,2299,1872,1448,1667,2494,734,854,2901,2589,923,3
444,2298,1862,1448,1670,2493,731,854,2907,2590,921,3
445,2304,1870,1448,1671,2502,732,858,2855,2589,921,3
446,2297,1866,1447,1672,2494,731,859,2774,2590,924,3
447,2295,1872,1446,1672,2496,733,859,2740,2590,924,3
448,2294,1859,1446,1676,2493,733,864,2789,2590,923,3
449,2298,1868,1448,1676,2493,733,867,2872,2592,923,3
450,2299,1876,1447,1679,2492,733,864,2914,2593,923,3
451,2298,1875,1446,1680,2492,733,866,2907,2593,925,3
452,2294,1862,1446,1683,2493,730,869,2830,2593,925,3
453,2289,1867,1446,1684,2492,733,872,2754,2593,924,3
454,2298,1860,1446,1687,2493,733,871,2760,2594,926,3
455,2298,1875,1446,1688,2493,732,875,2828,2594,927,3
456,2295,1870,1446,1690,2492,732,876,2889,2595,928,3
457,2295,1870,1446,1691,2496,733,878,2915,2594,928,3
458,2294,1874,1448,1694,2491,734,879,2890,2596,926,3
459,2323,1871,1447,1698,2494,732,883,2805,2595,929,3
460,2295,1865,1446,1698,2492,732,884,2756,2595,928,3
461,2298,1894,1446,1702,2492,734,886,2786,2597,928,3
462,2294,1892,1447,1702,2493,733,886,2862,2598,928,3
463,2293,1880,1447,1707,2493,732,890,2912,2597,930,3
464,2298,1869,1445,1706,2493,732,894,2923,2597,931,3
465,2302,1871,1448,1710,2492,732,894,2870,2598,931,3
466,2294,1871,1446,1712,2492,731,898,2787,2600,930,3
467,2288,1869,1446,1714,2494,731,898,2767,2599,932,3
468,2278,1870,1455,1714,2491,732,901,2816,2601,931,3
469,2294,1871,1448,1716,2494,732,901,2880,2600,932,3
470,2287,1868,1447,1719,2492,731,904,2924,2601,934,3
471,2294,1872,1447,1721,2493,731,902,2914,2602,934,3
472,2294,1872,1446,1723,2492,732,907,2841,2603,934,3
473,2285,1871,1448,1724,2492,734,908,2775,2602,932,3
474,2293,1874,1448,1728,2491,734,911,2775,2604,934,3
475,2280,1870,1454,1728,2492,732,912,2851,2603,934,3
476,2290,1870,1448,1731,2491,731,916,2908,2602,936,3
477,2302,1874,1448,1732,2493,734,914,2931,2603,934,3
478,2297,1880,1448,1734,2492,741,914,2902,2604,934,3
479,2297,1875,1448,1736,2492,736,917,2822,2604,936,3
480,2294,1864,1447,1738,2491,734,917,2775,2604,936,3
481,2296,1866,1447,1737,2492,732,921,2803,2605,936,3
482,2299,1869,1448,1739,2496,732,921,2867,2606,937,3
483,2293,1864,1446,1742,2493,732,924,2919,2606,938,3
484,2290,1866,1448,1742,2491,732,922,2925,2604,936,3
485,2293,1870,1448,1742,2491,734,927,2872,2606,937,3
486,2297,1871,1446,1746,2491,733,927,2803,2606,937,3
487,2300,1869,1448,1745,2493,733,929,2779,2607,937,3
488,2297,1868,1447,1747,2491,733,936,2831,2607,938,3
489,2294,1870,1447,1748,2492,734,930,2897,2608,936,3
490,2288,1866,1447,1750,2491,730,934,2928,2608,938,3
491,2290,1868,1447,1751,2491,732,934,2920,2608,938,3
492,2296,1870,1446,1752,2493,732,934,2845,2610,941,3
493,2297,1871,1446,1752,2492,733,936,2782,2609,940,3
494,2297,1880,1447,1754,2491,734,934,2789,2610,938,3
495,2305,1870,1436,1754,2491,733,938,2854,2609,940,3
496,2288,1868,1447,1755,2491,734,939,2913,2610,940,3
497,2294,1872,1446,1755,2491,733,940,2931,2610,940,3
498,2296,1874,1448,1754,2490,732,941,2905,2610,939,3
499,2295,1864,1448,1758,2491,732,946,2828,2611,939,3
500,2290,1866,1448,1758,2491,731,945,2777,2611,942,3
501,2294,1862,1448,1760,2490,732,942,2810,2611,940,3
502,2267,1867,1447,1759,2493,731,944,2886,2611,941,3
503,2291,1870,1447,1762,2492,733,946,2935,2611,942,3
504,2318,1868,1448,1763,2491,734,945,2934,2612,941,3
505,2295,1870,1446,1764,2491,732,945,2872,2611,948,3
506,2275,1867,1448,1764,2490,732,946,2799,2612,942,3
507,2292,1869,1446,1765,2494,731,948,2792,2611,942,3
508,2291,1863,1447,1767,2491,731,948,2836,2611,944,3
509,2294,1870,1447,1766,2491,732,949,2908,2614,943,3
510,2291,1863,1446,1768,2492,731,948,2938,2613,944,3
511,2308,1866,1436,1768,2491,732,950,2923,2613,943,3
512,2294,1868,1447,1767,2492,731,951,2848,2613,944,3
513,2296,1865,1447,1770,2491,733,955,2789,2613,943,3
514,2307,1868,1438,1770,2490,732,951,2794,2614,944,3
515,2293,1869,1446,1770,2490,734,953,2874,2614,945,3
516,2298,1871,1448,1771,2490,732,954,2925,2614,944,3
517,2331,1870,1449,1771,2492,733,952,2938,2616,944,3
518,2287,1866,1447,1771,2491,733,956,2908,2616,946,3
519,2298,1873,1448,1773,2491,740,952,2828,2615,943,3
520,2292,1862,1448,1774,2491,732,957,2782,2616,945,3
521,2294,1868,1448,1774,2491,732,958,2814,2616,946,3
522,2294,1866,1448,1776,2491,733,955,2894,2616,946,3
523,2294,1874,1448,1775,2491,734,957,2932,2617,943,3
524,2302,1869,1448,1774,2491,734,956,2939,2617,943,3
525,2314,1868,1448,1778,2490,733,960,2870,2618,944,3
526,2295,1874,1448,1776,2490,732,960,2798,2618,946,3
527,2295,1860,1448,1778,2491,731,963,2794,2618,945,3
528,2294,1876,1448,1778,2490,734,958,2842,2618,946,3
529,2266,1866,1446,1778,2491,734,958,2910,2618,945,3
530,2318,1870,1447,1778,2490,732,962,2938,2617,945,3
531,2293,1870,1448,1779,2491,732,962,2922,2618,947,3
532,2296,1865,1449,1780,2492,733,961,2850,2619,943,3
533,2296,1872,1447,1779,2490,734,962,2784,2619,946,3
534,2298,1875,1448,1779,2490,732,961,2801,2618,946,3
535,2291,1860,1447,1781,2490,733,964,2867,2619,947,3
536,2276,1866,1446,1782,2491,732,963,2928,2619,946,3
537,2333,1871,1448,1781,2491,731,964,2938,2619,946,3
538,2302,1868,1448,1782,2491,734,963,2904,2620,946,3
539,2298,1867,1448,1784,2490,732,963,2821,2619,947,3
540,2282,1866,1447,1783,2491,732,964,2790,2619,948,3
541,2294,1867,1446,1785,2490,732,964,2827,2619,947,3
542,2296,1871,1447,1783,2494,733,966,2894,2618,948,3
543,2299,1868,1447,1784,2496,734,964,2931,2619,948,3
544,2296,1872,1448,1783,2491,733,966,2936,2620,950,3
545,2294,1867,1448,1786,2490,734,965,2880,2621,947,3
546,2296,1862,1448,1787,2490,733,967,2799,2621,949,3
547,2296,1865,1449,1785,2491,733,964,2797,2620,947,3
548,2295,1870,1446,1785,2491,732,967,2856,2621,950,3
549,2298,1867,1448,1786,2491,732,971,2914,2621,948,3
550,2296,1874,1446,1786,2490,734,968,2941,2621,948,3
551,2293,1882,1448,1788,2490,733,970,2927,2621,948,3
552,2293,1869,1447,1787,2490,732,970,2842,2624,949,3
553,2302,1870,1438,1786,2490,734,970,2786,2621,948,3
554,2294,1869,1448,1787,2490,734,968,2805,2621,950,3
555,2310,1866,1449,1787,2491,732,969,2870,2624,950,3
556,2289,1870,1448,1789,2490,732,968,2934,2621,949,3
557,2318,1865,1448,1787,2491,731,968,2939,2622,948,3
558,2299,1874,1448,1790,2489,733,968,2902,2624,948,3
559,2287,1866,1448,1790,2490,733,971,2822,2624,949,3
560,2295,1874,1446,1792,2491,732,971,2789,2624,950,3
561,2293,1864,1447,1793,2490,734,970,2827,2624,949,3
562,2293,1866,1446,1792,2491,733,968,2902,2624,950,3
563,2284,1865,1447,1794,2490,733,972,2939,2625,950,3
564,2292,1865,1448,1790,2489,733,970,2936,2624,950,3
565,2262,1867,1449,1792,2490,732,971,2877,2625,949,3
566,2310,1866,1447,1794,2491,734,971,2800,2625,951,3
567,2294,1872,1447,1792,2491,733,969,2798,2624,950,3
568,2291,1872,1448,1794,2491,734,973,2853,2625,949,3
569,2295,1864,1447,1795,2491,734,971,2918,2625,949,3
570,2283,1867,1449,1793,2490,732,970,2947,2626,949,3
571,2299,1868,1447,1794,2492,731,971,2921,2625,950,3
572,2298,1866,1447,1794,2491,733,969,2849,2626,950,3
573,2295,1872,1448,1795,2489,734,970,2787,2626,955,3
574,2292,1866,1448,1797,2490,734,973,2809,2626,950,3
575,2278,1865,1448,1796,2490,733,973,2882,2627,951,3
576,2306,1867,1448,1796,2489,732,973,2930,2626,951,3
577,2296,1875,1447,1786,2490,733,973,2946,2626,951,3
578,2292,1868,1448,1798,2489,731,973,2902,2626,952,3
579,2298,1867,1448,1798,2491,732,974,2819,2626,952,3
580,2296,1870,1450,1798,2490,732,973,2791,2627,952,3
581,2288,1866,1448,1798,2490,732,974,2828,2627,951,3
582,2294,1864,1450,1798,2490,731,974,2904,2627,952,3
583,2299,1869,1448,1800,2490,732,974,2941,2631,952,3
584,2291,1866,1448,1799,2490,732,972,2937,2627,952,3
585,2292,1865,1448,1800,2490,732,975,2880,2627,951,3
586,2292,1870,1450,1800,2489,731,972,2808,2626,952,3
587,2291,1867,1448,1796,2491,732,973,2796,2627,952,3
588,2294,1867,1448,1802,2490,732,974,2852,2627,953,3
589,2293,1872,1450,1800,2490,732,975,2920,2627,951,3
590,2292,1867,1448,1800,2489,733,976,2945,2627,951,3
591,2293,1874,1448,1801,2489,731,976,2930,2627,953,3
592,2284,1866,1447,1800,2490,733,974,2850,2627,952,3
593,2291,1858,1447,1799,2490,733,974,2787,2628,953,3
594,2293,1890,1448,1800,2490,734,979,2812,2627,953,3
595,2262,1862,1446,1802,2490,733,974,2880,2628,953,3
596,2287,1867,1448,1802,2490,733,974,2928,2624,952,3
597,2293,1867,1448,1801,2490,733,975,2938,2627,954,3
598,2298,1870,1446,1802,2490,734,975,2902,2629,951,3
599,2291,1856,1449,1803,2490,734,974,2822,2628,951,3
600,2308,1869,1450,1804,2491,733,976,2789,2629,953,3
601,2298,1866,1447,1803,2491,733,975,2832,2629,954,3
602,2294,1866,1448,1802,2490,733,977,2907,2630,953,3
603,2291,1860,1447,1803,2490,731,976,2939,2628,954,3
604,2294,1884,1448,1803,2490,734,980,2947,2629,952,3
605,2299,1866,1447,1803,2490,732,976,2880,2630,954,3
606,2291,1862,1450,1803,2489,734,976,2802,2628,951,3
607,2301,1870,1450,1803,2489,731,977,2798,2630,953,3
608,2295,1860,1449,1806,2490,733,982,2860,2630,953,3
609,2292,1870,1450,1805,2489,733,978,2923,2630,953,3
610,2291,1860,1450,1806,2489,733,979,2944,2630,954,3
611,2290,1865,1448,1806,2488,732,977,2931,2629,953,3
612,2294,1870,1449,1805,2490,731,977,2854,2630,954,3
613,2284,1867,1447,1806,2490,734,978,2796,2630,955,3
614,2281,1865,1449,1806,2489,733,976,2805,2630,955,3
615,2295,1871,1448,1807,2490,732,976,2875,2630,955,3
616,2272,1865,1450,1806,2488,732,978,2936,2630,954,3
617,2290,1871,1448,1806,2490,733,977,2946,2630,956,3
618,2290,1859,1447,1809,2490,734,978,2902,2629,954,3
619,2292,1864,1448,1806,2490,734,978,2830,2631,955,3
620,2296,1874,1447,1807,2490,742,978,2795,2630,954,3
621,2290,1871,1448,1807,2488,733,978,2829,2631,954,3
622,2289,1864,1448,1807,2490,731,977,2902,2630,954,3
623,2312,1866,1449,1807,2490,734,978,2939,2630,954,3
624,2294,1872,1449,1807,2489,732,977,2948,2631,954,3
625,2270,1866,1448,1808,2489,730,978,2884,2632,955,3
626,2286,1860,1448,1809,2488,727,976,2805,2632,954,3
627,2318,1865,1448,1808,2490,734,978,2797,2632,954,3
628,2296,1864,1448,1809,2490,734,977,2852,2632,953,3
629,2298,1868,1448,1808,2490,733,978,2919,2631,954,3
630,2286,1870,1447,1810,2490,733,977,2951,2632,956,3
631,2290,1866,1448,1809,2488,733,980,2929,2632,957,3
632,2301,1866,1449,1809,2490,733,979,2846,2632,955,3
633,2292,1866,1448,1811,2490,734,979,2792,2632,955,3
634,2261,1866,1450,1809,2490,734,978,2810,2632,955,3
635,2285,1864,1450,1811,2484,733,979,2882,2632,955,3
636,2290,1865,1447,1811,2490,734,980,2930,2631,955,3
637,2305,1863,1448,1809,2490,733,979,2946,2631,955,3
638,2294,1867,1448,1810,2488,734,978,2904,2631,956,3
639,2298,1865,1448,1811,2488,734,978,2834,2638,953,3
640,2281,1862,1448,1811,2488,733,980,2795,2632,956,3
641,2292,1859,1448,1811,2489,734,979,2826,2632,956,3
642,2286,1866,1446,1812,2490,733,980,2898,2631,955,3
643,2308,1867,1447,1813,2488,733,978,2938,2631,956,3
644,2293,1878,1449,1811,2489,734,979,2948,2633,955,3
645,2296,1869,1448,1812,2489,732,980,2888,2632,955,3
646,2293,1870,1448,1812,2488,732,982,2809,2633,954,3
647,2291,1847,1448,1814,2490,732,979,2795,2633,954,3
648,2290,1861,1449,1813,2489,734,979,2847,2632,955,3
649,2291,1866,1450,1812,2487,734,978,2910,2633,954,3
650,2291,1864,1450,1814,2489,732,980,2950,2634,951,3
651,2269,1866,1448,1812,2489,734,978,2938,2633,955,3
652,2286,1866,1449,1813,2487,733,981,2859,2634,955,3
653,2290,1866,1448,1814,2488,734,982,2800,2633,955,3
654,2291,1862,1448,1813,2490,735,978,2803,2633,955,3
655,2319,1867,1448,1814,2488,734,981,2875,2633,955,3
656,2289,1866,1448,1813,2489,733,980,2932,2633,955,3
657,2294,1879,1447,1814,2489,733,979,2951,2632,954,3
658,2296,1871,1450,1814,2488,734,979,2918,2634,954,3
659,2292,1866,1448,1814,2486,734,978,2840,2634,955,3
660,2290,1868,1450,1814,2488,732,981,2796,2634,956,3
661,2286,1864,1448,1813,2487,732,980,2824,2633,955,3
662,2330,1868,1447,1815,2489,732,980,2894,2630,955,3
663,2311,1866,1448,1814,2488,733,979,2938,2632,954,3
664,2293,1859,1447,1816,2490,733,978,2949,2633,956,3
665,2290,1879,1448,1815,2489,732,983,2892,2634,956,3
666,2277,1862,1450,1818,2489,733,981,2818,2634,956,3
667,2288,1864,1449,1814,2489,733,981,2800,2634,955,3
668,2288,1866,1449,1815,2486,733,980,2849,2634,954,3
669,2290,1857,1448,1816,2489,733,982,2909,2634,956,3
670,2290,1860,1448,1815,2488,733,982,2945,2634,956,3
671,2296,1866,1448,1816,2491,732,980,2936,2633,956,3
672,2291,1863,1447,1816,2488,732,981,2870,2634,956,3
673,2289,1867,1448,1815,2488,733,981,2796,2634,955,3
674,2292,1869,1447,1815,2488,740,980,2805,2632,955,3
675,2296,1868,1448,1816,2489,733,982,2872,2634,957,3
676,2290,1870,1448,1816,2485,734,982,2930,2635,957,3
677,2289,1867,1450,1817,2486,732,979,2951,2635,957,3
678,2287,1864,1448,1819,2483,732,981,2926,2633,956,3
679,2291,1859,1448,1819,2487,734,980,2841,2635,956,3
680,2285,1857,1448,1815,2487,733,981,2792,2634,956,3
681,2298,1865,1448,1817,2487,734,979,2819,2634,955,3
682,2302,1865,1446,1818,2488,733,981,2887,2635,955,3
683,2301,1868,1444,1814,2488,734,980,2936,2636,955,3
684,2293,1861,1448,1817,2488,734,979,2949,2635,957,3
685,2289,1863,1448,1818,2488,733,983,2901,2634,952,3
686,2292,1866,1447,1817,2488,733,982,2824,2634,957,3
687,2296,1866,1447,1817,2490,735,982,2798,2634,956,3
688,2293,1867,1447,1817,2488,734,981,2840,2635,956,3
689,2290,1867,1447,1818,2484,734,983,2912,2635,957,3
690,2290,1863,1448,1818,2488,733,981,2948,2635,957,3
691,2291,1850,1447,1819,2488,732,984,2939,2636,960,3
692,2325,1866,1449,1818,2488,733,982,2872,2635,958,3
693,2287,1866,1447,1818,2488,733,984,2802,2634,957,3
694,2290,1863,1448,1817,2488,736,982,2799,2636,957,3
695,2289,1864,1450,1819,2488,733,984,2862,2635,957,3
696,2298,1866,1446,1818,2489,733,982,2918,2636,956,3
697,2296,1867,1448,1818,2488,733,982,2948,2634,956,3
698,2308,1866,1448,1818,2487,734,981,2927,2636,955,3
699,2288,1863,1448,1818,2488,734,983,2847,2635,957,3
700,2289,1867,1448,1818,2489,733,982,2790,2635,956,3
701,2289,1874,1447,1819,2488,732,985,2816,2634,957,3
702,2291,1859,1448,1818,2489,735,981,2887,2634,956,3
703,2292,1866,1448,1819,2486,736,980,2937,2635,955,3
704,2294,1872,1450,1817,2487,734,981,2950,2636,958,3
705,2289,1872,1448,1819,2488,733,981,2909,2636,956,3
706,2258,1864,1448,1820,2488,733,981,2832,2636,957,3
707,2296,1866,1449,1818,2488,733,981,2795,2635,957,3
708,2296,1870,1448,1819,2487,742,980,2832,2636,956,3
709,2278,1866,1448,1819,2488,733,982,2904,2634,958,3
710,2298,1869,1448,1820,2488,732,982,2946,2638,957,3
711,2286,1868,1447,1819,2488,732,984,2952,2636,958,3
712,2278,1864,1451,1818,2489,733,982,2887,2635,957,3
713,2254,1864,1447,1820,2488,733,982,2812,2635,956,3
714,2287,1868,1448,1819,2487,734,982,2803,2636,956,3
715,2282,1863,1447,1820,2487,732,981,2858,2635,955,3
716,2287,1866,1447,1820,2488,733,984,2914,2636,958,3
717,2287,1865,1450,1820,2488,732,982,2952,2637,956,3
718,2282,1866,1452,1819,2487,734,980,2937,2636,955,3
719,2287,1868,1448,1821,2487,734,982,2865,2637,955,3
720,2290,1866,1447,1821,2489,733,981,2800,2636,957,3
