Count,S1,S2,S3,S4,S5,S6,S7,S8,S9,S10,Flag
1,2779,2306,1875,1942,3019,826,1167,2940,2867,1094,0
2,2784,2300,1875,1945,3019,825,1169,2872,2867,1095,0
3,2776,2300,1875,1945,3018,826,1168,2854,2869,1096,0
4,2777,2298,1875,1945,3018,826,1168,2895,2868,1094,0
5,2776,2296,1874,1944,3018,824,1169,2959,2867,1093,0
6,2771,2293,1873,1944,3018,823,1168,2993,2866,1094,0
7,2776,2299,1874,1944,3017,826,1169,2986,2868,1096,0
8,2776,2312,1874,1944,3016,826,1168,2922,2867,1096,0
9,2774,2320,1874,1943,3018,824,1167,2859,2868,1096,0
10,2776,2301,1874,1944,3018,823,1169,2864,2867,1094,0
11,2778,2306,1874,1943,3017,825,1165,2907,2870,1093,0
12,2766,2299,1880,1944,3018,826,1167,2953,2867,1094,0
13,2773,2296,1872,1944,3018,826,1167,2984,2868,1094,0
14,2778,2299,1873,1945,3016,824,1166,2984,2868,1096,0
15,2776,2302,1874,1944,3017,825,1166,2951,2867,1096,0
16,2774,2312,1872,1946,3016,824,1167,2904,2867,1096,0
17,2790,2299,1871,1944,3017,826,1168,2856,2869,1094,0
18,2774,2299,1874,1945,3016,824,1168,2858,2867,1096,0
19,2770,2297,1872,1944,3016,825,1170,2907,2867,1096,0
20,2787,2299,1873,1945,3016,824,1166,2938,2866,1096,0
21,2772,2299,1872,1944,3016,825,1170,2988,2868,1096,1
22,2772,2291,1874,1946,3016,825,1169,2993,2867,1094,1
23,2772,2304,1873,1945,3015,822,1166,2962,2866,1094,1
24,2771,2289,1873,1945,3018,825,1169,2919,2866,1093,1
25,2774,2300,1872,1945,3016,824,1168,2862,2868,1096,1
26,2770,2297,1872,1946,3016,822,1167,2858,2867,1096,1
27,2774,2302,1872,1944,3016,824,1164,2898,2867,1094,1
28,2786,2299,1871,1947,3016,824,1167,2932,2867,1093,1
29,2772,2297,1870,1946,3016,826,1170,2988,2868,1094,1
30,2771,2298,1870,1946,3016,825,1166,2986,2867,1096,1
31,2774,2300,1870,1947,3018,825,1166,2964,2867,1093,1
32,2773,2300,1870,1947,3017,825,1165,2918,2867,1093,1
33,2772,2306,1870,1947,3016,825,1167,2860,2867,1096,1
34,2769,2301,1870,1947,3016,824,1168,2852,2867,1093,1
35,2772,2296,1871,1947,3014,825,1171,2895,2867,1094,1
36,2794,2296,1869,1950,3014,824,1171,2930,2867,1095,1
37,2770,2300,1870,1950,3015,825,1171,2987,2867,1096,1
38,2771,2310,1870,1950,3014,824,1170,2988,2867,1096,1
39,2771,2293,1870,1951,3014,826,1170,2972,2867,1096,1
40,2770,2297,1870,1952,3014,823,1174,2937,2866,1095,1
41,2771,2302,1870,1954,3014,824,1173,2872,2868,1097,1
42,2778,2295,1864,1958,3013,823,1173,2857,2867,1095,1
43,2790,2297,1870,1959,3014,824,1174,2886,2868,1097,1
44,2774,2298,1870,1963,3013,824,1173,2925,2867,1096,1
45,2776,2304,1870,1961,3013,824,1179,2978,2867,1097,1
46,2770,2288,1869,1964,3014,824,1180,2995,2868,1098,1
47,2771,2290,1869,1967,3014,824,1182,2984,2867,1099,1
48,2770,2294,1870,1970,3014,824,1180,2938,2867,1099,1
49,2773,2291,1869,1970,3013,822,1184,2880,2870,1100,1
50,2769,2299,1870,1974,3014,823,1190,2868,2869,1100,1
51,2769,2302,1871,1974,3012,823,1187,2892,2870,1102,1
52,2769,2296,1869,1978,3014,825,1191,2927,2870,1104,1
53,2770,2295,1868,1978,3014,824,1190,2978,2870,1104,1
54,2773,2302,1870,1979,3013,824,1196,2999,2870,1103,1
55,2769,2299,1868,1984,3014,823,1196,2990,2871,1106,1
56,2769,2293,1870,1987,3013,822,1198,2952,2872,1106,1
57,2769,2294,1869,1989,3012,824,1200,2896,2872,1106,1
58,2771,2298,1870,1992,3014,824,1206,2882,2871,1107,1
59,2770,2298,1870,1994,3012,824,1206,2896,2874,1107,1
60,2768,2294,1870,1998,3011,824,1209,2930,2874,1108,1
61,2770,2296,1869,2000,3014,824,1208,2978,2874,1108,1
62,2768,2296,1870,2002,3012,823,1216,3000,2873,1109,1
63,2769,2298,1869,2003,3014,824,1213,3000,2874,1112,1
64,2768,2294,1870,2010,3013,824,1227,2966,2874,1110,1
65,2769,2296,1867,2009,3014,824,1224,2913,2876,1113,1
66,2768,2296,1870,2011,3012,824,1225,2886,2876,1113,1
67,2770,2280,1867,2016,3011,826,1230,2899,2876,1112,1
68,2766,2310,1868,2019,3012,824,1232,2931,2876,1113,1
69,2770,2300,1868,2020,3013,823,1234,2982,2875,1113,1
70,2770,2288,1870,2023,3013,824,1238,3005,2876,1114,1
71,2765,2293,1870,2024,3011,823,1240,3010,2878,1115,1
72,2774,2298,1868,2028,3012,824,1243,2978,2877,1114,1
73,2773,2297,1869,2028,3011,825,1242,2922,2880,1116,1
74,2790,2295,1870,2032,3011,824,1248,2894,2878,1115,1
75,2776,2298,1868,2033,3011,824,1245,2896,2880,1116,1
76,2762,2297,1868,2034,3014,823,1250,2935,2880,1115,1
77,2766,2296,1868,2037,3011,823,1251,2986,2880,1116,1
78,2771,2296,1869,2039,3012,825,1251,3003,2882,1115,1
79,2770,2298,1869,2040,3011,824,1252,3010,2881,1119,1
80,2768,2296,1868,2042,3011,823,1250,2990,2881,1120,1
81,2771,2289,1867,2042,3013,825,1258,2938,2883,1120,1
82,2768,2310,1870,2043,3011,822,1262,2902,2883,1122,1
83,2773,2299,1867,2043,3011,824,1258,2898,2882,1121,1
84,2765,2292,1870,2045,3012,823,1262,2932,2882,1122,1
85,2762,2295,1868,2048,3014,824,1264,2988,2882,1120,1
86,2734,2294,1868,2049,3014,823,1263,3009,2883,1122,1
87,2764,2295,1868,2050,3011,824,1265,3019,2883,1122,1
88,2770,2294,1870,2052,3014,823,1267,2996,2883,1122,1
89,2771,2296,1869,2051,3014,824,1264,2944,2884,1124,1
90,2766,2295,1868,2054,3014,824,1263,2909,2886,1123,1
91,2766,2290,1867,2058,3014,824,1271,2908,2885,1123,1
92,2755,2295,1867,2054,3014,822,1270,2930,2885,1126,1
93,2770,2297,1868,2056,3014,825,1270,2978,2885,1124,1
94,2763,2293,1869,2057,3013,824,1273,3011,2885,1125,1
95,2784,2296,1869,2058,3014,824,1272,3017,2885,1124,1
96,2755,2296,1870,2058,3014,824,1273,3009,2886,1123,1
97,2767,2297,1869,2057,3012,822,1274,2952,2886,1124,1
98,2766,2290,1870,2058,3013,822,1272,2914,2885,1124,1
99,2767,2291,1867,2058,3012,825,1273,2902,2886,1124,1
100,2771,2299,1868,2059,3014,824,1274,2920,2886,1122,1
101,2737,2295,1870,2059,3014,825,1274,2979,2886,1125,1
102,2779,2293,1861,2062,3012,824,1274,3001,2886,1123,1
103,2767,2294,1870,2059,3013,824,1274,3015,2886,1124,1
104,2770,2296,1869,2058,3012,823,1275,3012,2886,1124,1
105,2766,2298,1870,2060,3012,824,1275,2958,2885,1124,1
106,2768,2318,1870,2061,3011,823,1275,2918,2884,1122,1
107,2769,2299,1870,2059,3011,822,1273,2902,2886,1122,1
108,2766,2295,1869,2058,3012,824,1270,2921,2886,1119,1
109,2785,2298,1869,2056,3011,824,1269,2969,2886,1121,1
110,2757,2293,1869,2054,3012,823,1268,3001,2886,1119,1
111,2768,2298,1869,2055,3011,824,1267,3019,2885,1119,1
112,2766,2290,1869,2054,3012,824,1264,3009,2886,1118,1
113,2768,2290,1870,2054,3012,824,1262,2953,2886,1117,1
114,2765,2282,1868,2050,3012,825,1262,2918,2884,1117,1
115,2766,2294,1869,2048,3011,824,1258,2895,2885,1116,1
116,2769,2294,1867,2043,3010,824,1256,2901,2885,1116,1
117,2758,2296,1871,2041,3010,822,1254,2962,2884,1117,1
118,2768,2293,1867,2039,3009,824,1251,2990,2883,1115,1
119,2768,2291,1868,2036,3009,823,1248,3011,2883,1115,1
120,2766,2296,1869,2031,3009,823,1238,3009,2883,1113,1
121,2767,2282,1869,2028,3009,822,1240,2955,2883,1113,2
122,2772,2298,1872,2032,3013,826,1238,2910,2883,1114,2
123,2774,2300,1872,2026,3013,825,1237,2882,2882,1113,2
124,2772,2296,1872,2023,3011,825,1234,2891,2882,1113,2
125,2776,2304,1872,2015,3011,824,1229,2946,2881,1111,2
126,2772,2298,1872,2011,3011,824,1227,2979,2881,1111,2
127,2774,2306,1871,2005,3012,825,1222,3005,2880,1109,2
128,2773,2298,1872,2002,3011,825,1216,3001,2880,1110,2
129,2774,2300,1871,1997,3012,826,1210,2950,2880,1110,2
130,2771,2302,1870,1994,3011,826,1206,2900,2878,1108,2
131,2770,2298,1870,1987,3011,826,1201,2863,2877,1108,2
132,2771,2299,1869,1984,3011,826,1195,2868,2877,1107,2
133,2771,2300,1870,1979,3011,824,1194,2932,2876,1106,2
134,2770,2298,1870,1975,3011,826,1191,2968,2875,1103,2
135,2773,2298,1872,1972,3010,824,1185,2995,2875,1105,2
136,2771,2299,1870,1968,3011,824,1178,2995,2874,1103,2
137,2771,2299,1870,1963,3011,825,1175,2938,2874,1102,2
138,2771,2298,1870,1960,3010,824,1168,2887,2874,1102,2
139,2771,2300,1870,1957,3011,824,1162,2841,2872,1102,2
140,2769,2297,1870,1954,3010,825,1160,2850,2872,1102,2
141,2771,2299,1871,1950,3010,826,1156,2915,2872,1101,2
142,2770,2298,1869,1946,3009,825,1148,2953,2870,1099,2
143,2771,2296,1868,1942,3010,826,1146,2989,2870,1098,2
144,2770,2299,1868,1939,3008,825,1140,2984,2870,1097,2
145,2770,2296,1870,1935,3011,825,1136,2930,2869,1098,2
146,2770,2298,1869,1934,3009,824,1131,2873,2867,1096,2
147,2771,2297,1869,1930,3010,825,1126,2824,2867,1096,2
148,2770,2299,1868,1926,3009,824,1123,2834,2867,1095,2
149,2770,2298,1867,1924,3010,825,1115,2899,2865,1094,2
150,2774,2296,1867,1918,3009,825,1114,2939,2866,1094,2
151,2769,2300,1867,1913,3010,824,1109,2978,2866,1093,2
152,2772,2299,1866,1910,3008,826,1103,2973,2865,1092,2
153,2769,2298,1867,1908,3010,824,1099,2922,2863,1092,2
154,2774,2298,1866,1905,3008,824,1097,2863,2863,1090,2
155,2768,2296,1867,1902,3010,824,1096,2809,2863,1091,2
156,2771,2296,1866,1899,3005,824,1089,2816,2862,1090,2
157,2767,2295,1867,1895,3008,826,1085,2883,2862,1090,2
158,2774,2295,1865,1892,3006,825,1083,2929,2860,1088,2
159,2768,2297,1866,1890,3010,824,1078,2968,2860,1088,2
160,2771,2298,1865,1887,3008,826,1074,2970,2861,1084,2
161,2768,2299,1866,1884,3008,825,1070,2922,2859,1084,2
162,2771,2296,1865,1882,3006,824,1067,2858,2858,1084,2
163,2768,2294,1866,1879,3005,824,1066,2796,2857,1083,2
164,2771,2294,1865,1875,3005,823,1062,2802,2858,1083,2
165,2767,2295,1866,1874,3008,825,1060,2866,2856,1082,2
166,2771,2295,1864,1870,3006,824,1054,2914,2855,1082,2
167,2767,2297,1865,1868,3008,825,1051,2959,2856,1081,2
168,2771,2295,1864,1865,3006,824,1048,2962,2855,1081,2
169,2767,2296,1865,1862,3002,824,1045,2922,2854,1081,2
170,2768,2292,1864,1861,3004,823,1044,2858,2854,1080,2
171,2771,2297,1864,1858,3006,822,1040,2791,2854,1080,2
172,2768,2294,1864,1856,3005,824,1035,2789,2851,1078,2
173,2771,2295,1864,1851,3004,823,1033,2850,2851,1078,2
174,2768,2295,1863,1849,3005,823,1032,2899,2851,1078,2
175,2770,2293,1863,1849,3004,825,1031,2950,2851,1076,2
176,2768,2292,1863,1846,3003,823,1028,2956,2850,1076,2
177,2768,2296,1864,1842,3002,823,1027,2923,2848,1075,2
178,2768,2294,1862,1840,3005,823,1020,2866,2848,1076,2
179,2770,2293,1862,1839,3003,824,1018,2790,2850,1074,2
180,2768,2294,1862,1837,3003,824,1017,2788,2849,1075,2
181,2770,2295,1861,1834,3002,822,1014,2843,2848,1074,2
182,2768,2291,1862,1833,3003,821,1014,2896,2846,1074,2
183,2770,2296,1861,1830,3002,823,1012,2950,2846,1074,2
184,2768,2294,1861,1830,3003,823,1006,2957,2845,1074,2
185,2770,2294,1861,1825,3002,824,1007,2931,2844,1073,2
186,2767,2294,1860,1826,3004,823,1006,2867,2843,1073,2
187,2768,2294,1860,1824,3003,825,1002,2787,2843,1070,2
188,2766,2295,1861,1823,3002,824,1003,2776,2843,1070,2
189,2768,2294,1861,1820,3002,823,999,2832,2842,1069,2
190,2763,2291,1861,1817,3003,823,997,2886,2842,1069,2
191,2764,2294,1858,1816,3003,823,996,2942,2842,1070,2
192,2764,2293,1860,1814,3003,823,994,2953,2841,1068,2
193,2764,2296,1859,1812,3002,824,994,2931,2839,1070,2
194,2764,2291,1860,1811,3002,823,990,2867,2840,1067,2
195,2765,2292,1859,1809,3002,822,989,2786,2840,1067,2
196,2763,2290,1860,1809,3001,823,987,2770,2840,1067,2
197,2764,2294,1859,1807,3002,823,984,2820,2838,1066,2
198,2763,2290,1859,1806,3002,824,984,2874,2838,1066,2
199,2764,2293,1857,1803,3002,824,982,2934,2838,1064,2
200,2764,2290,1858,1803,3001,822,981,2946,2837,1064,2
201,2765,2292,1859,1800,3000,823,979,2935,2835,1063,2
202,2764,2289,1858,1800,3001,823,978,2870,2836,1065,2
203,2766,2291,1858,1798,3002,824,976,2786,2835,1064,2
204,2763,2289,1857,1798,3002,824,975,2763,2835,1064,2
205,2766,2291,1858,1796,3002,824,974,2806,2834,1062,2
206,2763,2290,1857,1795,3000,824,971,2864,2834,1064,2
207,2766,2291,1857,1794,3002,823,970,2923,2834,1062,2
208,2763,2288,1857,1792,3002,824,970,2944,2834,1062,2
209,2765,2291,1857,1792,3001,823,968,2934,2834,1062,2
210,2762,2292,1856,1786,3000,824,968,2874,2833,1062,2
211,2762,2290,1856,1786,3002,825,966,2786,2832,1062,2
212,2760,2288,1856,1784,3000,822,965,2761,2832,1062,2
213,2762,2294,1853,1782,3001,823,964,2794,2830,1060,2
214,2761,2288,1856,1782,3000,822,964,2854,2832,1060,2
215,2762,2288,1856,1781,3000,823,962,2917,2830,1059,2
216,2760,2287,1854,1781,3000,822,960,2940,2830,1059,2
217,2762,2291,1852,1779,2999,821,960,2938,2830,1058,2
218,2760,2288,1853,1778,2999,821,956,2886,2830,1059,2
219,2762,2286,1854,1777,3000,822,955,2792,2829,1060,2
220,2760,2286,1853,1776,2999,821,956,2758,2829,1058,2
221,2760,2290,1852,1775,2999,822,952,2787,2827,1058,2
222,2760,2287,1852,1774,2998,821,950,2841,2827,1058,2
223,2760,2291,1851,1772,2999,821,952,2913,2827,1056,2
224,2760,2285,1851,1771,2998,822,949,2937,2827,1058,2
225,2760,2287,1852,1771,2997,822,948,2939,2826,1057,2
226,2758,2287,1853,1768,2998,823,949,2893,2826,1057,2
227,2760,2289,1851,1770,2998,822,947,2797,2826,1056,2
228,2759,2288,1852,1768,2998,821,946,2757,2826,1056,2
229,2759,2290,1851,1768,2999,821,946,2779,2825,1056,2
230,2761,2288,1851,1765,2998,822,944,2831,2825,1056,2
231,2757,2288,1851,1765,2998,821,944,2904,2824,1054,2
232,2762,2287,1851,1764,2998,822,941,2932,2824,1053,2
233,2757,2286,1851,1763,2995,823,942,2938,2824,1053,2
234,2761,2286,1852,1763,2997,820,942,2898,2823,1054,2
235,2756,2286,1851,1762,2998,822,942,2802,2822,1054,2
236,2760,2287,1850,1759,2996,824,939,2757,2822,1052,2
237,2757,2290,1850,1761,2995,822,939,2771,2824,1052,2
238,2760,2286,1850,1761,2997,822,940,2820,2822,1052,2
239,2757,2287,1850,1757,2995,822,938,2899,2821,1053,2
240,2757,2283,1849,1757,2996,822,939,2927,2820,1053,2
241,2758,2288,1849,1758,2997,821,938,2936,2819,1052,2
242,2757,2283,1848,1755,2996,822,937,2906,2820,1051,2
243,2759,2286,1848,1754,2998,822,934,2806,2819,1050,2
244,2756,2282,1848,1754,2995,822,934,2758,2820,1052,2
245,2758,2287,1848,1754,2995,821,934,2766,2819,1050,2
246,2756,2282,1848,1752,2995,822,933,2808,2819,1052,2
247,2758,2288,1847,1750,2995,821,934,2894,2818,1050,2
248,2758,2284,1848,1752,2995,820,932,2922,2818,1051,2
249,2758,2284,1848,1750,2995,821,934,2936,2818,1050,2
250,2753,2284,1847,1750,2994,821,931,2912,2817,1050,2
251,2755,2285,1848,1749,2994,822,930,2811,2817,1047,2
252,2753,2283,1847,1749,2994,822,930,2761,2818,1050,2
253,2755,2283,1846,1746,2995,821,930,2762,2816,1050,2
254,2753,2286,1847,1746,2993,821,930,2799,2816,1048,2
255,2754,2285,1846,1747,2994,819,930,2886,2814,1048,2
256,2753,2283,1848,1746,2994,821,925,2916,2816,1048,2
257,2754,2284,1846,1746,2995,821,928,2935,2812,1046,2
258,2753,2282,1847,1743,2992,821,927,2915,2816,1048,2
259,2754,2282,1845,1744,2994,821,924,2821,2812,1048,2
260,2753,2285,1846,1743,2993,821,926,2766,2813,1048,2
261,2754,2283,1844,1742,2994,821,924,2755,2812,1048,2
262,2752,2283,1846,1742,2992,821,926,2790,2814,1048,2
263,2752,2282,1843,1740,2994,821,924,2875,2811,1046,2
264,2753,2282,1846,1741,2992,821,924,2911,2812,1048,2
265,2752,2282,1843,1739,2994,820,922,2934,2811,1047,2
266,2751,2283,1845,1739,2992,820,922,2921,2811,1048,2
267,2752,2281,1844,1740,2994,821,922,2829,2811,1046,2
268,2749,2280,1843,1739,2994,821,921,2771,2810,1046,2
269,2752,2282,1844,1738,2992,821,920,2750,2811,1045,2
270,2754,2280,1844,1736,2992,822,921,2782,2811,1045,2
271,2750,2282,1844,1737,2992,821,920,2868,2810,1046,2
272,2754,2281,1845,1736,2991,819,919,2907,2811,1045,2
273,2750,2281,1843,1735,2992,821,918,2935,2810,1046,2
274,2754,2283,1844,1734,2991,820,918,2925,2810,1045,2
275,2747,2282,1842,1735,2991,819,918,2836,2808,1044,2
276,2754,2280,1842,1734,2990,821,918,2776,2810,1044,2
277,2747,2283,1842,1734,2992,819,918,2746,2808,1043,2
278,2754,2282,1843,1731,2991,821,917,2776,2809,1043,2
279,2747,2280,1842,1734,2991,820,918,2862,2808,1044,2
280,2747,2280,1842,1733,2992,821,918,2901,2807,1043,2
281,2750,2281,1842,1732,2992,819,918,2932,2806,1044,2
282,2755,2282,1842,1733,2991,821,915,2928,2808,1042,2
283,2749,2280,1841,1731,2990,820,916,2843,2807,1043,2
284,2748,2278,1842,1731,2991,820,915,2782,2808,1044,2
285,2749,2281,1842,1731,2989,822,915,2746,2806,1043,2
286,2746,2280,1841,1730,2990,818,918,2768,2806,1044,2
287,2749,2282,1840,1730,2990,820,915,2856,2806,1042,2
288,2746,2276,1842,1729,2990,819,914,2897,2806,1042,2
289,2749,2281,1840,1729,2991,820,913,2931,2805,1042,2
290,2750,2278,1839,1726,2990,820,912,2927,2806,1042,2
291,2747,2280,1839,1726,2990,819,912,2850,2806,1042,2
292,2752,2279,1840,1730,2989,818,911,2784,2805,1042,2
293,2746,2278,1840,1725,2990,819,914,2744,2804,1042,2
294,2750,2279,1838,1723,2988,822,912,2763,2805,1042,2
295,2747,2280,1839,1723,2988,820,912,2849,2805,1040,2
296,2750,2278,1840,1725,2989,820,912,2891,2804,1042,2
297,2746,2278,1841,1723,2987,820,911,2928,2804,1040,2
298,2750,2276,1838,1723,2988,820,910,2926,2803,1040,2
299,2745,2281,1839,1723,2990,821,911,2858,2802,1042,2
300,2745,2279,1837,1723,2988,819,910,2792,2804,1041,2
301,2752,2282,1838,1722,2989,820,910,2739,2803,1040,2
302,2746,2280,1839,1722,2986,820,910,2758,2803,1042,2
303,2750,2282,1838,1722,2987,820,910,2838,2802,1042,2
304,2746,2277,1837,1720,2988,821,909,2886,2801,1041,2
305,2750,2280,1838,1721,2987,820,910,2926,2802,1040,2
306,2746,2277,1838,1719,2986,821,908,2925,2800,1039,2
307,2747,2278,1837,1720,2988,821,910,2866,2801,1040,2
308,2744,2276,1838,1720,2986,820,910,2800,2801,1040,2
309,2747,2278,1838,1720,2986,820,909,2739,2801,1041,2
310,2747,2274,1837,1720,2986,820,907,2752,2802,1039,2
311,2744,2278,1835,1718,2987,820,907,2830,2800,1038,2
312,2747,2275,1837,1719,2986,820,907,2880,2801,1040,2
313,2746,2282,1836,1718,2987,819,907,2924,2800,1040,2
314,2747,2277,1836,1719,2987,821,907,2926,2802,1039,2
315,2744,2276,1835,1718,2987,819,908,2874,2798,1037,2
316,2746,2275,1836,1718,2986,820,906,2806,2800,1038,2
317,2744,2278,1835,1715,2986,819,905,2740,2799,1037,2
318,2746,2275,1836,1718,2986,820,906,2747,2800,1039,2
319,2744,2278,1835,1716,2985,819,905,2820,2798,1038,2
320,2744,2276,1835,1717,2985,819,906,2870,2799,1039,2
321,2744,2280,1835,1716,2986,820,906,2920,2798,1038,3
322,2727,2270,1830,1709,2981,818,904,2924,2798,1038,3
323,2729,2269,1830,1713,2981,818,906,2886,2799,1038,3
324,2730,2287,1830,1716,2982,818,904,2812,2798,1038,3
325,2730,2275,1831,1721,2980,817,906,2742,2798,1038,3
326,2731,2278,1832,1724,2982,818,907,2743,2798,1036,3
327,2734,2270,1832,1732,2980,815,903,2818,2798,1036,3
328,2731,2263,1830,1735,2982,817,904,2870,2798,1037,3
329,2734,2267,1832,1742,2981,816,908,2921,2798,1038,3
330,2734,2265,1831,1747,2982,817,906,2927,2798,1038,3
331,2734,2272,1832,1753,2979,818,913,2900,2798,1039,3
332,2710,2266,1830,1762,2982,817,914,2840,2798,1038,3
333,2730,2270,1830,1771,2981,819,915,2763,2799,1038,3
334,2740,2267,1832,1778,2982,816,921,2755,2800,1039,3
335,2734,2260,1832,1787,2980,817,922,2813,2800,1039,3
336,2734,2267,1834,1798,2981,815,925,2871,2799,1040,3
337,2734,2284,1833,1805,2982,818,923,2922,2796,1039,3
338,2766,2272,1831,1812,2980,815,931,2945,2800,1039,3
339,2742,2271,1830,1816,2980,817,936,2922,2800,1042,3
340,2715,2266,1832,1822,2980,815,938,2857,2801,1040,3
341,2733,2270,1831,1823,2979,817,940,2778,2801,1042,3
342,2726,2269,1832,1828,2980,816,945,2770,2802,1041,3
343,2757,2267,1832,1827,2979,816,944,2819,2802,1039,3
344,2731,2267,1831,1827,2981,815,946,2874,2800,1040,3
345,2734,2283,1832,1826,2979,818,947,2925,2802,1040,3
346,2731,2269,1831,1824,2979,817,946,2946,2802,1039,3
347,2770,2270,1832,1823,2979,816,949,2930,2802,1039,3
348,2742,2268,1830,1820,2979,817,952,2872,2800,1040,3
349,2734,2272,1831,1817,2979,816,947,2791,2802,1039,3
350,2730,2270,1829,1815,2979,815,951,2773,2802,1040,3
351,2731,2276,1831,1814,2979,815,954,2810,2802,1039,3
352,2734,2270,1830,1810,2979,816,952,2866,2802,1040,3
353,2731,2264,1831,1806,2986,815,954,2926,2802,1039,3
354,2734,2247,1832,1804,2978,815,954,2946,2803,1041,3
355,2742,2265,1830,1802,2978,818,953,2934,2802,1039,3
356,2734,2259,1831,1802,2979,815,957,2884,2803,1040,3
357,2729,2266,1829,1799,2979,816,958,2803,2802,1042,3
358,2698,2266,1828,1795,2978,815,956,2774,2802,1040,3
359,2737,2264,1830,1793,2977,816,957,2804,2804,1040,3
360,2731,2263,1830,1789,2978,816,955,2862,2802,1040,3
361,2732,2269,1829,1789,2977,816,960,2913,2802,1040,3
362,2755,2266,1830,1787,2978,814,958,2944,2803,1041,3
363,2732,2266,1828,1783,2977,815,960,2931,2804,1038,3
364,2734,2259,1830,1784,2976,814,957,2891,2803,1042,3
365,2735,2263,1828,1780,2977,816,962,2803,2802,1040,3
366,2736,2263,1827,1778,2977,815,963,2774,2803,1042,3
367,2731,2263,1828,1778,2976,818,962,2799,2804,1040,3
368,2734,2245,1827,1777,2977,814,963,2848,2804,1041,3
369,2736,2264,1827,1778,2976,816,963,2915,2804,1042,3
370,2730,2260,1828,1776,2977,815,966,2940,2803,1042,3
371,2739,2262,1825,1778,2976,816,966,2938,2803,1042,3
372,2728,2262,1827,1776,2976,812,967,2900,2804,1041,3
373,2729,2254,1827,1775,2976,814,968,2808,2804,1039,3
374,2731,2265,1827,1775,2976,815,969,2776,2806,1041,3
375,2731,2264,1826,1774,2976,814,968,2801,2803,1040,3
376,2731,2251,1827,1776,2976,814,971,2842,2806,1042,3
377,2729,2266,1826,1774,2974,815,970,2907,2805,1040,3
378,2747,2266,1826,1775,2975,814,974,2946,2804,1040,3
379,2727,2254,1825,1777,2974,815,973,2938,2803,1042,3
380,2735,2261,1827,1775,2976,814,973,2907,2806,1041,3
381,2727,2242,1826,1775,2974,814,975,2821,2805,1042,3
382,2726,2259,1826,1777,2975,813,975,2786,2806,1041,3
383,2715,2263,1826,1776,2973,814,975,2792,2806,1042,3
384,2727,2261,1826,1777,2974,813,979,2840,2806,1041,3
385,2728,2259,1826,1776,2973,814,977,2911,2806,1041,3
386,2728,2259,1826,1778,2974,814,979,2940,2806,1042,3
387,2723,2260,1824,1775,2973,814,982,2944,2805,1042,3
388,2698,2262,1822,1775,2972,813,982,2915,2806,1042,3
389,2724,2258,1824,1775,2971,815,981,2829,2806,1039,3
390,2728,2266,1823,1775,2973,815,982,2790,2806,1040,3
391,2743,2260,1824,1775,2974,814,981,2798,2805,1042,3
392,2729,2248,1823,1776,2974,814,982,2835,2806,1040,3
393,2746,2260,1826,1777,2972,814,982,2910,2806,1038,3
394,2728,2262,1822,1776,2973,814,985,2936,2805,1040,3
395,2727,2256,1823,1777,2971,814,984,2944,2806,1040,3
396,2732,2261,1822,1778,2972,814,986,2920,2807,1041,3
397,2725,2257,1821,1778,2972,815,984,2834,2806,1042,3
398,2728,2261,1821,1775,2971,813,986,2798,2806,1038,3
399,2726,2257,1822,1776,2971,815,985,2796,2807,1038,3
400,2723,2262,1822,1776,2972,814,986,2830,2807,1040,3
401,2727,2259,1820,1777,2970,814,987,2902,2804,1041,3
402,2725,2258,1821,1776,2971,814,988,2938,2805,1040,3
403,2743,2262,1821,1776,2971,815,988,2947,2806,1040,3
404,2727,2262,1822,1775,2972,814,989,2932,2806,1040,3
405,2726,2264,1819,1776,2971,814,990,2844,2805,1039,3
406,2718,2258,1821,1774,2971,814,982,2795,2807,1039,3
407,2729,2259,1819,1776,2971,814,989,2796,2806,1039,3
408,2723,2260,1821,1773,2970,814,990,2826,2806,1039,3
409,2730,2261,1819,1774,2971,814,987,2904,2805,1038,3
410,2726,2260,1818,1773,2971,813,990,2931,2806,1039,3
411,2726,2263,1820,1773,2970,814,990,2950,2806,1038,3
412,2699,2253,1819,1773,2970,814,990,2930,2804,1039,3
413,2722,2257,1819,1774,2970,814,991,2854,2805,1039,3
414,2726,2272,1818,1772,2970,814,990,2806,2806,1039,3
415,2722,2254,1820,1772,2970,814,989,2787,2806,1038,3
416,2722,2256,1818,1771,2969,814,990,2819,2806,1033,3
417,2708,2254,1818,1771,2970,813,991,2893,2806,1037,3
418,2714,2258,1816,1771,2970,813,992,2927,2806,1038,3
419,2727,2258,1819,1772,2970,812,988,2950,2805,1038,3
420,2734,2254,1819,1770,2970,812,990,2938,2806,1038,3
421,2711,2256,1819,1769,2969,814,990,2856,2806,1038,3
422,2730,2255,1819,1771,2970,812,992,2810,2806,1039,3
423,2720,2257,1819,1768,2968,814,989,2785,2804,1037,3
424,2723,2246,1818,1769,2968,812,991,2816,2806,1038,3
425,2721,2256,1818,1770,2968,814,990,2891,2806,1038,3
426,2730,2254,1818,1769,2968,813,987,2927,2806,1037,3
427,2726,2257,1817,1769,2969,813,992,2951,2805,1039,3
428,2722,2254,1816,1763,2969,819,988,2941,2807,1038,3
429,2715,2258,1818,1768,2968,814,990,2861,2806,1038,3
430,2722,2258,1815,1768,2968,814,992,2817,2805,1040,3
431,2719,2258,1816,1769,2967,814,990,2783,2806,1038,3
432,2722,2257,1815,1769,2969,813,992,2814,2804,1038,3
433,2720,2254,1816,1767,2967,813,989,2884,2805,1039,3
434,2720,2259,1815,1766,2968,812,993,2926,2806,1038,3
435,2713,2257,1815,1770,2966,812,996,2948,2805,1039,3
436,2720,2250,1815,1767,2966,812,996,2944,2806,1040,3
437,2723,2256,1816,1768,2966,813,994,2875,2807,1040,3
438,2724,2253,1816,1770,2968,810,995,2824,2806,1039,3
439,2718,2250,1815,1771,2966,815,995,2791,2807,1040,3
440,2719,2249,1814,1770,2967,811,1000,2813,2806,1040,3
441,2709,2253,1813,1774,2966,812,1000,2878,2808,1040,3
442,2712,2254,1814,1772,2967,812,1002,2923,2808,1042,3
443,2720,2256,1816,1774,2966,814,999,2947,2808,1040,3
444,2722,2252,1813,1775,2967,814,1003,2948,2808,1041,3
445,2718,2276,1814,1769,2966,813,1003,2883,2808,1042,3
446,2718,2236,1816,1779,2965,813,1006,2839,2808,1041,3
447,2717,2245,1813,1782,2966,812,1007,2797,2809,1042,3
448,2718,2258,1812,1781,2966,813,1009,2810,2808,1041,3
449,2720,2259,1814,1783,2964,813,1010,2878,2809,1043,3
450,2716,2242,1811,1786,2966,813,1012,2926,2809,1043,3
451,2715,2241,1814,1786,2964,814,1014,2957,2810,1044,3
452,2716,2249,1811,1789,2966,813,1016,2954,2810,1043,3
453,2715,2248,1813,1790,2965,813,1019,2895,2810,1043,3
454,2714,2246,1811,1794,2964,811,1019,2851,2810,1045,3
455,2703,2252,1812,1797,2962,812,1024,2798,2811,1045,3
456,2714,2246,1811,1798,2966,812,1026,2804,2810,1044,3
457,2714,2242,1814,1801,2964,811,1028,2877,2811,1045,3
458,2714,2250,1811,1804,2965,811,1030,2913,2811,1044,3
459,2720,2251,1812,1806,2963,813,1032,2948,2812,1045,3
460,2718,2251,1813,1808,2964,812,1034,2950,2810,1046,3
461,2714,2272,1811,1811,2963,813,1036,2897,2811,1045,3
462,2711,2251,1813,1810,2964,811,1039,2855,2810,1045,3
463,2717,2248,1811,1811,2964,813,1041,2808,2814,1046,3
464,2714,2250,1810,1815,2963,813,1040,2819,2813,1047,3
465,2701,2248,1809,1818,2958,812,1046,2878,2814,1047,3
466,2715,2233,1810,1818,2964,813,1046,2922,2812,1048,3
467,2712,2248,1812,1821,2963,813,1047,2958,2817,1048,3
468,2715,2243,1811,1824,2964,812,1051,2962,2814,1050,3
469,2712,2250,1812,1824,2963,813,1051,2914,2816,1048,3
470,2715,2244,1811,1826,2963,811,1053,2867,2814,1049,3
471,2714,2251,1811,1829,2962,813,1056,2813,2818,1048,3
472,2714,2235,1809,1830,2963,811,1058,2824,2814,1050,3
473,2706,2248,1812,1831,2955,813,1059,2878,2817,1050,3
474,2715,2254,1809,1834,2963,811,1060,2921,2814,1050,3
475,2722,2248,1810,1834,2962,811,1062,2960,2817,1047,3
476,2710,2248,1810,1836,2962,811,1062,2962,2817,1050,3
477,2715,2264,1809,1838,2962,814,1066,2918,2818,1050,3
478,2718,2250,1809,1837,2963,813,1065,2874,2818,1051,3
479,2718,2248,1810,1839,2962,813,1067,2814,2819,1051,3
480,2712,2248,1810,1842,2963,812,1067,2821,2818,1052,3
481,2714,2245,1810,1843,2961,812,1072,2881,2819,1051,3
482,2746,2249,1810,1844,2962,811,1072,2918,2818,1056,3
483,2715,2246,1810,1843,2961,812,1073,2962,2820,1051,3
484,2711,2252,1809,1845,2962,813,1072,2966,2818,1051,3
485,2716,2253,1809,1846,2961,812,1075,2925,2819,1051,3
486,2713,2250,1810,1847,2962,812,1077,2878,2819,1052,3
487,2738,2250,1811,1848,2960,811,1077,2822,2820,1054,3
488,2719,2247,1810,1850,2962,811,1080,2824,2818,1054,3
489,2714,2245,1807,1850,2960,811,1080,2877,2820,1051,3
490,2715,2248,1810,1851,2961,811,1077,2922,2822,1054,3
491,2711,2245,1807,1854,2962,812,1083,2959,2821,1052,3
492,2715,2242,1810,1856,2961,811,1083,2965,2819,1054,3
493,2714,2242,1809,1853,2960,812,1084,2937,2822,1054,3
494,2712,2241,1810,1858,2963,811,1083,2886,2821,1056,3
495,2714,2252,1810,1857,2960,814,1085,2826,2822,1054,3
496,2714,2248,1807,1859,2961,811,1088,2826,2821,1055,3
497,2709,2240,1809,1859,2960,812,1090,2877,2821,1054,3
498,2712,2236,1809,1859,2961,811,1089,2922,2822,1054,3
499,2711,2250,1808,1862,2960,812,1094,2959,2822,1055,3
500,2712,2253,1810,1861,2960,810,1092,2965,2820,1055,3
501,2711,2230,1810,1865,2960,811,1093,2942,2823,1058,3
502,2710,2248,1807,1863,2961,811,1095,2896,2824,1055,3
503,2709,2244,1807,1864,2959,811,1095,2829,2824,1055,3
504,2712,2245,1807,1864,2959,810,1097,2827,2822,1058,3
505,2705,2247,1806,1866,2960,811,1099,2874,2823,1056,3
506,2682,2244,1806,1867,2960,811,1098,2919,2824,1056,3
507,2705,2246,1806,1867,2960,811,1099,2959,2824,1061,3
508,2708,2240,1807,1867,2959,810,1102,2974,2824,1059,3
509,2710,2266,1806,1869,2958,811,1099,2942,2824,1057,3
510,2712,2243,1808,1870,2958,811,1100,2897,2822,1057,3
511,2707,2243,1807,1872,2958,810,1102,2838,2824,1058,3
512,2715,2246,1806,1871,2959,810,1101,2835,2824,1059,3
513,2711,2241,1806,1870,2960,811,1104,2874,2825,1059,3
514,2712,2247,1807,1870,2958,811,1096,2915,2823,1058,3
515,2713,2238,1807,1872,2958,811,1104,2960,2825,1059,3
516,2708,2241,1806,1874,2959,810,1106,2980,2824,1060,3
517,2712,2250,1806,1875,2958,811,1103,2947,2826,1060,3
518,2712,2244,1806,1875,2958,811,1104,2903,2824,1060,3
519,2692,2244,1806,1875,2957,811,1106,2841,2826,1059,3
520,2710,2254,1806,1877,2957,810,1105,2830,2824,1058,3
521,2710,2245,1807,1878,2957,811,1106,2870,2825,1060,3
522,2715,2243,1806,1877,2958,809,1106,2916,2824,1053,3
523,2707,2235,1805,1876,2958,810,1110,2966,2826,1059,3
524,2706,2245,1804,1878,2958,810,1110,2978,2825,1062,3
525,2704,2246,1805,1879,2956,812,1112,2960,2826,1059,3
526,2708,2246,1804,1879,2958,810,1110,2910,2825,1060,3
527,2717,2245,1800,1880,2957,812,1111,2842,2826,1059,3
528,2707,2230,1806,1887,2958,812,1112,2838,2826,1061,3
529,2710,2240,1806,1882,2957,812,1112,2866,2826,1060,3
530,2711,2237,1805,1882,2955,810,1113,2918,2826,1061,3
531,2711,2241,1806,1883,2955,811,1111,2959,2826,1060,3
532,2708,2240,1804,1883,2958,811,1112,2973,2826,1061,3
533,2709,2241,1805,1883,2956,811,1114,2956,2826,1061,3
534,2708,2237,1805,1885,2957,810,1115,2920,2826,1062,3
535,2710,2237,1806,1883,2956,811,1114,2843,2827,1061,3
536,2707,2234,1804,1886,2957,811,1117,2840,2826,1061,3
537,2710,2242,1804,1885,2955,810,1114,2863,2827,1060,3
538,2708,2232,1803,1886,2956,810,1116,2914,2827,1061,3
539,2711,2241,1805,1886,2956,810,1116,2960,2827,1061,3
540,2707,2223,1803,1891,2958,810,1116,2979,2825,1061,3
541,2722,2240,1804,1887,2955,811,1115,2958,2828,1062,3
542,2710,2246,1803,1890,2956,810,1110,2919,2826,1062,3
543,2706,2241,1804,1890,2955,810,1118,2852,2827,1062,3
544,2706,2242,1802,1889,2956,810,1117,2837,2827,1061,3
545,2710,2234,1805,1891,2955,810,1118,2866,2826,1062,3
546,2715,2245,1806,1890,2956,811,1120,2913,2826,1057,3
547,2710,2242,1805,1891,2955,812,1117,2963,2830,1062,3
548,2708,2246,1802,1891,2955,811,1117,2973,2827,1062,3
549,2699,2243,1802,1890,2955,810,1118,2963,2828,1062,3
550,2705,2242,1803,1892,2955,810,1120,2920,2828,1063,3
551,2706,2243,1803,1891,2955,811,1119,2849,2828,1061,3
552,2737,2240,1802,1891,2955,811,1121,2835,2828,1062,3
553,2707,2240,1805,1893,2955,811,1118,2861,2828,1061,3
554,2704,2229,1803,1895,2955,811,1122,2914,2827,1062,3
555,2700,2237,1804,1892,2954,810,1120,2956,2828,1061,3
556,2698,2237,1802,1894,2954,809,1122,2980,2828,1063,3
557,2703,2243,1803,1892,2954,810,1117,2965,2828,1063,3
558,2703,2248,1802,1894,2948,810,1122,2925,2827,1064,3
559,2707,2238,1803,1895,2954,810,1122,2858,2828,1063,3
560,2707,2242,1804,1896,2954,809,1125,2835,2827,1063,3
561,2701,2237,1803,1896,2954,810,1129,2863,2829,1064,3
562,2703,2221,1802,1896,2954,811,1122,2912,2827,1062,3
563,2700,2240,1803,1895,2953,810,1122,2962,2829,1064,3
564,2672,2240,1803,1898,2954,809,1124,2979,2827,1061,3
565,2702,2242,1802,1896,2953,811,1124,2967,2829,1062,3
566,2703,2236,1802,1897,2954,810,1122,2923,2827,1061,3
567,2701,2258,1803,1894,2953,810,1124,2855,2829,1063,3
568,2701,2231,1803,1897,2954,810,1125,2841,2830,1064,3
569,2699,2236,1801,1899,2953,809,1125,2865,2830,1064,3
570,2712,2242,1802,1899,2953,810,1123,2912,2828,1064,3
571,2701,2237,1801,1898,2954,811,1124,2960,2828,1064,3
572,2707,2235,1800,1899,2954,810,1125,2977,2830,1064,3
573,2704,2234,1802,1898,2954,810,1122,2966,2830,1063,3
574,2704,2237,1801,1900,2954,810,1118,2930,2829,1062,3
575,2704,2224,1802,1902,2952,810,1124,2862,2830,1065,3
576,2704,2246,1802,1894,2952,811,1126,2836,2828,1063,3
577,2707,2243,1801,1902,2953,810,1123,2858,2830,1065,3
578,2702,2231,1800,1902,2953,810,1126,2910,2829,1063,3
579,2702,2234,1803,1901,2951,810,1126,2962,2830,1064,3
580,2706,2235,1800,1903,2953,811,1126,2972,2829,1063,3
581,2678,2240,1800,1901,2951,810,1126,2970,2830,1064,3
582,2694,2235,1800,1902,2954,811,1127,2927,2828,1064,3
583,2714,2236,1802,1904,2951,809,1127,2859,2828,1062,3
584,2674,2231,1800,1903,2952,811,1126,2842,2829,1061,3
585,2696,2236,1800,1903,2954,810,1125,2862,2830,1064,3
586,2723,2238,1799,1904,2952,809,1126,2903,2830,1063,3
587,2711,2237,1790,1904,2955,809,1128,2954,2829,1064,3
588,2671,2236,1801,1903,2952,810,1127,2981,2830,1064,3
589,2691,2237,1808,1903,2952,810,1126,2971,2830,1065,3
590,2692,2233,1800,1905,2952,810,1128,2930,2830,1065,3
591,2721,2238,1801,1904,2952,810,1127,2861,2830,1065,3
592,2703,2235,1800,1905,2950,810,1126,2835,2829,1065,3
593,2703,2233,1800,1904,2950,810,1126,2854,2831,1064,3
594,2698,2231,1800,1906,2952,810,1126,2907,2830,1066,3
595,2702,2230,1800,1907,2951,808,1130,2958,2830,1066,3
596,2700,2245,1800,1904,2952,809,1130,2974,2830,1063,3
597,2699,2250,1799,1907,2950,810,1126,2968,2830,1065,3
598,2699,2235,1800,1907,2952,809,1123,2935,2830,1065,3
599,2698,2236,1799,1906,2950,811,1130,2868,2830,1065,3
600,2702,2232,1798,1907,2952,810,1127,2838,2830,1065,3
601,2703,2236,1801,1907,2950,807,1129,2855,2831,1065,3
602,2669,2234,1800,1908,2950,810,1129,2906,2830,1064,3
603,2713,2235,1800,1907,2950,810,1129,2954,2830,1064,3
604,2699,2232,1800,1909,2951,808,1129,2982,2830,1064,3
605,2702,2226,1800,1909,2950,801,1129,2976,2831,1066,3
606,2700,2229,1799,1909,2950,810,1135,2935,2831,1066,3
607,2702,2232,1800,1909,2949,808,1129,2866,2831,1066,3
608,2693,2234,1799,1910,2950,808,1129,2844,2832,1065,3
609,2679,2235,1799,1909,2950,809,1131,2859,2831,1066,3
610,2696,2228,1800,1909,2950,808,1131,2906,2830,1066,3
611,2702,2225,1798,1910,2950,810,1131,2957,2830,1066,3
612,2698,2229,1798,1911,2950,810,1128,2976,2830,1065,3
613,2702,2231,1798,1912,2949,807,1131,2973,2830,1066,3
614,2707,2235,1796,1912,2950,808,1132,2931,2830,1064,3
615,2699,2234,1798,1911,2950,809,1129,2866,2831,1065,3
616,2699,2241,1797,1911,2950,808,1131,2843,2830,1066,3
617,2697,2233,1798,1910,2950,810,1131,2858,2832,1065,3
618,2712,2236,1800,1911,2947,809,1131,2899,2830,1065,3
619,2694,2232,1798,1912,2950,810,1133,2958,2831,1065,3
620,2697,2253,1798,1911,2948,808,1131,2976,2831,1066,3
621,2701,2230,1798,1912,2949,808,1131,2973,2830,1066,3
622,2676,2234,1797,1914,2948,809,1130,2939,2831,1065,3
623,2702,2233,1798,1914,2948,807,1131,2867,2830,1066,3
624,2698,2235,1797,1913,2947,810,1129,2843,2831,1066,3
625,2698,2234,1798,1915,2947,807,1133,2858,2830,1066,3
626,2692,2232,1796,1914,2947,808,1131,2904,2830,1066,3
627,2696,2227,1798,1913,2947,802,1133,2955,2831,1065,3
628,2697,2233,1797,1913,2946,808,1130,2975,2832,1065,3
629,2711,2234,1798,1914,2947,809,1134,2973,2832,1067,3
630,2694,2238,1795,1915,2948,808,1132,2938,2831,1066,3
631,2696,2230,1798,1915,2947,807,1131,2869,2830,1066,3
632,2668,2229,1796,1915,2947,809,1134,2844,2831,1067,3
633,2702,2237,1796,1914,2947,808,1134,2851,2832,1067,3
634,2694,2235,1795,1915,2947,808,1134,2900,2831,1066,3
635,2678,2232,1796,1914,2947,810,1133,2955,2832,1065,3
636,2694,2225,1796,1915,2947,809,1134,2980,2831,1067,3
637,2696,2230,1797,1915,2947,807,1134,2979,2830,1066,3
638,2689,2231,1797,1916,2946,808,1133,2947,2832,1066,3
639,2698,2214,1796,1916,2946,810,1133,2874,2832,1067,3
640,2698,2231,1794,1916,2954,808,1132,2840,2831,1068,3
641,2696,2230,1798,1916,2945,809,1131,2858,2832,1068,3
642,2695,2228,1797,1916,2947,808,1131,2896,2830,1065,3
643,2718,2232,1795,1917,2946,808,1133,2948,2832,1066,3
644,2696,2226,1796,1917,2946,807,1134,2976,2830,1066,3
645,2699,2230,1795,1915,2947,810,1133,2976,2831,1066,3
646,2696,2236,1795,1918,2947,808,1134,2940,2830,1066,3
647,2698,2230,1795,1916,2946,810,1132,2870,2831,1066,3
648,2698,2232,1795,1920,2946,807,1136,2841,2830,1066,3
649,2697,2229,1794,1920,2946,809,1141,2856,2832,1066,3
650,2695,2232,1794,1916,2946,808,1132,2894,2831,1067,3
651,2696,2246,1796,1917,2945,810,1134,2950,2831,1066,3
652,2680,2231,1793,1920,2946,809,1134,2980,2831,1060,3
653,2696,2240,1795,1917,2945,808,1133,2975,2831,1067,3
654,2693,2229,1795,1921,2946,808,1132,2950,2833,1066,3
655,2696,2233,1795,1921,2945,809,1135,2872,2832,1066,3
656,2690,2226,1794,1921,2937,808,1132,2845,2831,1065,3
657,2695,2233,1795,1920,2946,808,1135,2851,2832,1066,3
658,2690,2228,1794,1918,2946,808,1134,2899,2832,1066,3
659,2695,2232,1794,1920,2946,808,1136,2952,2831,1066,3
660,2692,2229,1794,1922,2942,807,1133,2979,2830,1068,3
661,2694,2234,1795,1922,2945,808,1133,2976,2832,1067,3
662,2690,2228,1794,1923,2943,808,1136,2950,2831,1066,3
663,2694,2234,1794,1922,2944,808,1134,2872,2832,1067,3
664,2688,2228,1794,1920,2946,807,1135,2844,2831,1066,3
665,2694,2242,1794,1922,2944,808,1134,2850,2832,1067,3
666,2675,2226,1793,1922,2945,808,1136,2903,2832,1066,3
667,2694,2226,1794,1921,2944,808,1135,2950,2831,1067,3
668,2702,2231,1794,1921,2946,808,1131,2973,2831,1067,3
669,2694,2227,1794,1921,2944,809,1130,2974,2832,1067,3
670,2696,2231,1793,1922,2944,807,1135,2944,2830,1065,3
671,2689,2227,1794,1921,2944,808,1134,2872,2832,1067,3
672,2693,2236,1793,1922,2944,809,1134,2841,2831,1066,3
673,2693,2225,1793,1923,2947,808,1134,2851,2832,1065,3
674,2692,2224,1794,1922,2945,807,1134,2894,2832,1066,3
675,2710,2227,1793,1922,2944,808,1136,2958,2832,1066,3
676,2692,2226,1794,1924,2941,807,1134,2974,2830,1066,3
677,2685,2224,1794,1922,2944,808,1134,2982,2832,1067,3
678,2694,2230,1793,1923,2946,808,1135,2942,2832,1067,3
679,2689,2210,1793,1923,2944,809,1136,2881,2832,1066,3
680,2688,2226,1792,1923,2942,808,1134,2842,2831,1066,3
681,2692,2230,1794,1923,2941,808,1134,2854,2832,1065,3
682,2691,2218,1790,1923,2942,805,1136,2899,2831,1067,3
683,2680,2228,1793,1922,2939,808,1133,2954,2834,1066,3
684,2691,2229,1790,1923,2942,807,1136,2982,2830,1065,3
685,2694,2227,1792,1923,2942,808,1134,2976,2831,1065,3
686,2683,2229,1790,1923,2942,807,1134,2950,2832,1065,3
687,2690,2223,1794,1924,2940,807,1134,2874,2832,1067,3
688,2696,2227,1792,1926,2942,806,1135,2842,2830,1066,3
689,2692,2228,1794,1923,2939,808,1135,2850,2832,1067,3
690,2690,2224,1793,1925,2941,806,1142,2895,2831,1067,3
691,2684,2225,1794,1923,2939,806,1134,2954,2832,1067,3
692,2695,2226,1794,1924,2941,806,1135,2974,2830,1066,3
693,2690,2228,1792,1926,2939,808,1132,2980,2832,1067,3
694,2684,2221,1788,1923,2941,807,1134,2952,2831,1066,3
695,2681,2223,1790,1922,2942,807,1135,2882,2832,1066,3
696,2690,2226,1792,1926,2940,806,1135,2846,2830,1066,3
697,2690,2229,1792,1926,2939,807,1134,2850,2831,1066,3
698,2654,2224,1790,1925,2941,807,1138,2894,2831,1066,3
699,2688,2222,1790,1925,2939,808,1132,2948,2832,1067,3
700,2690,2224,1787,1924,2940,806,1135,2974,2831,1066,3
701,2685,2225,1789,1925,2942,808,1136,2986,2831,1067,3
702,2702,2223,1790,1926,2940,806,1136,2949,2830,1067,3
703,2689,2225,1789,1925,2939,808,1135,2881,2831,1066,3
704,2689,2210,1788,1924,2939,807,1136,2849,2830,1066,3
705,2698,2224,1789,1926,2939,806,1134,2848,2832,1067,3
706,2678,2222,1794,1928,2938,806,1135,2893,2831,1066,3
707,2691,2226,1788,1926,2940,808,1135,2948,2834,1067,3
708,2690,2234,1787,1928,2940,806,1134,2976,2830,1066,3
709,2683,2223,1789,1926,2939,807,1137,2986,2831,1066,3
710,2698,2225,1790,1928,2939,806,1136,2950,2831,1068,3
711,2690,2226,1788,1928,2939,808,1135,2882,2832,1067,3
712,2685,2227,1787,1927,2939,807,1138,2852,2832,1066,3
713,2694,2225,1789,1927,2938,808,1133,2848,2832,1066,3
714,2696,2223,1789,1925,2939,808,1136,2891,2831,1065,3
715,2688,2225,1787,1926,2939,808,1136,2950,2832,1067,3
716,2688,2221,1787,1928,2938,806,1135,2976,2831,1067,3
717,2690,2216,1789,1926,2937,808,1135,2982,2831,1067,3
718,2683,2222,1787,1927,2939,808,1136,2956,2832,1066,3
719,2661,2221,1786,1926,2938,808,1135,2884,2832,1066,3
720,2680,2223,1786,1925,2940,808,1136,2850,2832,1067,3
