Count,S1,S2,S3,S4,S5,S6,S7,S8,S9,S10,Flag
1,1678,1346,1050,1906,1698,582,892,2862,2195,852,0
2,1676,1337,1050,1907,1697,582,890,2783,2196,848,0
3,1682,1350,1051,1905,1698,581,891,2770,2196,849,0
4,1674,1337,1050,1906,1699,582,889,2827,2194,848,0
5,1680,1351,1052,1905,1698,582,890,2895,2194,846,0
6,1675,1347,1051,1905,1698,582,892,2937,2194,848,0
7,1667,1339,1050,1905,1698,581,890,2905,2195,847,0
8,1687,1341,1049,1907,1699,581,894,2818,2196,848,0
9,1682,1342,1049,1907,1699,581,891,2767,2195,848,0
10,1679,1348,1051,1907,1697,582,891,2824,2196,848,0
11,1679,1348,1050,1904,1698,582,893,2890,2195,847,0
12,1676,1346,1050,1907,1698,582,892,2935,2195,848,0
13,1681,1349,1051,1908,1698,581,892,2926,2196,847,0
14,1674,1342,1048,1907,1698,581,890,2858,2195,848,0
15,1658,1344,1052,1907,1698,582,891,2780,2195,847,0
16,1672,1346,1051,1907,1699,582,891,2779,2195,849,0
17,1645,1339,1050,1907,1698,581,890,2842,2196,847,0
18,1667,1346,1050,1908,1698,582,891,2903,2195,848,0
19,1687,1349,1051,1907,1699,581,891,2936,2195,848,0
20,1683,1358,1051,1909,1698,582,892,2920,2196,849,0
21,1685,1350,1051,1907,1699,580,891,2835,2196,848,1
22,1679,1348,1051,1908,1698,582,893,2772,2196,843,1
23,1683,1355,1051,1907,1698,582,890,2788,2197,848,1
24,1680,1359,1052,1907,1698,582,898,2862,2195,848,1
25,1682,1340,1050,1908,1698,582,892,2921,2195,849,1
26,1683,1350,1051,1907,1699,582,889,2936,2195,847,1
27,1683,1347,1053,1907,1698,582,891,2902,2197,848,1
28,1674,1344,1050,1910,1699,583,892,2818,2196,848,1
29,1672,1342,1050,1907,1698,582,890,2769,2195,848,1
30,1672,1347,1049,1910,1696,582,894,2805,2196,848,1
31,1680,1334,1050,1910,1699,581,892,2874,2196,849,1
32,1674,1338,1051,1908,1699,578,891,2925,2195,848,1
33,1681,1347,1051,1909,1700,581,891,2930,2198,849,1
34,1682,1341,1051,1912,1699,581,891,2880,2198,849,1
35,1678,1340,1050,1912,1698,581,894,2798,2198,849,1
36,1664,1347,1051,1911,1698,582,896,2774,2198,848,1
37,1672,1346,1051,1913,1700,582,896,2824,2198,849,1
38,1676,1338,1051,1913,1699,583,896,2895,2196,849,1
39,1714,1347,1052,1914,1697,582,892,2929,2196,849,1
40,1693,1348,1051,1914,1699,581,897,2929,2198,849,1
41,1682,1352,1050,1918,1699,580,898,2862,2198,852,1
42,1691,1349,1050,1920,1700,581,899,2786,2198,850,1
43,1682,1335,1051,1921,1699,582,898,2778,2198,851,1
44,1677,1342,1052,1922,1699,582,902,2841,2198,850,1
45,1704,1349,1052,1927,1699,582,902,2906,2199,851,1
46,1681,1354,1050,1928,1699,582,903,2936,2200,854,1
47,1688,1347,1053,1929,1700,582,903,2924,2199,854,1
48,1682,1325,1052,1931,1699,582,901,2836,2200,853,1
49,1674,1341,1050,1934,1700,581,909,2778,2201,856,1
50,1691,1347,1044,1935,1698,582,908,2792,2201,856,1
51,1688,1351,1051,1936,1699,583,907,2868,2201,856,1
52,1669,1346,1059,1939,1701,582,910,2924,2202,858,1
53,1675,1340,1050,1942,1701,582,912,2937,2202,858,1
54,1688,1346,1046,1944,1700,581,914,2906,2202,857,1
55,1680,1346,1052,1944,1699,582,913,2835,2203,858,1
56,1673,1344,1052,1946,1701,584,918,2790,2203,860,1
57,1680,1350,1051,1949,1701,582,920,2811,2205,861,1
58,1683,1348,1051,1950,1702,582,921,2874,2203,862,1
59,1679,1339,1052,1954,1701,584,932,2936,2204,862,1
60,1687,1350,1052,1956,1699,582,925,2944,2206,862,1
61,1683,1334,1051,1965,1701,582,928,2890,2208,865,1
62,1706,1347,1054,1960,1700,584,930,2820,2207,863,1
63,1686,1354,1051,1962,1702,590,927,2798,2208,864,1
64,1667,1348,1058,1963,1702,584,931,2840,2208,863,1
65,1680,1353,1054,1968,1701,582,934,2903,2209,868,1
66,1687,1349,1052,1971,1701,584,936,2936,2209,866,1
67,1681,1362,1053,1971,1702,582,938,2946,2209,866,1
68,1682,1350,1053,1974,1702,582,938,2880,2210,867,1
69,1677,1341,1053,1978,1701,579,942,2810,2210,868,1
70,1691,1350,1053,1979,1700,582,942,2804,2210,867,1
71,1646,1344,1054,1982,1702,582,945,2864,2211,869,1
72,1682,1349,1051,1984,1702,582,946,2925,2211,870,1
73,1698,1350,1054,1987,1702,582,948,2947,2212,868,1
74,1685,1345,1053,1989,1702,583,946,2938,2211,870,1
75,1682,1350,1056,1989,1702,582,951,2873,2214,870,1
76,1680,1339,1056,1993,1701,577,951,2808,2214,872,1
77,1694,1350,1053,1994,1702,581,952,2816,2213,872,1
78,1664,1342,1053,1996,1703,582,951,2878,2215,871,1
79,1686,1353,1053,1998,1703,584,958,2931,2214,872,1
80,1682,1344,1055,1997,1702,582,958,2950,2216,872,1
81,1683,1359,1054,2000,1702,582,957,2927,2214,873,1
82,1661,1347,1054,2002,1703,584,960,2857,2215,874,1
83,1681,1347,1053,2002,1704,583,963,2808,2215,874,1
84,1687,1348,1056,2003,1702,584,963,2830,2217,874,1
85,1690,1358,1054,2004,1702,582,963,2902,2216,874,1
86,1683,1334,1054,2006,1704,584,960,2942,2216,874,1
87,1714,1350,1056,2008,1702,584,965,2950,2218,875,1
88,1693,1350,1055,2008,1704,582,965,2909,2216,875,1
89,1680,1351,1054,2009,1704,583,968,2840,2218,876,1
90,1683,1339,1057,2008,1704,584,970,2810,2218,876,1
91,1688,1342,1054,2010,1702,583,975,2854,2219,876,1
92,1656,1348,1054,2011,1703,584,968,2916,2219,875,1
93,1681,1348,1055,2011,1704,584,971,2950,2219,878,1
94,1686,1349,1056,2012,1704,584,969,2947,2219,876,1
95,1689,1356,1057,2014,1704,585,971,2895,2219,876,1
96,1688,1333,1055,2016,1704,584,969,2823,2219,876,1
97,1703,1352,1054,2016,1704,584,972,2813,2220,877,1
98,1699,1348,1055,2014,1704,584,974,2863,2220,875,1
99,1688,1352,1058,2017,1705,584,972,2922,2222,876,1
100,1667,1348,1053,2018,1705,582,974,2955,2220,878,1
101,1721,1355,1056,2019,1705,584,974,2939,2220,878,1
102,1689,1348,1056,2018,1706,583,973,2878,2220,877,1
103,1683,1352,1057,2019,1705,584,976,2822,2219,876,1
104,1686,1339,1058,2019,1704,582,974,2818,2222,875,1
105,1694,1350,1058,2019,1711,584,972,2882,2221,875,1
106,1671,1352,1056,2019,1705,584,973,2939,2221,876,1
107,1687,1356,1058,2018,1706,583,972,2953,2222,876,1
108,1685,1348,1055,2019,1705,583,971,2932,2222,875,1
109,1696,1353,1057,2019,1706,585,969,2856,2224,876,1
110,1687,1353,1058,2018,1705,584,970,2809,2220,876,1
111,1687,1350,1057,2018,1707,585,969,2826,2220,875,1
112,1690,1360,1057,2014,1706,583,966,2899,2221,875,1
113,1690,1333,1057,2013,1707,584,966,2941,2220,874,1
114,1702,1354,1057,2014,1706,585,963,2952,2219,874,1
115,1690,1344,1059,2011,1704,584,964,2906,2219,873,1
116,1686,1354,1058,2009,1706,584,960,2826,2220,872,1
117,1684,1353,1058,2007,1705,583,962,2797,2216,874,1
118,1695,1356,1055,2006,1706,583,956,2843,2218,874,1
119,1686,1353,1056,2003,1704,584,954,2915,2220,872,1
120,1684,1346,1059,2003,1705,584,952,2948,2219,873,1
121,1694,1366,1058,2000,1706,584,952,2952,2218,872,2
122,1699,1356,1060,2002,1709,586,954,2882,2219,872,2
123,1700,1357,1061,1995,1709,586,949,2802,2220,871,2
124,1696,1356,1062,1992,1709,585,947,2798,2218,872,2
125,1702,1355,1059,1988,1711,586,944,2858,2218,869,2
126,1699,1358,1060,1986,1710,586,942,2920,2218,871,2
127,1699,1358,1060,1980,1710,585,939,2948,2218,869,2
128,1702,1355,1060,1976,1710,585,936,2931,2218,868,2
129,1697,1355,1060,1973,1708,586,933,2844,2216,869,2
130,1695,1355,1060,1966,1710,586,932,2778,2215,868,2
131,1700,1353,1060,1966,1707,585,926,2791,2216,867,2
132,1698,1356,1059,1961,1709,587,923,2870,2215,866,2
133,1697,1358,1059,1958,1710,586,920,2928,2214,866,2
134,1695,1358,1060,1955,1708,586,918,2944,2214,866,2
135,1695,1356,1059,1950,1709,586,914,2903,2213,864,2
136,1697,1356,1058,1947,1709,585,910,2807,2211,864,2
137,1698,1354,1061,1942,1708,586,907,2760,2214,861,2
138,1697,1357,1059,1940,1708,586,903,2799,2212,862,2
139,1696,1358,1059,1938,1707,586,901,2880,2212,861,2
140,1699,1357,1059,1933,1708,585,897,2931,2210,860,2
141,1699,1358,1059,1930,1709,584,896,2936,2210,858,2
142,1696,1353,1061,1927,1707,586,889,2864,2210,859,2
143,1698,1356,1060,1923,1707,585,886,2771,2210,858,2
144,1694,1357,1059,1922,1708,586,886,2747,2208,858,2
145,1697,1358,1059,1916,1707,586,879,2810,2207,856,2
146,1699,1357,1059,1913,1706,586,876,2893,2206,855,2
147,1698,1354,1060,1909,1707,584,875,2930,2206,856,2
148,1694,1353,1059,1907,1708,584,873,2923,2206,855,2
149,1696,1356,1060,1904,1707,586,868,2826,2204,853,2
150,1699,1355,1059,1902,1708,585,867,2740,2204,853,2
151,1696,1353,1058,1898,1706,585,861,2747,2203,853,2
152,1698,1355,1058,1896,1706,585,858,2830,2202,852,2
153,1698,1358,1059,1893,1706,585,855,2898,2203,850,2
154,1699,1356,1058,1890,1706,585,853,2926,2202,851,2
155,1694,1355,1058,1886,1706,585,853,2899,2201,850,2
156,1699,1354,1058,1882,1706,585,847,2787,2200,849,2
157,1698,1354,1058,1882,1706,584,845,2720,2200,849,2
158,1698,1353,1059,1878,1706,583,843,2753,2198,850,2
159,1698,1354,1057,1875,1706,585,840,2845,2198,848,2
160,1695,1356,1058,1872,1706,585,837,2906,2198,847,2
161,1697,1354,1057,1869,1706,584,836,2922,2198,847,2
162,1698,1354,1058,1868,1706,586,832,2861,2197,846,2
163,1692,1352,1059,1865,1704,584,832,2756,2198,845,2
164,1696,1356,1057,1864,1706,586,826,2710,2196,846,2
165,1693,1356,1058,1859,1706,585,825,2771,2194,844,2
166,1694,1353,1057,1858,1705,583,822,2862,2194,845,2
167,1698,1352,1058,1857,1706,584,819,2912,2195,843,2
168,1693,1353,1058,1853,1704,583,819,2915,2194,843,2
169,1697,1354,1056,1851,1705,585,818,2822,2192,844,2
170,1696,1352,1057,1849,1706,585,813,2725,2192,842,2
171,1694,1358,1055,1846,1705,585,812,2710,2190,842,2
172,1693,1352,1057,1843,1706,585,810,2787,2190,840,2
173,1696,1355,1058,1842,1704,583,809,2872,2191,840,2
174,1693,1355,1054,1839,1705,584,809,2910,2190,842,2
175,1696,1357,1056,1838,1702,584,806,2899,2189,839,2
176,1694,1354,1055,1836,1704,585,802,2789,2188,840,2
177,1694,1354,1055,1833,1703,583,802,2702,2190,841,2
178,1694,1353,1056,1830,1704,585,798,2717,2187,838,2
179,1692,1352,1056,1827,1704,584,796,2810,2187,839,2
180,1694,1355,1056,1830,1704,583,796,2883,2187,838,2
181,1691,1357,1057,1825,1706,586,795,2912,2186,837,2
182,1694,1354,1055,1824,1703,583,791,2872,2185,837,2
183,1694,1354,1058,1823,1704,584,792,2754,2186,837,2
184,1692,1352,1054,1821,1705,585,789,2690,2186,835,2
185,1693,1353,1056,1818,1704,585,786,2732,2183,835,2
186,1694,1354,1055,1816,1704,585,786,2834,2183,834,2
187,1692,1352,1055,1814,1704,584,785,2893,2183,834,2
188,1694,1353,1054,1814,1703,582,782,2904,2183,834,2
189,1692,1352,1054,1810,1702,584,782,2834,2182,832,2
190,1691,1352,1054,1811,1703,584,779,2726,2181,833,2
191,1692,1350,1056,1809,1704,583,779,2685,2182,834,2
192,1689,1352,1052,1806,1703,583,778,2753,2180,833,2
193,1694,1351,1054,1803,1703,585,776,2846,2180,832,2
194,1690,1354,1056,1803,1702,586,775,2897,2180,829,2
195,1691,1352,1053,1803,1704,585,774,2900,2178,832,2
196,1688,1352,1054,1802,1703,584,772,2798,2178,832,2
197,1690,1354,1054,1798,1702,585,772,2698,2178,829,2
198,1687,1350,1054,1800,1701,583,771,2694,2178,829,2
199,1689,1350,1053,1795,1702,585,770,2773,2178,828,2
200,1691,1350,1054,1794,1702,585,766,2864,2176,828,2
201,1689,1352,1053,1793,1703,584,765,2901,2176,827,2
202,1690,1352,1054,1793,1702,583,765,2885,2176,827,2
203,1692,1352,1056,1793,1702,583,764,2766,2174,827,2
204,1690,1350,1053,1787,1702,585,762,2680,2173,826,2
205,1691,1350,1053,1787,1702,584,761,2707,2172,827,2
206,1688,1349,1053,1787,1700,584,761,2802,2172,828,2
207,1691,1352,1053,1784,1701,584,760,2873,2172,826,2
208,1693,1352,1054,1784,1701,583,760,2900,2171,826,2
209,1689,1352,1053,1783,1702,582,759,2854,2171,826,2
210,1687,1353,1052,1782,1703,583,756,2734,2171,824,2
211,1690,1350,1054,1782,1699,583,758,2674,2170,826,2
212,1689,1350,1053,1779,1701,583,755,2720,2170,826,2
213,1687,1352,1054,1778,1701,583,754,2824,2170,825,2
214,1691,1352,1053,1778,1702,583,751,2883,2168,824,2
215,1689,1350,1052,1776,1702,583,753,2898,2167,824,2
216,1690,1350,1052,1777,1700,583,751,2821,2168,824,2
217,1686,1350,1051,1774,1701,582,752,2709,2168,824,2
218,1686,1352,1052,1773,1701,582,750,2672,2168,824,2
219,1685,1349,1053,1772,1701,583,750,2742,2167,822,2
220,1688,1351,1053,1771,1702,582,750,2842,2166,822,2
221,1690,1350,1052,1770,1699,583,748,2888,2166,823,2
222,1685,1350,1051,1768,1699,583,747,2891,2166,822,2
223,1683,1352,1052,1768,1700,583,746,2782,2164,822,2
224,1685,1347,1052,1767,1699,584,746,2682,2165,823,2
225,1685,1350,1050,1766,1700,582,744,2681,2165,821,2
226,1690,1348,1052,1764,1699,583,745,2769,2163,821,2
227,1684,1350,1050,1764,1700,583,744,2857,2164,821,2
228,1683,1349,1053,1763,1699,583,744,2892,2164,821,2
229,1687,1352,1052,1762,1700,583,742,2874,2163,819,2
230,1688,1347,1051,1761,1699,584,742,2754,2163,819,2
231,1686,1351,1050,1761,1699,582,742,2670,2163,820,2
232,1688,1347,1051,1759,1698,582,739,2698,2162,819,2
233,1686,1349,1053,1759,1699,582,739,2796,2162,819,2
234,1686,1352,1051,1759,1700,584,739,2864,2161,820,2
235,1682,1348,1052,1758,1698,583,740,2894,2161,820,2
236,1680,1350,1052,1756,1699,582,740,2844,2160,820,2
237,1684,1346,1050,1755,1699,582,738,2722,2161,818,2
238,1686,1349,1051,1755,1699,581,735,2664,2160,819,2
239,1686,1350,1052,1754,1697,584,735,2712,2160,816,2
240,1686,1347,1050,1754,1698,582,734,2819,2159,818,2
241,1684,1349,1050,1752,1699,583,734,2878,2158,818,2
242,1684,1347,1051,1752,1698,583,734,2890,2159,817,2
243,1686,1345,1051,1752,1697,582,732,2810,2158,817,2
244,1682,1349,1051,1750,1698,582,731,2699,2158,817,2
245,1686,1347,1050,1748,1698,582,732,2667,2158,817,2
246,1682,1346,1050,1750,1698,582,732,2740,2157,816,2
247,1684,1348,1051,1746,1697,584,730,2838,2157,815,2
248,1684,1347,1050,1746,1698,583,730,2886,2159,818,2
249,1683,1351,1049,1747,1699,581,730,2883,2156,816,2
250,1680,1346,1050,1746,1698,581,730,2772,2156,815,2
251,1683,1352,1051,1743,1698,582,728,2678,2155,815,2
252,1679,1346,1050,1743,1698,583,730,2678,2155,816,2
253,1680,1349,1051,1743,1697,581,728,2766,2156,815,2
254,1683,1350,1049,1743,1698,581,729,2854,2154,815,2
255,1681,1348,1051,1740,1699,582,726,2890,2154,814,2
256,1683,1351,1050,1742,1698,582,726,2868,2152,814,2
257,1679,1346,1051,1740,1698,582,726,2745,2154,813,2
258,1678,1344,1050,1740,1698,581,727,2664,2154,813,2
259,1677,1347,1050,1741,1698,582,727,2692,2154,814,2
260,1679,1345,1051,1739,1697,582,726,2794,2154,814,2
261,1682,1348,1050,1739,1695,582,725,2864,2153,814,2
262,1679,1345,1050,1737,1697,581,725,2890,2153,814,2
263,1677,1348,1048,1738,1698,581,724,2840,2153,812,2
264,1677,1348,1049,1737,1697,582,724,2716,2151,814,2
265,1679,1347,1050,1737,1696,581,723,2660,2152,813,2
266,1682,1349,1049,1736,1697,581,723,2714,2150,813,2
267,1677,1346,1050,1735,1696,582,723,2814,2150,811,2
268,1677,1342,1049,1735,1697,581,723,2875,2152,813,2
269,1677,1347,1049,1734,1697,582,722,2886,2151,813,2
270,1677,1346,1050,1732,1698,582,722,2807,2150,812,2
271,1680,1346,1050,1734,1697,582,722,2696,2151,811,2
272,1682,1346,1048,1733,1696,582,722,2664,2150,811,2
273,1680,1346,1049,1731,1696,581,721,2738,2150,811,2
274,1682,1348,1048,1731,1696,582,721,2835,2150,811,2
275,1676,1346,1050,1731,1694,581,720,2883,2149,812,2
276,1675,1348,1049,1729,1697,582,718,2883,2148,811,2
277,1680,1348,1048,1728,1696,583,719,2770,2148,810,2
278,1679,1345,1049,1729,1695,581,720,2674,2149,810,2
279,1680,1345,1047,1730,1696,580,718,2672,2148,811,2
280,1679,1349,1048,1728,1697,582,718,2763,2146,811,2
281,1679,1346,1048,1729,1693,579,718,2848,2149,811,2
282,1677,1346,1049,1728,1694,582,719,2885,2148,811,2
283,1674,1345,1048,1728,1695,581,718,2863,2147,811,2
284,1680,1346,1048,1728,1694,582,718,2743,2147,811,2
285,1675,1348,1047,1724,1696,581,716,2661,2147,810,2
286,1680,1347,1048,1723,1696,582,716,2690,2146,809,2
287,1677,1345,1049,1725,1694,582,716,2788,2147,810,2
288,1675,1346,1046,1724,1696,581,718,2859,2145,810,2
289,1675,1345,1048,1723,1694,581,718,2884,2146,810,2
290,1677,1346,1048,1722,1696,581,716,2838,2146,809,2
291,1675,1346,1047,1722,1694,581,716,2715,2146,809,2
292,1678,1346,1046,1720,1694,580,716,2657,2146,808,2
293,1678,1345,1049,1721,1694,581,717,2706,2146,810,2
294,1678,1345,1046,1722,1695,582,717,2808,2145,811,2
295,1675,1347,1048,1720,1694,581,716,2871,2144,808,2
296,1674,1347,1047,1721,1693,582,715,2883,2144,809,2
297,1678,1344,1047,1719,1694,581,714,2803,2145,807,2
298,1677,1345,1046,1720,1694,581,715,2694,2142,810,2
299,1676,1344,1047,1720,1693,580,714,2659,2144,809,2
300,1675,1344,1046,1719,1694,581,714,2731,2142,808,2
301,1678,1344,1048,1718,1694,582,712,2830,2144,809,2
302,1676,1341,1046,1718,1694,580,714,2878,2142,809,2
303,1674,1341,1046,1717,1696,579,713,2878,2142,809,2
304,1674,1345,1046,1718,1694,581,713,2772,2142,808,2
305,1675,1341,1048,1717,1694,582,712,2674,2142,807,2
306,1676,1344,1048,1717,1691,580,713,2672,2142,808,2
307,1675,1341,1047,1717,1694,580,713,2758,2142,808,2
308,1674,1344,1046,1716,1692,581,712,2844,2141,806,2
309,1678,1344,1046,1716,1693,580,714,2881,2142,807,2
310,1674,1345,1045,1716,1691,580,712,2866,2140,807,2
311,1673,1344,1046,1714,1691,580,712,2746,2141,807,2
312,1675,1342,1048,1715,1693,580,713,2661,2141,807,2
313,1675,1344,1045,1714,1691,582,712,2683,2142,806,2
314,1676,1342,1046,1713,1694,582,712,2783,2140,808,2
315,1674,1344,1046,1714,1691,580,712,2858,2140,807,2
316,1672,1345,1046,1713,1694,581,712,2883,2141,807,2
317,1674,1342,1048,1713,1692,580,713,2838,2140,807,2
318,1670,1339,1046,1712,1693,579,712,2716,2140,806,2
319,1674,1342,1046,1711,1692,581,711,2657,2140,806,2
320,1674,1339,1046,1712,1692,581,712,2704,2140,806,2
321,1676,1344,1046,1712,1691,580,711,2806,2140,806,3
322,1674,1334,1042,1706,1686,578,710,2865,2137,808,3
323,1661,1336,1042,1709,1688,579,710,2884,2138,808,3
324,1631,1332,1042,1712,1688,579,710,2808,2138,806,3
325,1670,1334,1043,1715,1686,580,710,2693,2137,806,3
326,1646,1332,1043,1720,1686,579,710,2662,2138,805,3
327,1664,1338,1042,1726,1688,579,710,2726,2138,806,3
328,1656,1334,1043,1731,1687,578,714,2826,2138,808,3
329,1671,1337,1043,1734,1689,578,714,2875,2138,807,3
330,1659,1334,1044,1742,1688,579,714,2885,2138,808,3
331,1667,1326,1043,1746,1690,578,717,2785,2139,808,3
332,1674,1334,1044,1754,1688,578,720,2690,2139,809,3
333,1668,1336,1044,1762,1688,580,722,2682,2140,809,3
334,1668,1344,1043,1770,1690,578,723,2763,2139,810,3
335,1684,1339,1046,1776,1690,578,726,2856,2139,810,3
336,1670,1326,1046,1784,1690,579,733,2891,2139,809,3
337,1669,1335,1044,1793,1690,578,731,2875,2140,810,3
338,1641,1332,1046,1800,1690,578,730,2774,2141,808,3
339,1654,1337,1045,1804,1691,578,736,2691,2142,810,3
340,1674,1340,1045,1806,1690,579,737,2706,2141,810,3
341,1674,1338,1045,1810,1689,579,735,2793,2142,810,3
342,1654,1338,1046,1812,1690,578,738,2867,2141,811,3
343,1661,1339,1046,1812,1691,578,740,2891,2141,811,3
344,1676,1340,1045,1813,1691,579,742,2867,2142,810,3
345,1670,1337,1045,1811,1690,580,739,2760,2142,810,3
346,1634,1335,1046,1810,1690,579,743,2691,2142,808,3
347,1673,1337,1046,1810,1691,578,744,2723,2139,812,3
348,1645,1337,1046,1808,1691,579,744,2818,2144,811,3
349,1672,1350,1045,1806,1691,579,746,2877,2142,811,3
350,1667,1337,1039,1803,1690,578,747,2896,2142,811,3
351,1670,1352,1046,1801,1690,578,745,2838,2143,811,3
352,1672,1337,1046,1800,1691,578,747,2739,2144,812,3
353,1671,1326,1046,1798,1691,578,747,2691,2144,812,3
354,1688,1341,1047,1794,1691,579,747,2752,2142,811,3
355,1674,1330,1046,1790,1691,578,746,2840,2142,813,3
356,1651,1336,1046,1789,1689,579,746,2884,2140,811,3
357,1659,1338,1047,1787,1690,579,748,2890,2145,813,3
358,1672,1347,1046,1784,1690,578,750,2806,2144,813,3
359,1656,1339,1046,1781,1691,579,749,2714,2144,813,3
360,1676,1346,1046,1778,1691,580,749,2697,2143,812,3
361,1675,1346,1046,1778,1691,579,750,2773,2145,815,3
362,1665,1340,1046,1777,1691,579,751,2856,2145,814,3
363,1669,1346,1046,1775,1691,578,751,2891,2145,814,3
364,1672,1337,1046,1774,1692,577,752,2891,2146,814,3
365,1670,1344,1046,1771,1691,579,753,2787,2144,814,3
366,1673,1352,1046,1771,1691,579,752,2707,2146,813,3
367,1658,1339,1046,1771,1690,579,752,2714,2146,814,3
368,1685,1339,1046,1771,1690,579,760,2802,2146,814,3
369,1673,1329,1045,1771,1690,578,755,2868,2146,814,3
370,1673,1344,1048,1767,1694,580,756,2900,2146,814,3
371,1670,1344,1046,1766,1690,579,758,2867,2142,814,3
372,1668,1341,1047,1769,1691,579,759,2764,2147,814,3
373,1670,1334,1047,1768,1691,578,759,2698,2147,815,3
374,1670,1326,1046,1768,1691,578,760,2729,2147,814,3
375,1668,1344,1046,1769,1691,580,760,2820,2147,814,3
376,1674,1344,1046,1768,1691,580,762,2878,2146,815,3
377,1678,1341,1047,1768,1693,578,762,2895,2147,815,3
378,1678,1345,1047,1768,1692,578,763,2852,2146,815,3
379,1681,1344,1047,1770,1692,578,766,2752,2148,816,3
380,1674,1344,1047,1769,1692,579,765,2702,2148,816,3
381,1683,1341,1050,1770,1689,580,766,2752,2148,817,3
382,1691,1344,1047,1770,1692,579,766,2842,2147,817,3
383,1673,1346,1047,1772,1691,576,769,2890,2148,816,3
384,1671,1336,1045,1770,1692,579,770,2899,2149,816,3
385,1661,1340,1046,1770,1692,580,770,2818,2147,816,3
386,1674,1336,1047,1770,1692,578,771,2734,2147,817,3
387,1654,1336,1046,1770,1690,579,772,2710,2148,817,3
388,1693,1343,1045,1770,1692,580,772,2778,2147,817,3
389,1670,1354,1048,1770,1691,579,772,2862,2148,817,3
390,1652,1337,1046,1771,1690,579,774,2894,2148,816,3
391,1670,1338,1048,1769,1690,579,772,2890,2148,816,3
392,1681,1339,1047,1772,1691,578,774,2802,2147,817,3
393,1676,1340,1046,1771,1692,578,776,2719,2148,818,3
394,1638,1336,1054,1771,1694,579,774,2724,2148,822,3
395,1660,1338,1048,1770,1690,579,775,2800,2148,816,3
396,1671,1325,1048,1770,1692,578,777,2868,2149,817,3
397,1671,1325,1046,1771,1690,579,777,2898,2149,817,3
398,1666,1338,1048,1770,1692,578,777,2872,2149,817,3
399,1672,1336,1048,1770,1690,578,777,2772,2147,816,3
400,1672,1321,1048,1769,1691,579,778,2706,2149,817,3
401,1667,1334,1046,1770,1692,580,778,2731,2148,816,3
402,1670,1346,1047,1770,1691,578,781,2827,2148,817,3
403,1674,1347,1046,1774,1690,579,779,2883,2149,816,3
404,1653,1342,1046,1771,1691,579,779,2898,2147,817,3
405,1674,1353,1048,1771,1692,579,779,2855,2148,817,3
406,1670,1332,1046,1771,1692,584,779,2756,2150,816,3
407,1664,1338,1045,1771,1691,578,779,2704,2150,818,3
408,1674,1333,1046,1769,1691,579,781,2755,2150,817,3
409,1651,1337,1048,1770,1685,579,780,2845,2148,818,3
410,1676,1339,1046,1770,1692,580,776,2894,2147,815,3
411,1701,1340,1046,1770,1691,579,778,2893,2148,815,3
412,1657,1341,1045,1770,1691,579,782,2822,2150,817,3
413,1672,1346,1046,1770,1691,579,780,2735,2149,817,3
414,1670,1336,1046,1768,1692,578,780,2710,2148,816,3
415,1678,1344,1046,1768,1692,580,780,2779,2148,817,3
416,1676,1338,1046,1769,1692,579,779,2861,2150,817,3
417,1667,1344,1046,1769,1691,580,781,2895,2149,816,3
418,1669,1351,1046,1768,1691,578,781,2897,2152,817,3
419,1674,1346,1046,1768,1692,578,782,2799,2148,816,3
420,1674,1339,1046,1767,1691,580,780,2717,2149,815,3
421,1674,1322,1047,1767,1692,571,782,2719,2150,816,3
422,1672,1338,1046,1768,1691,578,784,2801,2147,816,3
423,1670,1347,1046,1768,1690,580,782,2869,2148,817,3
424,1682,1339,1045,1768,1692,579,781,2905,2149,818,3
425,1678,1344,1046,1766,1691,580,781,2880,2148,818,3
426,1670,1336,1046,1766,1691,580,779,2772,2150,817,3
427,1669,1339,1045,1767,1691,580,783,2710,2148,817,3
428,1669,1342,1046,1767,1690,580,781,2734,2149,818,3
429,1709,1341,1046,1768,1691,578,783,2822,2148,818,3
430,1675,1337,1047,1766,1691,580,787,2890,2148,817,3
431,1670,1342,1047,1766,1693,579,784,2902,2149,817,3
432,1671,1330,1046,1767,1692,578,783,2852,2149,818,3
433,1674,1340,1046,1768,1692,579,784,2759,2150,819,3
434,1676,1344,1045,1766,1693,579,784,2714,2149,818,3
435,1666,1339,1046,1767,1691,579,784,2763,2148,817,3
436,1670,1336,1047,1768,1691,579,786,2842,2150,818,3
437,1683,1342,1046,1770,1692,580,787,2891,2149,820,3
438,1679,1344,1046,1770,1691,580,787,2903,2149,819,3
439,1642,1336,1046,1769,1693,578,789,2834,2150,820,3
440,1664,1338,1047,1770,1690,581,789,2746,2150,819,3
441,1671,1333,1046,1770,1691,581,788,2717,2152,818,3
442,1664,1339,1046,1772,1690,580,790,2782,2151,820,3
443,1670,1336,1046,1774,1693,580,793,2866,2150,820,3
444,1675,1336,1046,1774,1692,579,796,2904,2150,820,3
445,1672,1334,1045,1774,1692,582,794,2901,2149,820,3
446,1635,1335,1046,1775,1691,581,794,2813,2152,821,3
447,1682,1339,1046,1777,1691,580,797,2734,2152,821,3
448,1667,1341,1046,1779,1690,580,798,2731,2152,821,3
449,1671,1340,1045,1780,1692,580,800,2806,2152,821,3
450,1662,1340,1046,1781,1690,582,799,2882,2151,821,3
451,1674,1347,1047,1782,1692,580,800,2904,2153,822,3
452,1672,1342,1046,1784,1690,579,802,2885,2153,820,3
453,1673,1327,1046,1786,1691,581,803,2791,2153,822,3
454,1670,1341,1045,1788,1692,579,798,2725,2153,822,3
455,1667,1344,1046,1788,1691,580,806,2744,2153,826,3
456,1674,1346,1046,1792,1691,581,803,2829,2153,822,3
457,1669,1341,1045,1793,1691,580,810,2896,2154,823,3
458,1674,1346,1045,1795,1692,581,810,2905,2154,824,3
459,1650,1337,1045,1798,1694,581,811,2871,2154,823,3
460,1674,1346,1048,1797,1691,580,811,2777,2154,823,3
461,1680,1344,1047,1799,1692,580,813,2734,2154,823,3
462,1675,1337,1046,1801,1692,579,817,2771,2156,824,3
463,1674,1353,1046,1803,1692,579,816,2856,2155,825,3
464,1677,1340,1045,1804,1693,581,818,2899,2156,824,3
465,1668,1338,1046,1804,1692,580,817,2907,2156,823,3
466,1670,1336,1045,1807,1692,579,821,2845,2157,824,3
467,1671,1341,1046,1807,1691,579,821,2762,2157,826,3
468,1672,1344,1046,1811,1692,580,824,2739,2158,826,3
469,1677,1346,1045,1812,1691,580,823,2799,2158,825,3
470,1676,1338,1046,1812,1692,582,822,2874,2157,826,3
471,1676,1342,1048,1813,1692,581,825,2913,2158,826,3
472,1669,1331,1047,1816,1691,579,827,2907,2159,826,3
473,1672,1325,1048,1816,1692,580,827,2827,2158,826,3
474,1650,1338,1049,1819,1692,580,828,2756,2158,826,3
475,1673,1338,1045,1819,1691,579,839,2758,2159,826,3
476,1675,1338,1045,1819,1692,579,830,2824,2159,828,3
477,1670,1330,1046,1822,1691,577,836,2886,2160,828,3
478,1672,1344,1046,1824,1692,579,830,2912,2160,828,3
479,1679,1346,1046,1825,1692,581,835,2901,2159,827,3
480,1683,1339,1046,1826,1696,580,835,2804,2160,828,3
481,1666,1339,1048,1828,1691,580,835,2744,2161,829,3
482,1668,1339,1046,1829,1693,576,838,2763,2160,830,3
483,1637,1339,1046,1830,1694,580,840,2846,2161,830,3
484,1675,1341,1046,1830,1693,579,840,2899,2162,829,3
485,1674,1344,1047,1830,1692,581,843,2915,2161,828,3
486,1660,1342,1046,1831,1688,580,842,2882,2161,828,3
487,1672,1336,1048,1834,1691,579,843,2794,2163,829,3
488,1693,1341,1048,1834,1692,579,845,2742,2163,829,3
489,1666,1340,1044,1835,1692,580,844,2790,2163,829,3
490,1672,1337,1048,1837,1692,579,845,2864,2163,828,3
491,1694,1341,1047,1835,1691,580,844,2908,2162,829,3
492,1664,1341,1045,1838,1691,581,849,2922,2163,832,3
493,1676,1347,1045,1839,1692,580,847,2856,2164,832,3
494,1662,1338,1047,1839,1694,580,848,2773,2163,830,3
495,1650,1338,1046,1838,1696,580,848,2756,2164,832,3
496,1675,1355,1046,1840,1693,580,849,2809,2163,832,3
497,1671,1329,1046,1842,1691,578,850,2882,2164,832,3
498,1660,1339,1046,1842,1690,580,850,2923,2164,834,3
499,1678,1341,1046,1843,1692,580,848,2911,2166,832,3
500,1672,1340,1048,1843,1692,580,853,2835,2166,833,3
501,1678,1345,1048,1843,1691,580,851,2766,2168,833,3
502,1670,1337,1047,1845,1691,580,852,2762,2166,833,3
503,1672,1339,1047,1848,1692,579,854,2829,2166,835,3
504,1674,1336,1045,1848,1692,580,852,2898,2167,834,3
505,1675,1344,1047,1848,1693,581,855,2918,2167,835,3
506,1678,1348,1047,1848,1692,579,856,2904,2166,834,3
507,1672,1330,1046,1848,1691,582,857,2811,2167,834,3
508,1658,1339,1046,1849,1693,580,858,2759,2167,836,3
509,1686,1344,1048,1850,1692,580,857,2773,2168,834,3
510,1652,1339,1048,1850,1693,581,856,2854,2167,834,3
511,1675,1339,1048,1850,1693,580,857,2909,2168,827,3
512,1671,1345,1048,1851,1692,579,861,2920,2168,835,3
513,1673,1348,1046,1852,1693,580,859,2886,2168,835,3
514,1676,1321,1045,1856,1692,581,861,2794,2167,836,3
515,1676,1336,1047,1854,1694,581,859,2757,2168,835,3
516,1670,1335,1048,1853,1693,580,861,2792,2170,835,3
517,1673,1355,1048,1851,1694,582,862,2872,2168,836,3
518,1667,1339,1048,1858,1693,580,862,2915,2169,836,3
519,1679,1348,1047,1856,1694,581,862,2925,2168,836,3
520,1672,1324,1047,1857,1692,580,862,2856,2168,835,3
521,1681,1342,1047,1857,1693,580,861,2779,2170,837,3
522,1674,1330,1046,1857,1692,580,865,2760,2170,836,3
523,1683,1341,1046,1859,1694,580,866,2818,2170,837,3
524,1671,1333,1045,1860,1693,577,864,2886,2170,836,3
525,1674,1336,1048,1859,1693,581,870,2924,2170,836,3
526,1674,1335,1048,1860,1694,580,865,2915,2171,837,3
527,1677,1333,1048,1860,1691,581,872,2842,2171,838,3
528,1675,1332,1048,1861,1693,578,867,2763,2171,838,3
529,1675,1335,1046,1862,1694,581,866,2771,2170,838,3
530,1672,1340,1047,1862,1693,579,867,2844,2172,838,3
531,1678,1338,1048,1861,1693,580,863,2901,2172,837,3
532,1656,1337,1048,1862,1692,581,867,2930,2171,838,3
533,1678,1339,1047,1864,1693,581,869,2900,2171,838,3
534,1677,1344,1047,1864,1694,580,870,2818,2170,838,3
535,1677,1329,1048,1863,1692,582,869,2755,2172,838,3
536,1678,1346,1048,1862,1693,582,867,2781,2172,838,3
537,1673,1346,1046,1866,1693,581,871,2855,2172,838,3
538,1676,1354,1046,1864,1693,581,870,2914,2172,839,3
539,1672,1344,1047,1866,1693,581,870,2930,2171,838,3
540,1668,1338,1048,1866,1692,581,870,2877,2174,837,3
541,1642,1336,1046,1866,1693,582,870,2799,2173,838,3
542,1673,1328,1048,1873,1693,581,871,2757,2173,840,3
543,1678,1347,1046,1867,1693,580,871,2802,2173,838,3
544,1675,1346,1047,1868,1696,581,872,2874,2172,838,3
545,1714,1345,1049,1868,1693,580,872,2920,2174,838,3
546,1638,1338,1048,1868,1693,582,871,2927,2176,838,3
547,1675,1323,1046,1868,1694,580,871,2854,2176,839,3
548,1675,1352,1046,1869,1693,580,873,2778,2176,840,3
549,1668,1340,1046,1870,1684,581,872,2768,2176,840,3
550,1675,1336,1047,1869,1693,581,871,2820,2178,838,3
551,1678,1350,1047,1870,1693,580,873,2894,2176,839,3
552,1675,1340,1048,1870,1694,580,876,2923,2176,838,3
553,1674,1338,1046,1871,1694,580,872,2918,2176,840,3
554,1681,1341,1046,1872,1695,581,874,2838,2179,840,3
555,1676,1345,1049,1871,1694,580,874,2763,2178,841,3
556,1676,1340,1047,1873,1694,581,875,2776,2178,840,3
557,1684,1341,1046,1874,1694,582,874,2848,2176,842,3
558,1670,1341,1047,1872,1694,581,875,2904,2171,841,3
559,1677,1338,1047,1872,1696,581,874,2930,2176,842,3
560,1681,1342,1048,1874,1694,582,874,2902,2178,839,3
561,1674,1338,1048,1874,1694,582,874,2809,2178,840,3
562,1680,1339,1047,1874,1694,580,876,2760,2178,841,3
563,1672,1341,1046,1875,1692,581,878,2792,2177,841,3
564,1673,1333,1046,1874,1694,582,878,2861,2178,840,3
565,1683,1341,1048,1875,1697,582,875,2914,2179,841,3
566,1658,1339,1057,1875,1692,580,876,2931,2178,840,3
567,1678,1346,1048,1876,1693,580,871,2873,2179,842,3
568,1677,1336,1048,1878,1694,580,874,2795,2178,841,3
569,1682,1346,1047,1878,1694,581,875,2763,2179,842,3
570,1678,1344,1047,1876,1693,582,877,2811,2180,842,3
571,1684,1341,1048,1876,1691,581,875,2880,2179,839,3
572,1673,1355,1048,1878,1693,581,876,2926,2179,842,3
573,1675,1346,1047,1878,1694,581,877,2924,2179,842,3
574,1674,1340,1047,1878,1694,580,878,2852,2180,842,3
575,1676,1338,1048,1878,1695,580,877,2770,2180,842,3
576,1660,1339,1048,1877,1694,580,877,2772,2181,841,3
577,1672,1347,1047,1879,1694,580,879,2830,2179,840,3
578,1677,1338,1047,1880,1694,581,878,2891,2179,842,3
579,1679,1350,1047,1880,1694,581,878,2930,2180,842,3
580,1664,1340,1058,1879,1693,582,879,2916,2180,841,3
581,1670,1336,1049,1879,1694,582,878,2828,2176,841,3
582,1677,1340,1046,1880,1695,581,878,2766,2182,842,3
583,1653,1338,1052,1880,1696,580,879,2778,2181,842,3
584,1678,1346,1049,1879,1694,580,879,2852,2181,840,3
585,1674,1334,1048,1881,1694,577,879,2908,2182,841,3
586,1675,1363,1049,1881,1694,580,887,2934,2181,840,3
587,1678,1342,1047,1882,1693,580,880,2900,2187,843,3
588,1675,1327,1048,1882,1694,581,880,2807,2182,843,3
589,1702,1346,1048,1882,1695,581,880,2762,2182,842,3
590,1683,1342,1048,1881,1696,581,878,2792,2182,842,3
591,1649,1340,1047,1882,1694,582,880,2873,2182,842,3
592,1675,1347,1050,1882,1694,581,881,2926,2182,844,3
593,1692,1345,1040,1882,1696,580,879,2924,2182,843,3
594,1676,1338,1048,1883,1696,581,880,2873,2182,842,3
595,1680,1353,1048,1883,1694,582,880,2792,2182,841,3
596,1674,1347,1048,1883,1693,580,881,2765,2184,842,3
597,1676,1332,1050,1884,1694,580,882,2816,2184,843,3
598,1675,1339,1047,1883,1694,581,881,2894,2182,844,3
599,1677,1355,1046,1884,1695,582,883,2931,2182,843,3
600,1690,1346,1050,1883,1696,582,879,2925,2181,842,3
601,1675,1330,1050,1891,1693,582,879,2844,2184,842,3
602,1669,1337,1048,1885,1694,580,882,2771,2184,843,3
603,1675,1361,1048,1884,1695,580,888,2778,2182,843,3
604,1683,1348,1047,1884,1695,581,880,2843,2183,842,3
605,1656,1339,1048,1883,1696,580,880,2907,2183,842,3
606,1674,1336,1049,1884,1694,582,882,2928,2184,841,3
607,1666,1338,1048,1888,1694,581,884,2910,2184,843,3
608,1675,1355,1047,1886,1694,581,886,2830,2184,844,3
609,1681,1345,1047,1888,1694,581,882,2768,2186,843,3
610,1654,1344,1048,1886,1694,582,883,2788,2182,843,3
611,1672,1331,1048,1888,1696,581,883,2858,2184,843,3
612,1672,1339,1048,1888,1695,581,883,2915,2185,844,3
613,1675,1362,1048,1890,1696,582,890,2934,2183,843,3
614,1679,1350,1047,1888,1695,581,882,2893,2184,842,3
615,1684,1344,1050,1890,1695,582,883,2808,2185,843,3
616,1675,1334,1049,1887,1696,582,878,2759,2186,843,3
617,1675,1335,1048,1889,1697,582,885,2802,2185,845,3
618,1677,1338,1048,1889,1694,580,881,2883,2186,845,3
619,1677,1337,1048,1889,1694,582,883,2930,2184,843,3
620,1680,1352,1050,1890,1696,582,882,2932,2186,843,3
621,1672,1342,1048,1890,1694,582,884,2870,2186,844,3
622,1678,1346,1048,1891,1698,581,886,2782,2186,844,3
623,1698,1342,1049,1890,1696,581,883,2767,2186,843,3
624,1685,1345,1047,1891,1695,583,884,2823,2186,844,3
625,1682,1341,1050,1890,1694,582,883,2891,2186,844,3
626,1682,1347,1048,1890,1696,583,883,2931,2186,843,3
627,1652,1342,1048,1892,1697,582,885,2925,2186,845,3
628,1674,1330,1047,1891,1696,581,884,2842,2186,845,3
629,1673,1338,1047,1890,1696,583,886,2770,2186,845,3
630,1673,1338,1050,1891,1694,582,885,2775,2188,844,3
631,1680,1340,1049,1891,1694,582,884,2854,2186,844,3
632,1678,1333,1048,1892,1696,582,885,2910,2186,843,3
633,1659,1344,1059,1894,1697,581,885,2934,2186,846,3
634,1666,1344,1049,1892,1694,582,886,2912,2186,844,3
635,1674,1344,1050,1892,1693,582,885,2824,2187,845,3
636,1675,1338,1049,1892,1695,582,885,2762,2187,844,3
637,1672,1339,1050,1894,1695,581,888,2791,2187,845,3
638,1679,1338,1049,1894,1695,580,885,2868,2187,845,3
639,1677,1337,1048,1893,1696,581,886,2922,2187,846,3
640,1681,1357,1050,1894,1696,581,890,2933,2187,843,3
641,1665,1344,1054,1894,1696,584,886,2885,2187,844,3
642,1670,1344,1048,1896,1687,582,886,2803,2187,844,3
643,1678,1331,1050,1895,1696,582,886,2765,2187,846,3
644,1672,1336,1050,1893,1695,583,885,2810,2187,845,3
645,1675,1337,1049,1895,1696,582,886,2886,2187,846,3
646,1679,1342,1049,1895,1695,582,887,2926,2187,844,3
647,1676,1339,1050,1896,1696,582,886,2930,2188,845,3
648,1684,1347,1048,1896,1695,581,888,2862,2188,845,3
649,1679,1346,1048,1896,1696,581,886,2782,2188,846,3
650,1691,1346,1050,1895,1696,582,884,2775,2187,845,3
651,1676,1344,1050,1896,1696,582,888,2832,2189,846,3
652,1674,1346,1050,1896,1695,581,888,2898,2188,845,3
653,1670,1344,1048,1898,1696,582,888,2928,2188,844,3
654,1715,1347,1049,1897,1694,583,887,2918,2189,844,3
655,1712,1346,1050,1898,1694,582,885,2832,2189,846,3
656,1678,1338,1049,1898,1695,582,887,2771,2190,845,3
657,1674,1340,1050,1897,1695,582,885,2784,2189,844,3
658,1682,1347,1049,1898,1696,582,888,2858,2190,846,3
659,1684,1345,1047,1898,1696,582,888,2918,2190,846,3
660,1682,1345,1048,1897,1697,582,884,2935,2188,844,3
661,1678,1344,1049,1896,1694,582,888,2904,2189,846,3
662,1674,1344,1049,1899,1693,582,888,2809,2190,846,3
663,1670,1335,1048,1898,1697,582,889,2765,2190,845,3
664,1674,1334,1048,1898,1697,582,886,2798,2188,846,3
665,1674,1332,1049,1898,1696,583,886,2872,2189,845,3
666,1690,1346,1049,1898,1694,582,885,2922,2190,845,3
667,1688,1341,1050,1900,1694,581,886,2928,2190,847,3
668,1678,1339,1050,1898,1697,582,888,2874,2190,847,3
669,1676,1338,1048,1898,1697,582,888,2794,2190,842,3
670,1675,1339,1048,1898,1696,584,887,2770,2190,846,3
671,1683,1350,1050,1898,1695,584,887,2821,2190,846,3
672,1683,1351,1049,1901,1696,582,888,2894,2190,847,3
673,1670,1344,1050,1900,1699,582,889,2933,2190,847,3
674,1666,1344,1049,1899,1697,582,888,2930,2191,846,3
675,1660,1344,1052,1898,1696,582,888,2854,2191,846,3
676,1678,1346,1049,1900,1697,582,890,2772,2191,847,3
677,1677,1345,1048,1899,1697,582,889,2774,2191,847,3
678,1675,1338,1050,1900,1697,582,889,2843,2190,846,3
679,1674,1339,1049,1899,1695,582,889,2906,2190,846,3
680,1674,1334,1051,1899,1695,582,889,2930,2191,847,3
681,1694,1346,1050,1902,1696,581,890,2910,2192,845,3
682,1702,1344,1050,1901,1696,581,888,2824,2191,846,3
683,1676,1344,1049,1902,1697,581,888,2763,2192,847,3
684,1682,1345,1048,1902,1698,581,888,2785,2192,847,3
685,1687,1346,1050,1900,1696,584,887,2859,2191,845,3
686,1678,1337,1049,1902,1694,581,887,2922,2192,846,3
687,1674,1340,1050,1902,1695,582,889,2935,2190,847,3
688,1679,1348,1048,1902,1697,590,889,2894,2192,846,3
689,1680,1354,1050,1897,1698,583,890,2807,2192,847,3
690,1678,1363,1049,1902,1695,582,886,2770,2192,847,3
691,1683,1345,1050,1903,1698,581,890,2810,2192,847,3
692,1684,1352,1050,1903,1697,582,888,2888,2192,848,3
693,1664,1342,1050,1903,1697,581,888,2930,2192,847,3
694,1652,1344,1049,1902,1697,581,890,2934,2190,846,3
695,1686,1344,1050,1902,1696,582,889,2866,2193,847,3
696,1670,1342,1050,1903,1694,582,888,2782,2192,846,3
697,1666,1344,1050,1903,1697,582,891,2775,2192,848,3
698,1676,1345,1050,1904,1697,581,891,2836,2194,848,3
699,1674,1344,1047,1904,1694,581,890,2902,2192,847,3
700,1665,1341,1050,1903,1698,582,889,2934,2193,847,3
701,1675,1346,1050,1904,1696,582,890,2918,2194,846,3
702,1670,1346,1050,1903,1694,582,891,2844,2194,847,3
703,1676,1324,1050,1904,1698,582,884,2767,2194,847,3
704,1678,1349,1050,1904,1695,582,891,2778,2193,847,3
705,1678,1346,1050,1903,1694,582,890,2859,2194,848,3
706,1678,1322,1048,1904,1697,582,883,2910,2192,847,3
707,1674,1347,1048,1903,1698,581,891,2931,2194,847,3
708,1674,1335,1050,1903,1697,581,890,2898,2194,846,3
709,1679,1352,1048,1904,1698,582,891,2814,2193,848,3
710,1679,1347,1050,1905,1697,582,891,2762,2194,848,3
711,1676,1330,1050,1904,1696,583,890,2795,2194,847,3
712,1678,1347,1051,1906,1698,581,891,2872,2193,847,3
713,1672,1339,1049,1903,1698,582,891,2923,2193,847,3
714,1676,1322,1050,1905,1698,582,884,2929,2194,847,3
715,1676,1346,1050,1905,1698,581,890,2870,2194,849,3
716,1672,1338,1049,1906,1695,582,892,2798,2193,848,3
717,1678,1346,1050,1903,1697,581,891,2766,2195,847,3
718,1676,1335,1050,1906,1697,581,890,2818,2194,846,3
719,1677,1350,1048,1906,1698,582,894,2894,2194,846,3
720,1679,1342,1050,1906,1698,581,891,2934,2194,849,3
