Count,S1,S2,S3,S4,S5,S6,S7,S8,S9,S10,Flag
1,1798,1422,1110,1844,1814,604,872,2923,2248,853,0
2,1792,1422,1110,1845,1814,606,871,2875,2248,854,0
3,1782,1414,1110,1846,1816,603,874,2793,2249,855,0
4,1775,1417,1109,1844,1816,605,875,2755,2248,855,0
5,1783,1423,1106,1846,1815,606,878,2800,2247,859,0
6,1776,1416,1107,1844,1816,606,874,2883,2247,854,0
7,1786,1423,1107,1844,1816,607,874,2927,2246,854,0
8,1786,1414,1107,1846,1816,606,874,2908,2247,856,0
9,1784,1408,1109,1845,1814,606,873,2794,2248,855,0
10,1786,1435,1110,1845,1814,605,873,2761,2249,855,0
11,1781,1431,1107,1847,1816,606,875,2801,2248,854,0
12,1787,1418,1108,1847,1816,605,873,2874,2248,856,0
13,1783,1418,1108,1846,1817,606,874,2918,2248,854,0
14,1770,1415,1110,1845,1817,606,874,2923,2247,854,0
15,1781,1427,1110,1846,1816,607,874,2852,2248,859,0
16,1781,1419,1108,1847,1814,605,875,2775,2248,854,0
17,1778,1418,1107,1847,1816,605,875,2769,2248,856,0
18,1778,1418,1108,1846,1817,605,876,2829,2249,856,0
19,1786,1422,1108,1846,1816,605,876,2896,2248,854,0
20,1782,1418,1109,1846,1816,606,872,2927,2249,854,0
21,1786,1416,1109,1846,1816,606,874,2914,2250,854,1
22,1806,1420,1110,1845,1815,605,874,2826,2250,854,1
23,1798,1416,1110,1846,1815,606,875,2758,2250,855,1
24,1780,1414,1110,1846,1815,604,875,2772,2250,854,1
25,1785,1426,1108,1848,1815,605,876,2850,2248,860,1
26,1779,1415,1109,1847,1814,606,874,2907,2249,854,1
27,1783,1397,1110,1847,1816,606,877,2923,2250,854,1
28,1781,1414,1110,1848,1816,604,875,2887,2250,855,1
29,1780,1410,1109,1847,1816,605,876,2799,2249,854,1
30,1782,1426,1110,1848,1816,605,878,2755,2250,855,1
31,1777,1417,1109,1849,1815,604,877,2795,2249,855,1
32,1779,1416,1110,1846,1816,605,875,2870,2250,855,1
33,1787,1418,1110,1850,1815,604,876,2919,2250,856,1
34,1789,1419,1109,1850,1815,605,875,2921,2249,856,1
35,1794,1419,1100,1849,1816,605,877,2858,2250,855,1
36,1786,1411,1107,1850,1816,604,877,2782,2250,855,1
37,1780,1418,1108,1852,1816,605,876,2770,2250,855,1
38,1758,1417,1108,1852,1816,605,878,2825,2251,856,1
39,1759,1418,1110,1853,1815,606,879,2894,2251,855,1
40,1763,1417,1110,1857,1816,604,880,2931,2251,856,1
41,1782,1424,1109,1856,1815,606,880,2916,2251,857,1
42,1782,1401,1110,1859,1816,605,877,2834,2251,857,1
43,1802,1420,1109,1860,1816,603,882,2769,2251,856,1
44,1793,1421,1108,1864,1816,605,883,2777,2252,858,1
45,1792,1419,1110,1863,1824,606,883,2852,2253,858,1
46,1786,1426,1110,1867,1815,613,885,2915,2252,859,1
47,1790,1424,1110,1868,1818,605,885,2933,2253,859,1
48,1787,1423,1110,1870,1816,604,888,2902,2254,861,1
49,1783,1425,1110,1874,1816,606,890,2817,2253,861,1
50,1784,1403,1109,1874,1816,606,888,2770,2254,862,1
51,1793,1422,1111,1876,1820,604,891,2802,2254,862,1
52,1783,1421,1109,1877,1818,604,894,2872,2254,864,1
53,1796,1424,1110,1880,1818,604,896,2926,2261,865,1
54,1766,1421,1110,1883,1817,605,899,2931,2256,866,1
55,1779,1420,1111,1882,1818,608,900,2881,2257,866,1
56,1784,1415,1110,1887,1819,606,902,2798,2257,867,1
57,1809,1424,1109,1889,1818,606,904,2780,2258,866,1
58,1786,1438,1109,1891,1818,605,909,2836,2258,867,1
59,1787,1426,1109,1896,1817,605,908,2899,2258,870,1
60,1758,1417,1111,1895,1817,606,907,2936,2259,868,1
61,1788,1395,1109,1898,1818,608,908,2924,2260,869,1
62,1782,1412,1112,1902,1818,605,914,2859,2259,870,1
63,1787,1416,1112,1904,1818,605,913,2799,2259,872,1
64,1786,1434,1110,1906,1818,605,918,2799,2262,871,1
65,1793,1423,1112,1908,1818,606,918,2866,2262,872,1
66,1789,1423,1111,1911,1818,606,920,2916,2262,876,1
67,1784,1413,1110,1914,1819,605,922,2936,2262,872,1
68,1788,1419,1113,1916,1818,607,924,2910,2264,874,1
69,1790,1441,1112,1920,1818,605,929,2844,2264,874,1
70,1793,1426,1110,1921,1818,606,926,2797,2265,875,1
71,1788,1427,1112,1924,1818,604,928,2818,2266,875,1
72,1789,1412,1111,1926,1820,606,929,2883,2266,875,1
73,1790,1419,1112,1928,1820,605,930,2936,2267,876,1
74,1790,1435,1111,1929,1819,606,934,2944,2266,874,1
75,1793,1423,1111,1931,1819,606,936,2895,2267,877,1
76,1788,1430,1112,1934,1818,608,939,2822,2267,876,1
77,1787,1416,1112,1935,1820,605,938,2797,2267,878,1
78,1792,1419,1111,1936,1819,607,938,2846,2268,876,1
79,1797,1431,1113,1937,1820,606,938,2907,2267,877,1
80,1766,1422,1112,1942,1819,605,942,2945,2270,878,1
81,1785,1414,1112,1942,1820,608,941,2935,2269,879,1
82,1817,1426,1112,1943,1820,606,945,2872,2270,879,1
83,1797,1429,1114,1943,1820,605,946,2811,2270,880,1
84,1755,1419,1112,1946,1819,606,946,2812,2270,881,1
85,1788,1425,1112,1946,1818,605,948,2877,2270,880,1
86,1826,1424,1112,1949,1820,605,948,2923,2272,882,1
87,1795,1424,1113,1948,1826,607,948,2947,2270,880,1
88,1758,1419,1111,1952,1821,606,949,2927,2271,881,1
89,1787,1424,1114,1954,1816,609,950,2856,2272,881,1
90,1792,1427,1114,1954,1821,606,954,2801,2274,882,1
91,1797,1426,1115,1954,1822,606,950,2826,2274,882,1
92,1792,1422,1112,1954,1822,607,960,2898,2274,883,1
93,1792,1425,1114,1956,1820,605,954,2945,2275,884,1
94,1793,1428,1114,1956,1821,609,947,2945,2275,883,1
95,1788,1421,1115,1957,1822,608,956,2899,2275,883,1
96,1796,1445,1115,1959,1821,608,957,2828,2276,888,1
97,1799,1426,1114,1958,1822,606,955,2808,2275,885,1
98,1793,1410,1114,1958,1822,607,953,2850,2276,882,1
99,1784,1422,1114,1960,1824,606,955,2910,2275,883,1
100,1792,1426,1114,1961,1821,607,957,2945,2276,884,1
101,1798,1423,1114,1961,1829,608,955,2938,2276,883,1
102,1795,1422,1115,1958,1822,608,955,2883,2276,884,1
103,1790,1424,1114,1960,1820,608,956,2818,2276,885,1
104,1795,1410,1115,1962,1824,606,955,2808,2278,884,1
105,1787,1424,1114,1962,1822,608,958,2870,2277,884,1
106,1796,1435,1113,1962,1822,609,958,2930,2275,883,1
107,1797,1427,1115,1961,1822,608,954,2954,2276,884,1
108,1791,1414,1114,1959,1825,609,956,2925,2275,882,1
109,1819,1426,1116,1959,1821,608,954,2848,2278,883,1
110,1799,1425,1114,1962,1824,608,954,2795,2275,882,1
111,1778,1424,1114,1959,1823,605,953,2826,2276,882,1
112,1795,1428,1114,1958,1825,607,950,2891,2275,882,1
113,1806,1426,1115,1955,1824,607,949,2938,2275,881,1
114,1796,1420,1116,1954,1822,608,948,2950,2276,879,1
115,1803,1428,1115,1954,1825,606,947,2895,2276,882,1
116,1794,1425,1114,1952,1825,609,946,2824,2275,882,1
117,1792,1422,1115,1950,1824,607,944,2794,2274,879,1
118,1800,1437,1117,1948,1822,608,943,2843,2275,879,1
119,1762,1425,1115,1943,1824,608,939,2910,2275,880,1
120,1794,1427,1115,1943,1821,605,940,2946,2274,880,1
121,1814,1425,1116,1939,1826,607,936,2934,2274,878,2
122,1804,1428,1118,1942,1831,611,934,2862,2274,879,2
123,1808,1430,1120,1938,1830,610,933,2787,2275,879,2
124,1805,1431,1119,1932,1828,610,931,2794,2273,878,2
125,1808,1429,1120,1930,1827,609,930,2866,2274,878,2
126,1804,1428,1120,1925,1827,610,923,2922,2272,878,2
127,1806,1427,1120,1919,1828,611,922,2939,2274,878,2
128,1808,1429,1120,1915,1828,607,918,2907,2273,876,2
129,1806,1430,1119,1911,1827,611,915,2819,2272,875,2
130,1805,1432,1119,1906,1827,611,913,2769,2271,876,2
131,1807,1429,1118,1903,1827,610,911,2803,2272,874,2
132,1802,1434,1116,1899,1827,610,908,2882,2270,874,2
133,1803,1428,1120,1896,1828,609,904,2929,2270,873,2
134,1803,1431,1117,1891,1828,610,900,2932,2268,871,2
135,1804,1430,1118,1887,1827,609,898,2858,2268,872,2
136,1807,1428,1118,1885,1826,610,892,2775,2267,871,2
137,1804,1430,1118,1880,1827,607,888,2761,2267,871,2
138,1803,1427,1121,1877,1827,610,886,2827,2267,867,2
139,1803,1431,1117,1874,1828,610,878,2895,2264,868,2
140,1805,1433,1117,1872,1826,610,879,2930,2266,868,2
141,1808,1428,1116,1868,1827,609,876,2910,2264,868,2
142,1803,1431,1118,1863,1826,611,872,2812,2264,866,2
143,1802,1426,1118,1860,1827,609,870,2738,2264,866,2
144,1803,1429,1118,1856,1826,609,867,2762,2262,866,2
145,1805,1431,1117,1851,1825,610,861,2851,2262,862,2
146,1808,1430,1119,1850,1826,610,858,2907,2261,863,2
147,1803,1429,1120,1847,1825,607,854,2924,2262,862,2
148,1802,1428,1118,1844,1826,607,852,2869,2261,861,2
149,1801,1429,1117,1839,1826,610,847,2764,2259,862,2
150,1803,1427,1119,1836,1826,610,846,2725,2259,859,2
151,1803,1426,1118,1834,1825,608,844,2780,2258,860,2
152,1807,1429,1116,1830,1826,610,840,2870,2258,860,2
153,1807,1429,1118,1828,1826,607,838,2915,2258,858,2
154,1806,1427,1115,1823,1826,610,834,2915,2255,858,2
155,1801,1429,1117,1821,1823,609,829,2818,2255,857,2
156,1802,1430,1117,1818,1825,610,828,2726,2255,856,2
157,1807,1428,1117,1815,1824,607,824,2729,2254,856,2
158,1806,1430,1117,1812,1824,609,822,2811,2254,855,2
159,1806,1429,1115,1810,1826,608,819,2885,2252,856,2
160,1802,1428,1116,1808,1826,610,818,2918,2253,854,2
161,1804,1430,1116,1805,1823,610,814,2883,2251,853,2
162,1807,1428,1115,1802,1825,607,813,2767,2251,854,2
163,1802,1427,1116,1800,1826,607,810,2704,2251,853,2
164,1806,1424,1116,1795,1824,609,807,2740,2250,851,2
165,1802,1428,1115,1794,1823,610,806,2840,2249,851,2
166,1802,1428,1116,1790,1822,608,806,2898,2248,851,2
167,1806,1427,1116,1787,1825,607,802,2908,2248,851,2
168,1800,1429,1115,1786,1824,609,800,2834,2247,850,2
169,1804,1426,1114,1782,1823,609,797,2726,2246,850,2
170,1804,1426,1115,1781,1823,608,795,2699,2246,850,2
171,1801,1428,1115,1780,1822,610,793,2773,2245,850,2
172,1803,1425,1116,1777,1824,607,791,2863,2245,849,2
173,1806,1428,1115,1774,1824,607,789,2903,2244,847,2
174,1802,1427,1115,1774,1824,610,788,2894,2243,847,2
175,1802,1427,1115,1770,1822,608,786,2784,2243,846,2
176,1800,1427,1115,1767,1822,609,785,2697,2243,845,2
177,1802,1425,1116,1765,1824,606,783,2712,2242,845,2
178,1803,1430,1115,1763,1822,609,782,2806,2240,844,2
179,1802,1430,1115,1763,1822,608,779,2875,2240,844,2
180,1803,1426,1114,1761,1822,608,777,2902,2240,844,2
181,1798,1426,1113,1758,1822,608,776,2854,2237,843,2
182,1800,1423,1115,1755,1822,607,775,2734,2236,843,2
183,1802,1427,1114,1753,1822,607,772,2681,2237,843,2
184,1800,1429,1114,1754,1821,607,771,2735,2235,842,2
185,1802,1424,1114,1750,1821,608,769,2834,2235,843,2
186,1800,1427,1114,1748,1820,608,768,2891,2234,842,2
187,1799,1428,1114,1747,1822,607,764,2895,2234,842,2
188,1797,1427,1115,1744,1822,608,762,2802,2232,841,2
189,1797,1424,1113,1743,1822,606,760,2698,2233,839,2
190,1798,1426,1114,1742,1821,606,760,2688,2233,842,2
191,1802,1424,1112,1741,1822,606,758,2770,2232,840,2
192,1799,1425,1114,1738,1820,606,757,2859,2232,840,2
193,1798,1427,1114,1738,1822,606,756,2896,2231,840,2
194,1797,1425,1113,1736,1822,607,756,2873,2231,839,2
195,1799,1426,1113,1734,1819,608,753,2756,2229,838,2
196,1800,1426,1113,1734,1820,608,752,2675,2230,838,2
197,1798,1425,1114,1730,1821,607,751,2705,2230,838,2
198,1796,1426,1114,1730,1821,606,750,2809,2230,838,2
199,1797,1426,1112,1729,1820,607,750,2873,2227,837,2
200,1800,1427,1112,1728,1820,606,749,2894,2227,838,2
201,1796,1424,1112,1726,1819,608,746,2826,2227,838,2
202,1798,1426,1114,1723,1821,605,747,2710,2226,838,2
203,1800,1426,1113,1720,1820,606,745,2670,2227,836,2
204,1797,1424,1114,1721,1819,608,744,2738,2226,834,2
205,1800,1426,1112,1720,1819,606,742,2836,2225,836,2
206,1795,1423,1113,1718,1819,606,744,2886,2225,835,2
207,1798,1426,1114,1717,1820,606,741,2885,2224,835,2
208,1798,1421,1114,1715,1821,606,740,2774,2223,835,2
209,1796,1424,1112,1713,1819,608,739,2678,2225,834,2
210,1797,1424,1112,1713,1819,608,738,2686,2222,834,2
211,1798,1426,1113,1712,1818,608,738,2777,2222,834,2
212,1795,1423,1112,1710,1819,606,737,2857,2222,834,2
213,1794,1425,1113,1709,1820,606,736,2890,2222,834,2
214,1794,1422,1112,1709,1819,607,734,2854,2219,830,2
215,1795,1424,1112,1707,1819,606,733,2730,2221,832,2
216,1797,1425,1112,1707,1818,608,732,2662,2221,832,2
217,1794,1424,1112,1706,1818,605,733,2707,2220,828,2
218,1793,1424,1111,1704,1820,606,730,2813,2219,830,2
219,1793,1423,1110,1702,1818,606,731,2874,2218,828,2
220,1794,1423,1112,1702,1819,605,729,2887,2218,832,2
221,1796,1426,1111,1700,1818,606,729,2803,2217,828,2
222,1794,1422,1111,1699,1819,606,728,2693,2218,827,2
223,1793,1424,1112,1698,1818,606,728,2667,2218,827,2
224,1793,1423,1109,1697,1818,607,726,2745,2217,828,2
225,1794,1422,1112,1697,1818,606,726,2844,2216,828,2
226,1797,1427,1112,1696,1818,606,725,2886,2217,826,2
227,1793,1422,1112,1694,1818,606,725,2874,2216,827,2
228,1790,1422,1112,1694,1818,605,722,2754,2215,826,2
229,1792,1420,1109,1693,1818,606,724,2664,2214,827,2
230,1789,1423,1111,1691,1818,608,722,2690,2215,826,2
231,1790,1423,1110,1691,1817,606,722,2787,2214,828,2
232,1796,1422,1111,1690,1818,606,721,2860,2214,825,2
233,1794,1422,1109,1689,1818,606,720,2887,2211,824,2
234,1794,1427,1112,1688,1816,606,718,2830,2213,825,2
235,1790,1421,1109,1688,1815,606,718,2708,2211,825,2
236,1789,1424,1111,1688,1816,608,716,2655,2211,825,2
237,1794,1420,1111,1687,1818,605,719,2714,2212,824,2
238,1794,1422,1109,1685,1817,605,718,2819,2210,825,2
239,1794,1425,1110,1684,1817,606,718,2873,2209,823,2
240,1794,1422,1110,1684,1816,606,717,2878,2210,824,2
241,1789,1422,1109,1681,1818,606,715,2778,2209,824,2
242,1790,1423,1108,1682,1816,606,716,2675,2209,824,2
243,1791,1420,1110,1681,1816,606,714,2669,2207,823,2
244,1789,1421,1109,1681,1816,606,715,2755,2209,824,2
245,1793,1426,1110,1678,1815,606,713,2846,2208,822,2
246,1788,1421,1109,1679,1816,606,714,2883,2207,822,2
247,1792,1424,1110,1679,1816,605,713,2857,2208,822,2
248,1794,1420,1110,1678,1816,605,712,2731,2207,822,2
249,1789,1423,1108,1678,1816,606,714,2653,2206,823,2
250,1789,1426,1109,1677,1814,606,712,2694,2206,821,2
251,1793,1425,1110,1677,1815,604,712,2799,2206,822,2
252,1787,1425,1110,1675,1816,604,711,2862,2206,819,2
253,1786,1419,1110,1675,1816,604,710,2882,2206,820,2
254,1785,1422,1107,1674,1816,604,710,2806,2204,820,2
255,1786,1423,1110,1673,1815,604,708,2692,2204,820,2
256,1789,1421,1107,1673,1814,604,709,2656,2204,820,2
257,1786,1421,1110,1674,1816,604,709,2729,2204,821,2
258,1784,1420,1109,1671,1816,604,710,2827,2203,820,2
259,1785,1421,1108,1672,1816,604,708,2875,2202,820,2
260,1786,1423,1109,1670,1814,604,706,2872,2203,819,2
261,1788,1419,1107,1670,1814,604,707,2755,2202,820,2
262,1784,1423,1109,1669,1814,603,707,2662,2202,819,2
263,1783,1419,1109,1669,1815,603,705,2674,2202,819,2
264,1784,1421,1108,1670,1814,605,706,2771,2201,819,2
265,1786,1422,1107,1667,1816,606,706,2851,2201,818,2
266,1787,1420,1107,1668,1814,604,702,2882,2201,817,2
267,1786,1419,1107,1666,1815,603,705,2835,2200,819,2
268,1782,1417,1108,1666,1815,604,705,2710,2201,818,2
269,1783,1419,1106,1666,1815,605,706,2649,2199,819,2
270,1781,1421,1108,1664,1814,603,702,2704,2200,817,2
271,1784,1422,1107,1662,1814,604,702,2810,2198,817,2
272,1787,1419,1107,1665,1813,603,701,2867,2200,817,2
273,1786,1421,1108,1664,1814,603,701,2875,2199,818,2
274,1787,1418,1107,1664,1813,604,700,2782,2199,816,2
275,1783,1420,1106,1661,1813,604,702,2678,2198,816,2
276,1781,1422,1107,1660,1812,603,700,2662,2198,817,2
277,1786,1418,1106,1660,1813,603,699,2744,2198,817,2
278,1786,1420,1106,1658,1814,605,700,2840,2198,817,2
279,1785,1421,1106,1658,1812,606,699,2875,2195,816,2
280,1783,1422,1107,1657,1814,604,699,2859,2197,815,2
281,1784,1418,1107,1658,1812,604,700,2738,2197,816,2
282,1781,1418,1106,1657,1814,603,699,2652,2197,816,2
283,1779,1417,1108,1657,1814,603,699,2683,2197,817,2
284,1781,1420,1106,1658,1813,604,698,2788,2195,817,2
285,1783,1418,1107,1657,1814,604,697,2858,2195,816,2
286,1785,1419,1105,1656,1812,604,697,2880,2195,815,2
287,1779,1419,1106,1657,1812,602,697,2811,2195,816,2
288,1780,1418,1106,1655,1813,603,697,2694,2195,815,2
289,1779,1419,1106,1656,1812,604,698,2650,2195,816,2
290,1780,1417,1106,1655,1811,603,696,2722,2194,815,2
291,1779,1419,1106,1656,1811,603,696,2820,2194,815,2
292,1782,1420,1104,1654,1813,603,696,2872,2192,814,2
293,1782,1418,1105,1654,1811,603,696,2872,2192,814,2
294,1782,1415,1105,1651,1812,604,696,2758,2193,815,2
295,1778,1417,1104,1652,1811,603,696,2662,2193,815,2
296,1778,1418,1105,1653,1810,604,695,2670,2193,814,2
297,1782,1419,1104,1652,1812,603,695,2764,2192,814,2
298,1780,1419,1106,1652,1812,602,695,2844,2193,814,2
299,1781,1417,1104,1650,1811,605,696,2875,2191,814,2
300,1780,1419,1105,1651,1810,604,695,2839,2191,814,2
301,1780,1419,1105,1652,1811,602,696,2715,2192,814,2
302,1779,1415,1106,1650,1813,603,693,2648,2191,813,2
303,1777,1414,1106,1651,1811,603,694,2696,2192,814,2
304,1777,1416,1105,1650,1812,604,694,2802,2191,814,2
305,1782,1416,1103,1650,1812,603,696,2865,2191,813,2
306,1780,1416,1105,1649,1810,604,693,2873,2190,813,2
307,1779,1416,1106,1649,1812,603,694,2786,2190,814,2
308,1779,1418,1103,1648,1810,603,694,2679,2190,814,2
309,1780,1418,1105,1649,1810,604,693,2658,2191,813,2
310,1777,1416,1106,1648,1810,603,693,2741,2190,811,2
311,1778,1416,1103,1646,1810,603,693,2835,2190,813,2
312,1780,1418,1104,1648,1811,603,694,2874,2188,814,2
313,1777,1417,1103,1647,1811,603,693,2861,2188,812,2
314,1780,1417,1103,1646,1810,604,693,2737,2189,812,2
315,1778,1418,1104,1648,1811,604,692,2653,2189,812,2
316,1778,1416,1103,1646,1808,604,692,2683,2189,812,2
317,1779,1418,1103,1646,1810,603,693,2785,2189,813,2
318,1774,1414,1106,1646,1810,603,692,2855,2189,812,2
319,1780,1417,1103,1645,1810,604,692,2876,2187,812,2
320,1778,1414,1103,1646,1811,602,691,2816,2187,812,2
321,1778,1416,1104,1644,1808,603,691,2696,2189,811,3
322,1776,1418,1106,1644,1809,602,692,2651,2187,812,3
323,1776,1416,1103,1643,1809,602,690,2718,2188,813,3
324,1773,1416,1102,1644,1809,603,691,2820,2187,812,3
325,1778,1418,1103,1643,1808,602,690,2869,2186,810,3
326,1773,1416,1103,1642,1808,603,690,2869,2186,811,3
327,1774,1416,1104,1643,1808,602,691,2760,2187,812,3
328,1776,1416,1102,1642,1809,602,691,2663,2186,812,3
329,1771,1416,1102,1642,1810,603,691,2669,2187,811,3
330,1774,1418,1104,1641,1808,603,690,2761,2186,811,3
331,1778,1416,1102,1642,1808,603,690,2842,2186,811,3
332,1773,1414,1103,1642,1807,602,690,2876,2185,811,3
333,1776,1418,1104,1642,1808,603,689,2837,2185,810,3
334,1775,1415,1101,1641,1809,603,690,2714,2186,810,3
335,1770,1416,1102,1642,1808,603,690,2649,2186,810,3
336,1778,1416,1101,1640,1807,602,690,2696,2186,810,3
337,1771,1416,1102,1640,1807,602,690,2803,2185,810,3
338,1775,1416,1103,1640,1809,603,690,2862,2184,810,3
339,1774,1416,1100,1639,1808,603,690,2874,2184,808,3
340,1758,1412,1098,1635,1802,600,688,2775,2182,809,3
341,1734,1406,1099,1635,1801,600,687,2673,2184,809,3
342,1768,1408,1099,1640,1802,600,688,2654,2184,808,3
343,1761,1410,1104,1643,1803,599,689,2741,2183,811,3
344,1766,1400,1100,1647,1804,600,690,2838,2184,812,3
345,1764,1402,1100,1651,1804,600,688,2875,2182,810,3
346,1759,1415,1098,1655,1807,601,691,2863,2183,811,3
347,1789,1410,1100,1654,1803,599,693,2739,2184,812,3
348,1763,1413,1098,1668,1803,600,694,2657,2185,812,3
349,1786,1409,1098,1676,1803,600,694,2685,2185,812,3
350,1745,1408,1100,1686,1804,600,695,2793,2185,812,3
351,1790,1410,1100,1689,1805,601,698,2862,2185,811,3
352,1776,1409,1100,1698,1804,600,701,2876,2185,812,3
353,1769,1408,1100,1705,1805,600,705,2824,2186,812,3
354,1763,1405,1100,1713,1805,601,706,2718,2185,814,3
355,1770,1413,1101,1721,1806,601,709,2670,2187,814,3
356,1768,1404,1102,1728,1806,601,711,2734,2187,813,3
357,1786,1411,1101,1735,1805,600,713,2830,2188,818,3
358,1771,1419,1101,1738,1806,602,720,2882,2187,814,3
359,1774,1410,1103,1743,1804,601,716,2887,2187,814,3
360,1768,1401,1102,1745,1808,599,717,2788,2187,815,3
361,1766,1414,1103,1749,1805,601,718,2690,2189,814,3
362,1782,1412,1102,1746,1805,601,719,2698,2188,814,3
363,1756,1411,1102,1745,1806,600,722,2778,2189,814,3
364,1770,1401,1102,1744,1806,600,722,2859,2187,814,3
365,1770,1408,1102,1742,1813,602,722,2890,2189,814,3
366,1785,1411,1104,1742,1807,599,724,2861,2189,816,3
367,1767,1411,1104,1740,1807,600,725,2750,2189,815,3
368,1767,1408,1102,1737,1813,600,725,2688,2190,815,3
369,1750,1412,1102,1735,1806,601,725,2722,2187,816,3
370,1782,1411,1103,1732,1806,600,723,2820,2190,815,3
371,1773,1394,1102,1730,1807,601,726,2872,2188,814,3
372,1779,1411,1102,1726,1806,600,728,2890,2190,816,3
373,1765,1412,1104,1725,1806,592,728,2808,2190,818,3
374,1771,1400,1101,1722,1806,602,727,2710,2190,816,3
375,1768,1408,1103,1720,1810,601,727,2694,2191,815,3
376,1778,1411,1102,1718,1806,600,729,2766,2189,816,3
377,1784,1411,1102,1715,1806,601,730,2848,2190,817,3
378,1778,1410,1104,1712,1807,601,731,2883,2190,818,3
379,1767,1410,1103,1710,1807,601,729,2874,2190,817,3
380,1774,1413,1103,1708,1807,600,730,2765,2191,818,3
381,1752,1408,1103,1707,1806,602,727,2685,2192,818,3
382,1782,1410,1102,1705,1807,600,731,2714,2195,819,3
383,1776,1403,1104,1705,1805,600,732,2801,2192,814,3
384,1771,1425,1103,1704,1807,601,733,2870,2191,818,3
385,1770,1416,1104,1702,1806,602,734,2885,2192,818,3
386,1778,1412,1104,1699,1806,602,733,2834,2192,819,3
387,1782,1411,1102,1700,1804,600,738,2728,2192,818,3
388,1775,1408,1104,1702,1807,600,737,2685,2192,820,3
389,1798,1416,1102,1699,1807,601,736,2752,2192,819,3
390,1783,1411,1102,1698,1806,601,740,2841,2192,819,3
391,1775,1420,1104,1700,1807,602,735,2886,2194,818,3
392,1772,1422,1104,1700,1806,600,740,2886,2194,821,3
393,1778,1413,1102,1699,1807,600,741,2795,2193,820,3
394,1777,1422,1102,1699,1807,601,742,2706,2194,820,3
395,1780,1412,1103,1698,1806,602,743,2710,2194,819,3
396,1782,1414,1103,1699,1805,601,744,2792,2194,821,3
397,1776,1408,1103,1697,1805,602,745,2858,2194,820,3
398,1773,1414,1102,1706,1806,602,745,2883,2194,814,3
399,1777,1421,1103,1699,1807,602,744,2861,2194,821,3
400,1772,1408,1104,1699,1807,601,748,2745,2195,820,3
401,1772,1414,1104,1699,1805,601,747,2693,2195,819,3
402,1774,1411,1102,1702,1807,600,748,2738,2194,822,3
403,1774,1403,1104,1701,1807,600,748,2824,2195,820,3
404,1772,1426,1102,1702,1807,600,750,2883,2194,822,3
405,1775,1414,1103,1702,1806,602,750,2885,2195,819,3
406,1773,1409,1104,1701,1806,606,750,2811,2196,821,3
407,1754,1410,1102,1702,1805,601,754,2718,2196,822,3
408,1799,1416,1102,1702,1808,602,754,2711,2195,821,3
409,1771,1410,1102,1702,1807,603,752,2782,2194,820,3
410,1779,1416,1104,1702,1807,599,755,2861,2196,821,3
411,1778,1400,1103,1702,1807,601,754,2890,2195,820,3
412,1767,1410,1103,1703,1806,601,755,2870,2195,822,3
413,1773,1411,1104,1702,1806,601,755,2776,2195,819,3
414,1776,1432,1102,1701,1807,601,755,2705,2195,821,3
415,1771,1425,1103,1702,1806,599,757,2730,2197,821,3
416,1751,1410,1112,1703,1804,601,757,2824,2196,822,3
417,1778,1411,1103,1703,1807,599,759,2883,2196,821,3
418,1763,1410,1102,1703,1807,599,758,2895,2196,820,3
419,1750,1412,1110,1703,1809,601,758,2838,2195,822,3
420,1775,1418,1102,1702,1807,601,758,2738,2196,821,3
421,1780,1413,1103,1701,1806,602,758,2706,2198,822,3
422,1772,1404,1104,1704,1806,599,760,2767,2198,822,3
423,1772,1404,1102,1704,1807,600,760,2852,2196,822,3
424,1798,1414,1102,1701,1806,601,759,2889,2195,822,3
425,1773,1416,1104,1701,1805,602,760,2884,2195,821,3
426,1775,1413,1103,1704,1805,602,756,2786,2198,821,3
427,1773,1418,1104,1702,1806,601,760,2710,2197,820,3
428,1772,1410,1104,1704,1805,601,761,2723,2197,821,3
429,1774,1404,1102,1702,1808,601,762,2805,2195,820,3
430,1778,1416,1104,1702,1806,602,762,2875,2197,820,3
431,1777,1419,1104,1702,1806,602,762,2896,2197,821,3
432,1776,1399,1102,1702,1808,601,764,2850,2196,821,3
433,1763,1412,1103,1701,1805,601,764,2745,2197,822,3
434,1781,1413,1104,1702,1806,601,761,2705,2198,822,3
435,1768,1412,1103,1701,1805,602,763,2750,2198,822,3
436,1778,1430,1103,1700,1806,610,763,2842,2198,821,3
437,1776,1414,1102,1702,1806,601,764,2886,2196,822,3
438,1779,1415,1104,1700,1806,601,762,2892,2196,823,3
439,1772,1392,1103,1707,1806,598,763,2803,2195,822,3
440,1773,1411,1103,1699,1806,602,772,2722,2197,821,3
441,1778,1398,1102,1699,1806,602,762,2711,2197,821,3
442,1776,1410,1104,1700,1807,601,764,2794,2198,821,3
443,1771,1416,1102,1699,1806,602,766,2862,2196,823,3
444,1803,1414,1103,1700,1806,602,764,2889,2198,822,3
445,1775,1430,1103,1699,1805,602,763,2870,2197,820,3
446,1776,1391,1103,1699,1806,602,763,2760,2198,821,3
447,1784,1412,1104,1698,1805,601,764,2698,2197,822,3
448,1742,1409,1102,1699,1807,601,765,2739,2198,822,3
449,1776,1417,1101,1698,1808,601,764,2825,2196,822,3
450,1768,1411,1104,1699,1806,602,765,2882,2197,822,3
451,1778,1420,1103,1701,1806,602,766,2894,2200,822,3
452,1756,1410,1106,1700,1806,601,769,2826,2198,824,3
453,1774,1408,1103,1699,1806,602,768,2728,2197,824,3
454,1783,1412,1104,1699,1816,602,766,2708,2198,823,3
455,1778,1410,1102,1701,1808,602,769,2779,2199,824,3
456,1750,1410,1111,1702,1805,603,770,2860,2198,823,3
457,1772,1411,1102,1703,1807,600,773,2890,2198,826,3
458,1771,1408,1102,1703,1807,602,771,2886,2198,824,3
459,1799,1416,1102,1703,1806,601,773,2782,2198,824,3
460,1786,1412,1103,1703,1805,602,772,2706,2200,823,3
461,1775,1424,1104,1701,1806,603,773,2732,2199,824,3
462,1778,1421,1102,1707,1807,601,776,2820,2200,826,3
463,1760,1414,1104,1707,1801,603,775,2883,2200,826,3
464,1762,1412,1101,1709,1802,602,778,2902,2199,826,3
465,1763,1411,1103,1709,1807,600,779,2851,2201,826,3
466,1774,1416,1103,1712,1807,601,778,2749,2200,826,3
467,1776,1414,1102,1712,1806,600,774,2710,2200,827,3
468,1772,1404,1104,1714,1807,600,782,2764,2202,828,3
469,1772,1401,1102,1716,1805,602,783,2850,2202,827,3
470,1774,1413,1104,1716,1807,600,783,2891,2202,827,3
471,1771,1404,1104,1718,1807,602,786,2895,2198,828,3
472,1772,1389,1101,1719,1806,602,787,2809,2201,828,3
473,1770,1403,1103,1722,1807,600,789,2726,2203,828,3
474,1774,1420,1102,1722,1807,601,790,2733,2202,827,3
475,1774,1412,1102,1723,1807,602,792,2806,2203,833,3
476,1773,1416,1103,1728,1806,602,794,2873,2204,829,3
477,1755,1409,1102,1730,1807,600,794,2904,2203,830,3
478,1766,1411,1103,1730,1805,595,796,2871,2205,829,3
479,1779,1416,1101,1733,1807,602,795,2781,2203,830,3
480,1775,1410,1102,1734,1807,602,799,2728,2204,829,3
481,1772,1404,1103,1736,1807,602,799,2765,2205,830,3
482,1786,1414,1101,1738,1808,602,803,2840,2205,832,3
483,1787,1413,1102,1738,1806,602,802,2892,2204,833,3
484,1771,1399,1102,1740,1807,603,803,2901,2205,832,3
485,1767,1412,1102,1742,1806,603,803,2838,2205,832,3
486,1760,1412,1102,1743,1807,602,806,2754,2208,832,3
487,1774,1427,1104,1739,1807,601,808,2739,2206,834,3
488,1776,1404,1104,1746,1807,601,810,2802,2208,834,3
489,1807,1416,1103,1747,1806,602,810,2870,2208,833,3
490,1774,1416,1104,1749,1806,602,811,2902,2208,834,3
491,1774,1412,1102,1752,1806,603,813,2895,2210,833,3
492,1774,1420,1102,1753,1807,601,813,2802,2209,835,3
493,1773,1410,1102,1755,1807,602,814,2736,2208,835,3
494,1771,1410,1102,1755,1807,602,814,2755,2208,834,3
495,1766,1408,1103,1756,1807,602,814,2840,2209,835,3
496,1779,1418,1104,1758,1806,602,817,2899,2210,835,3
497,1776,1411,1104,1761,1807,601,820,2905,2211,836,3
498,1781,1416,1101,1762,1807,602,818,2861,2210,834,3
499,1771,1413,1102,1763,1807,601,822,2779,2211,835,3
500,1774,1408,1103,1762,1808,602,823,2742,2211,835,3
501,1783,1417,1104,1765,1808,601,823,2788,2212,835,3
502,1775,1416,1101,1765,1806,602,825,2866,2211,837,3
503,1757,1413,1103,1766,1807,602,825,2910,2213,838,3
504,1775,1411,1104,1767,1807,602,826,2903,2211,837,3
505,1772,1418,1104,1770,1806,603,829,2824,2212,836,3
506,1755,1410,1106,1769,1807,602,826,2752,2214,835,3
507,1779,1412,1102,1771,1807,601,828,2749,2213,837,3
508,1772,1410,1104,1772,1807,601,829,2828,2214,837,3
509,1739,1412,1102,1774,1808,602,832,2894,2213,838,3
510,1794,1416,1106,1774,1806,602,832,2909,2214,836,3
511,1774,1396,1103,1776,1808,602,832,2877,2214,838,3
512,1773,1422,1104,1778,1807,601,834,2792,2214,838,3
513,1782,1412,1102,1777,1809,601,835,2738,2215,840,3
514,1771,1414,1103,1778,1806,601,836,2787,2214,838,3
515,1778,1411,1103,1778,1807,602,835,2862,2216,839,3
516,1771,1408,1106,1779,1807,602,836,2906,2216,838,3
517,1775,1419,1104,1782,1807,601,837,2914,2216,840,3
518,1780,1411,1102,1780,1808,602,838,2836,2216,838,3
519,1766,1410,1103,1781,1805,602,840,2767,2216,839,3
520,1780,1412,1104,1780,1815,602,839,2747,2218,839,3
521,1776,1395,1104,1784,1807,603,838,2811,2217,840,3
522,1776,1404,1104,1784,1807,601,842,2886,2218,839,3
523,1771,1410,1104,1785,1808,601,842,2911,2217,840,3
524,1778,1416,1103,1785,1807,603,842,2899,2220,840,3
525,1770,1404,1104,1786,1807,602,842,2804,2218,839,3
526,1762,1410,1103,1787,1808,602,842,2750,2218,839,3
527,1800,1411,1104,1787,1808,602,845,2767,2218,842,3
528,1775,1414,1104,1788,1808,601,845,2854,2218,842,3
529,1780,1413,1104,1789,1811,602,843,2901,2218,842,3
530,1758,1410,1102,1790,1808,602,844,2917,2219,842,3
531,1775,1410,1103,1789,1806,602,843,2866,2220,840,3
532,1763,1409,1103,1792,1810,602,847,2779,2219,842,3
533,1774,1406,1104,1793,1808,602,846,2750,2220,842,3
534,1771,1414,1103,1794,1806,602,847,2806,2220,840,3
535,1793,1415,1105,1794,1808,602,847,2873,2221,842,3
536,1774,1414,1104,1794,1807,602,847,2918,2221,843,3
537,1794,1416,1104,1794,1808,604,847,2905,2220,843,3
538,1770,1414,1104,1795,1807,602,850,2834,2221,842,3
539,1800,1416,1103,1796,1807,602,850,2755,2221,842,3
540,1782,1417,1103,1797,1807,603,847,2764,2222,842,3
541,1814,1416,1103,1795,1807,603,851,2838,2222,843,3
542,1776,1423,1106,1798,1807,610,851,2900,2222,843,3
543,1770,1410,1104,1798,1808,601,852,2916,2222,843,3
544,1777,1432,1103,1798,1807,603,852,2890,2221,843,3
545,1774,1414,1103,1797,1807,603,852,2798,2222,843,3
546,1775,1410,1104,1800,1809,602,850,2755,2223,842,3
547,1755,1411,1104,1801,1809,602,851,2792,2222,844,3
548,1782,1413,1104,1800,1810,602,852,2862,2222,843,3
549,1784,1418,1102,1799,1810,603,852,2918,2224,843,3
550,1778,1419,1105,1802,1807,602,846,2911,2224,843,3
551,1775,1426,1103,1801,1808,603,856,2850,2224,843,3
552,1769,1414,1104,1802,1804,602,852,2768,2224,846,3
553,1776,1414,1104,1802,1808,604,854,2756,2223,843,3
554,1781,1416,1103,1802,1810,603,854,2827,2223,844,3
555,1779,1420,1104,1803,1808,602,854,2888,2225,844,3
556,1774,1430,1104,1803,1808,602,860,2924,2226,843,3
557,1764,1415,1104,1806,1809,602,854,2902,2224,845,3
558,1783,1415,1103,1806,1807,603,854,2807,2226,845,3
559,1777,1421,1103,1804,1809,608,855,2756,2224,845,3
560,1776,1416,1105,1806,1808,602,857,2782,2226,844,3
561,1782,1414,1106,1806,1808,603,854,2850,2226,845,3
562,1783,1416,1104,1806,1808,602,857,2913,2226,844,3
563,1776,1410,1104,1807,1809,602,856,2916,2226,846,3
564,1775,1410,1106,1806,1807,602,856,2867,2226,844,3
565,1782,1416,1104,1806,1808,603,855,2784,2227,845,3
566,1774,1410,1105,1808,1807,602,857,2754,2227,844,3
567,1780,1411,1104,1807,1809,603,857,2811,2226,845,3
568,1775,1414,1106,1811,1807,603,858,2886,2227,846,3
569,1774,1406,1103,1808,1809,599,858,2918,2227,846,3
570,1782,1412,1104,1808,1810,603,858,2906,2228,845,3
571,1766,1414,1104,1809,1809,603,857,2834,2228,846,3
572,1775,1399,1106,1811,1808,602,858,2756,2228,847,3
573,1776,1408,1104,1811,1809,603,858,2770,2227,846,3
574,1787,1417,1104,1810,1809,603,857,2846,2227,846,3
575,1778,1417,1104,1811,1807,602,858,2899,2228,846,3
576,1779,1414,1106,1811,1808,604,857,2918,2228,846,3
577,1777,1421,1104,1813,1809,602,858,2888,2228,846,3
578,1775,1388,1104,1812,1808,602,858,2794,2228,848,3
579,1814,1416,1103,1811,1810,603,859,2754,2227,846,3
580,1778,1413,1103,1813,1807,603,859,2798,2230,847,3
581,1770,1414,1105,1813,1806,602,860,2874,2230,846,3
582,1775,1399,1105,1814,1808,604,859,2913,2229,846,3
583,1777,1413,1103,1813,1809,604,860,2922,2228,846,3
584,1784,1419,1104,1814,1806,603,861,2855,2229,847,3
585,1770,1411,1103,1814,1810,603,862,2771,2230,847,3
586,1814,1416,1105,1815,1808,603,861,2760,2230,847,3
587,1776,1416,1106,1816,1809,603,862,2822,2230,848,3
588,1765,1414,1103,1814,1810,604,862,2895,2230,846,3
589,1778,1420,1104,1816,1810,603,865,2921,2230,852,3
590,1776,1411,1106,1817,1810,603,864,2899,2231,848,3
591,1776,1434,1106,1817,1809,603,871,2818,2231,847,3
592,1784,1416,1104,1818,1809,602,862,2757,2233,848,3
593,1775,1403,1104,1818,1807,602,862,2775,2232,848,3
594,1765,1414,1104,1816,1809,603,864,2855,2230,848,3
595,1786,1416,1106,1818,1810,602,865,2906,2231,847,3
596,1743,1411,1103,1819,1809,604,865,2923,2232,849,3
597,1776,1414,1106,1819,1809,602,866,2870,2230,848,3
598,1803,1415,1104,1819,1810,603,866,2782,2232,848,3
599,1780,1416,1104,1819,1810,602,862,2756,2231,847,3
600,1778,1413,1106,1819,1810,603,867,2811,2233,848,3
601,1774,1414,1106,1820,1808,603,865,2887,2234,846,3
602,1775,1418,1106,1821,1809,602,864,2918,2232,849,3
603,1784,1413,1105,1819,1815,603,865,2910,2232,849,3
604,1783,1408,1105,1819,1810,601,864,2833,2230,848,3
605,1782,1421,1106,1817,1809,603,866,2764,2233,848,3
606,1778,1418,1104,1821,1809,604,866,2774,2234,849,3
607,1776,1396,1106,1822,1810,603,858,2840,2232,850,3
608,1782,1413,1105,1820,1810,603,865,2899,2232,849,3
609,1780,1412,1106,1822,1809,602,866,2926,2234,850,3
610,1782,1426,1106,1815,1810,603,866,2890,2234,850,3
611,1774,1414,1107,1822,1809,602,868,2805,2234,849,3
612,1779,1418,1106,1824,1810,603,868,2752,2234,849,3
613,1786,1418,1106,1823,1808,604,866,2790,2234,848,3
614,1779,1416,1105,1824,1809,603,867,2867,2234,849,3
615,1779,1411,1106,1824,1810,603,866,2920,2234,850,3
616,1765,1412,1105,1825,1810,604,869,2926,2234,850,3
617,1778,1416,1106,1824,1809,603,867,2856,2234,850,3
618,1769,1411,1106,1826,1808,602,869,2768,2230,850,3
619,1795,1416,1105,1826,1809,602,868,2760,2234,850,3
620,1786,1416,1106,1825,1813,603,866,2824,2235,849,3
621,1780,1418,1106,1824,1810,603,868,2895,2235,850,3
622,1792,1415,1106,1826,1810,601,867,2924,2235,850,3
623,1777,1425,1106,1826,1810,603,867,2902,2235,849,3
624,1776,1403,1105,1831,1809,604,867,2813,2235,850,3
625,1778,1410,1106,1827,1809,605,869,2754,2235,850,3
626,1777,1412,1105,1827,1809,603,866,2773,2235,851,3
627,1781,1411,1106,1828,1811,603,868,2858,2235,851,3
628,1752,1410,1108,1826,1809,603,867,2914,2236,850,3
629,1764,1415,1105,1827,1810,603,868,2926,2234,849,3
630,1771,1413,1105,1828,1805,604,868,2874,2237,851,3
631,1778,1410,1106,1829,1810,603,869,2786,2236,849,3
632,1774,1411,1105,1828,1810,603,868,2755,2235,850,3
633,1780,1412,1105,1830,1810,603,867,2811,2235,851,3
634,1778,1411,1106,1828,1810,603,866,2888,2236,850,3
635,1781,1410,1106,1829,1810,604,869,2924,2236,851,3
636,1760,1411,1105,1829,1810,603,869,2920,2237,851,3
637,1764,1412,1107,1830,1810,602,869,2840,2235,850,3
638,1779,1398,1105,1830,1809,604,865,2760,2236,851,3
639,1777,1401,1105,1838,1810,603,869,2769,2236,851,3
640,1779,1404,1106,1830,1809,603,870,2840,2237,850,3
641,1783,1416,1108,1830,1811,604,868,2899,2238,850,3
642,1782,1415,1106,1832,1813,602,869,2920,2238,850,3
643,1786,1423,1106,1832,1810,602,870,2894,2240,851,3
644,1780,1423,1104,1830,1809,603,870,2806,2240,851,3
645,1785,1418,1106,1830,1810,604,869,2757,2240,850,3
646,1774,1414,1104,1831,1805,604,870,2795,2240,852,3
647,1774,1415,1106,1832,1807,603,871,2872,2240,852,3
648,1781,1405,1106,1833,1811,603,872,2915,2240,852,3
649,1774,1408,1106,1834,1810,605,870,2922,2238,851,3
650,1776,1408,1106,1832,1810,604,871,2853,2240,851,3
651,1790,1418,1107,1834,1809,602,871,2772,2241,851,3
652,1785,1416,1106,1835,1810,602,873,2762,2240,854,3
653,1778,1433,1106,1834,1811,601,876,2827,2240,852,3
654,1782,1434,1106,1833,1810,603,870,2895,2240,850,3
655,1780,1410,1107,1832,1810,603,874,2926,2241,850,3
656,1752,1413,1106,1833,1810,604,871,2910,2241,853,3
657,1771,1414,1106,1834,1810,603,872,2824,2246,851,3
658,1774,1418,1106,1835,1810,603,874,2762,2240,852,3
659,1778,1416,1105,1834,1811,603,869,2782,2240,850,3
660,1777,1416,1107,1833,1808,602,869,2857,2242,851,3
661,1780,1403,1106,1834,1809,603,870,2907,2241,851,3
662,1777,1398,1106,1836,1811,603,870,2918,2242,853,3
663,1809,1419,1106,1835,1811,604,873,2875,2241,851,3
664,1818,1418,1106,1835,1811,603,874,2795,2241,852,3
665,1774,1414,1108,1834,1809,605,870,2755,2242,850,3
666,1784,1412,1106,1835,1813,604,871,2802,2242,852,3
667,1784,1415,1107,1836,1811,603,872,2878,2242,852,3
668,1777,1410,1107,1838,1810,604,872,2923,2242,852,3
669,1781,1414,1105,1837,1811,604,870,2923,2242,852,3
670,1778,1412,1107,1837,1809,603,871,2838,2243,852,3
671,1784,1422,1107,1838,1810,603,873,2771,2243,853,3
672,1783,1425,1106,1837,1811,603,874,2770,2242,854,3
673,1746,1410,1106,1838,1811,604,873,2842,2242,853,3
674,1784,1417,1106,1836,1811,604,872,2904,2242,852,3
675,1782,1420,1107,1838,1809,603,871,2926,2243,852,3
676,1768,1414,1110,1839,1811,604,874,2902,2243,852,3
677,1758,1413,1106,1839,1810,603,874,2810,2242,852,3
678,1779,1416,1107,1839,1811,603,872,2761,2242,854,3
679,1775,1413,1107,1838,1811,604,873,2794,2242,852,3
680,1763,1413,1107,1839,1811,602,873,2867,2243,853,3
681,1782,1416,1107,1839,1810,604,873,2920,2244,852,3
682,1775,1416,1106,1840,1808,604,874,2927,2243,854,3
683,1778,1394,1107,1839,1811,604,875,2859,2243,852,3
684,1780,1420,1106,1840,1811,604,874,2780,2242,852,3
685,1778,1418,1108,1839,1810,604,874,2765,2244,853,3
686,1780,1392,1108,1839,1811,604,874,2817,2244,853,3
687,1778,1418,1106,1841,1811,603,875,2886,2243,853,3
688,1776,1408,1106,1839,1811,604,875,2920,2244,852,3
689,1780,1424,1106,1840,1811,603,876,2912,2243,854,3
690,1777,1418,1107,1840,1811,605,874,2836,2244,853,3
691,1781,1403,1106,1839,1810,603,872,2760,2245,853,3
692,1782,1419,1106,1841,1812,604,876,2770,2244,858,3
693,1780,1411,1105,1841,1811,599,874,2846,2243,854,3
694,1779,1391,1106,1840,1811,603,870,2905,2242,853,3
695,1778,1418,1108,1842,1811,604,875,2930,2245,852,3
696,1780,1404,1107,1841,1811,603,875,2885,2246,853,3
697,1782,1416,1106,1842,1811,603,876,2797,2244,854,3
698,1779,1408,1108,1842,1810,603,876,2755,2244,853,3
699,1778,1418,1107,1842,1810,603,875,2798,2245,852,3
700,1782,1417,1107,1842,1810,603,874,2881,2246,854,3
701,1782,1412,1108,1842,1810,603,878,2919,2245,852,3
702,1776,1420,1106,1843,1811,603,876,2927,2246,854,3
703,1780,1395,1106,1842,1810,604,875,2851,2245,853,3
704,1781,1419,1106,1843,1811,603,876,2778,2244,854,3
705,1772,1414,1106,1843,1811,604,874,2768,2246,851,3
706,1779,1418,1107,1844,1811,605,875,2835,2245,852,3
707,1766,1413,1105,1842,1811,605,874,2897,2245,854,3
708,1779,1417,1106,1843,1811,603,875,2930,2246,854,3
709,1769,1416,1107,1843,1811,603,875,2912,2245,854,3
710,1787,1418,1108,1845,1811,603,875,2822,2246,854,3
711,1763,1414,1115,1843,1811,603,876,2762,2246,853,3
712,1787,1419,1106,1844,1811,604,874,2782,2245,854,3
713,1758,1411,1107,1842,1812,606,874,2859,2246,853,3
714,1786,1421,1107,1844,1811,603,874,2915,2248,854,3
715,1782,1411,1106,1846,1811,603,874,2930,2246,854,3
716,1782,1422,1106,1845,1811,604,877,2881,2247,852,3
717,1783,1413,1107,1845,1811,604,874,2795,2246,853,3
718,1778,1426,1106,1846,1811,603,877,2762,2246,854,3
719,1780,1413,1107,1846,1810,604,876,2803,2246,854,3
720,1795,1418,1096,1846,1811,603,874,2884,2246,854,3
