Count,S1,S2,S3,S4,S5,S6,S7,S8,S9,S10,Flag
1,1638,1312,1019,1946,1638,570,905,2931,2171,854,0
2,1622,1306,1019,1948,1639,570,906,2866,2172,854,0
3,1626,1327,1020,1947,1639,571,907,2787,2173,853,0
4,1602,1309,1018,1946,1640,570,905,2784,2173,852,0
5,1609,1307,1022,1946,1638,569,907,2848,2173,853,0
6,1608,1312,1019,1947,1638,570,905,2912,2171,853,0
7,1615,1309,1020,1947,1634,569,906,2939,2173,854,0
8,1620,1314,1019,1946,1637,570,907,2899,2171,854,0
9,1632,1314,1021,1946,1638,571,905,2790,2172,853,0
10,1629,1309,1019,1948,1640,571,906,2779,2172,853,0
11,1622,1322,1020,1947,1638,571,906,2838,2174,853,0
12,1626,1319,1019,1950,1637,570,904,2906,2173,853,0
13,1608,1311,1028,1947,1638,570,906,2938,2172,854,0
14,1611,1308,1019,1947,1638,570,904,2930,2172,854,0
15,1614,1308,1019,1949,1639,571,906,2850,2172,855,0
16,1619,1298,1019,1947,1640,569,903,2775,2172,854,0
17,1622,1296,1020,1949,1638,571,904,2783,2173,853,0
18,1634,1315,1019,1947,1639,569,907,2854,2174,854,0
19,1635,1312,1019,1949,1638,570,907,2916,2170,855,0
20,1634,1309,1009,1948,1638,571,906,2934,2173,854,0
21,1620,1305,1020,1948,1640,571,905,2914,2174,855,1
22,1622,1304,1022,1949,1638,571,904,2827,2174,852,1
23,1592,1310,1019,1949,1638,570,905,2775,2172,852,1
24,1603,1307,1019,1947,1640,570,904,2802,2173,854,1
25,1617,1310,1020,1948,1632,569,906,2878,2172,854,1
26,1615,1306,1020,1952,1640,569,907,2923,2174,854,1
27,1641,1308,1024,1949,1638,571,903,2933,2176,853,1
28,1627,1317,1019,1950,1639,577,907,2890,2176,854,1
29,1589,1311,1019,1949,1640,570,906,2807,2174,856,1
30,1618,1313,1019,1952,1638,570,906,2772,2176,855,1
31,1646,1312,1020,1950,1638,570,907,2818,2176,855,1
32,1621,1309,1019,1950,1639,570,906,2889,2176,854,1
33,1608,1310,1029,1950,1640,571,906,2938,2174,854,1
34,1620,1315,1022,1951,1638,571,906,2933,2176,859,1
35,1616,1307,1020,1953,1640,569,907,2864,2176,855,1
36,1624,1322,1020,1954,1638,570,908,2792,2176,856,1
37,1600,1308,1021,1954,1639,570,908,2782,2176,854,1
38,1618,1312,1024,1955,1639,571,909,2838,2170,855,1
39,1622,1311,1021,1956,1640,571,907,2901,2176,854,1
40,1628,1318,1021,1958,1639,579,912,2945,2177,856,1
41,1619,1298,1019,1958,1640,569,909,2923,2176,856,1
42,1639,1314,1020,1962,1639,570,911,2843,2178,856,1
43,1588,1307,1024,1962,1640,570,912,2784,2178,857,1
44,1622,1317,1024,1963,1640,570,915,2792,2178,857,1
45,1618,1308,1020,1965,1641,571,915,2865,2170,858,1
46,1626,1316,1022,1966,1640,571,916,2926,2177,859,1
47,1620,1313,1021,1968,1640,569,921,2948,2179,859,1
48,1627,1309,1021,1971,1640,572,917,2913,2179,859,1
49,1627,1317,1024,1970,1640,571,920,2837,2179,860,1
50,1618,1323,1021,1974,1640,571,922,2790,2178,861,1
51,1627,1312,1021,1976,1641,570,921,2810,2180,861,1
52,1626,1318,1020,1976,1640,570,921,2887,2181,862,1
53,1620,1304,1021,1979,1640,571,924,2931,2180,864,1
54,1625,1309,1024,1982,1640,570,926,2939,2181,863,1
55,1628,1313,1021,1982,1642,571,930,2900,2181,866,1
56,1619,1309,1020,1986,1641,570,932,2822,2182,866,1
57,1622,1312,1021,1990,1641,570,932,2798,2183,866,1
58,1623,1317,1020,1991,1642,570,935,2833,2182,868,1
59,1658,1315,1021,1991,1640,571,935,2901,2184,866,1
60,1624,1328,1021,1996,1639,570,941,2947,2184,869,1
61,1625,1320,1021,1997,1641,571,935,2940,2184,869,1
62,1633,1314,1021,1999,1640,571,941,2884,2184,869,1
63,1613,1312,1022,2001,1642,570,942,2819,2186,870,1
64,1619,1304,1024,2006,1641,570,946,2806,2187,872,1
65,1626,1309,1021,2006,1642,571,947,2865,2186,872,1
66,1627,1315,1021,2009,1642,571,950,2919,2186,872,1
67,1647,1316,1025,2011,1641,571,951,2949,2187,873,1
68,1608,1307,1024,2014,1641,570,950,2942,2188,873,1
69,1621,1304,1026,2014,1642,572,958,2869,2187,874,1
70,1628,1318,1024,2019,1640,571,955,2810,2190,874,1
71,1625,1316,1025,2021,1642,571,958,2818,2187,873,1
72,1654,1316,1026,2021,1642,571,958,2882,2190,875,1
73,1605,1314,1022,2024,1643,570,962,2938,2190,876,1
74,1626,1307,1025,2027,1642,572,963,2952,2190,874,1
75,1630,1322,1024,2028,1642,572,963,2927,2189,875,1
76,1625,1318,1025,2029,1643,571,967,2856,2190,875,1
77,1646,1312,1026,2031,1642,571,968,2808,2191,875,1
78,1614,1313,1025,2032,1643,572,971,2838,2191,877,1
79,1625,1310,1024,2035,1643,571,971,2896,2192,879,1
80,1627,1310,1022,2036,1643,571,970,2949,2192,878,1
81,1624,1322,1026,2035,1643,571,970,2952,2191,878,1
82,1635,1316,1026,2038,1647,572,972,2906,2192,878,1
83,1626,1312,1024,2040,1642,571,976,2847,2194,878,1
84,1657,1318,1026,2042,1642,572,974,2811,2193,879,1
85,1630,1327,1025,2044,1642,571,976,2857,2194,880,1
86,1624,1309,1025,2042,1643,568,978,2917,2193,880,1
87,1630,1314,1026,2045,1643,572,977,2957,2196,881,1
88,1630,1322,1024,2046,1643,571,981,2954,2195,882,1
89,1637,1312,1026,2049,1654,572,980,2894,2196,880,1
90,1635,1319,1025,2049,1647,571,980,2832,2194,882,1
91,1660,1314,1026,2050,1646,572,983,2822,2196,882,1
92,1630,1322,1026,2043,1643,570,982,2876,2198,881,1
93,1626,1308,1026,2052,1647,571,984,2930,2196,882,1
94,1627,1311,1026,2053,1647,571,983,2962,2198,882,1
95,1616,1317,1028,2054,1647,571,987,2953,2197,882,1
96,1635,1314,1026,2054,1646,571,986,2869,2198,882,1
97,1630,1316,1026,2054,1647,571,986,2825,2198,882,1
98,1644,1316,1026,2056,1647,570,985,2827,2198,882,1
99,1636,1324,1026,2054,1646,572,987,2896,2198,882,1
100,1632,1321,1027,2058,1646,582,987,2948,2197,882,1
101,1625,1315,1028,2058,1647,571,986,2958,2199,882,1
102,1632,1338,1026,2058,1647,572,993,2938,2197,883,1
103,1624,1304,1028,2056,1647,574,986,2860,2198,882,1
104,1628,1312,1027,2058,1647,572,985,2819,2198,882,1
105,1610,1312,1035,2058,1647,571,987,2847,2197,881,1
106,1636,1314,1027,2058,1648,572,986,2903,2198,882,1
107,1638,1315,1026,2058,1648,571,985,2955,2199,882,1
108,1644,1318,1026,2058,1648,571,986,2959,2198,882,1
109,1634,1321,1028,2056,1647,572,983,2912,2198,881,1
110,1630,1320,1026,2056,1648,571,984,2835,2198,880,1
111,1628,1328,1027,2058,1648,572,983,2814,2198,881,1
112,1629,1320,1026,2054,1647,571,982,2859,2198,880,1
113,1633,1314,1028,2054,1647,572,978,2923,2197,880,1
114,1621,1317,1027,2053,1642,572,979,2962,2198,881,1
115,1627,1313,1027,2050,1648,573,978,2953,2197,879,1
116,1608,1314,1027,2050,1649,572,976,2887,2196,879,1
117,1626,1310,1027,2046,1645,572,974,2811,2196,879,1
118,1640,1320,1026,2046,1646,572,973,2811,2196,880,1
119,1628,1300,1027,2042,1646,571,971,2869,2197,879,1
120,1629,1316,1027,2042,1645,572,968,2934,2197,877,1
121,1634,1322,1027,2039,1646,573,967,2954,2195,877,2
122,1638,1318,1028,2037,1648,572,965,2934,2196,878,2
123,1640,1323,1030,2040,1651,573,965,2856,2195,877,2
124,1640,1323,1032,2034,1650,574,962,2795,2195,875,2
125,1642,1320,1030,2031,1650,574,962,2812,2195,876,2
126,1639,1323,1031,2026,1650,576,956,2886,2194,875,2
127,1642,1322,1030,2024,1650,576,955,2938,2194,875,2
128,1642,1321,1032,2019,1650,576,951,2954,2195,875,2
129,1640,1320,1028,2015,1650,573,948,2914,2194,875,2
130,1640,1321,1029,2010,1648,573,945,2830,2193,873,2
131,1642,1323,1030,2007,1650,574,943,2782,2193,871,2
132,1638,1320,1030,2003,1649,574,938,2820,2192,873,2
133,1638,1319,1030,2001,1647,576,936,2898,2192,871,2
134,1642,1322,1030,1998,1649,573,933,2945,2192,872,2
135,1640,1320,1030,1994,1650,573,929,2950,2190,870,2
136,1641,1322,1029,1990,1650,572,927,2875,2191,870,2
137,1638,1317,1028,1988,1648,573,922,2789,2191,870,2
138,1637,1318,1030,1985,1648,572,918,2771,2190,867,2
139,1637,1322,1029,1980,1648,573,916,2834,2189,867,2
140,1640,1320,1029,1977,1648,573,914,2908,2188,866,2
141,1642,1322,1030,1974,1647,572,910,2941,2187,866,2
142,1638,1318,1029,1971,1648,576,906,2929,2187,866,2
143,1642,1319,1030,1964,1648,576,902,2836,2186,863,2
144,1640,1320,1029,1964,1646,573,899,2758,2186,863,2
145,1638,1317,1028,1960,1647,574,897,2770,2186,862,2
146,1640,1322,1027,1958,1647,573,892,2854,2184,862,2
147,1638,1317,1029,1954,1647,574,889,2916,2186,862,2
148,1637,1318,1029,1953,1647,573,886,2938,2184,861,2
149,1636,1320,1029,1947,1646,573,883,2904,2182,860,2
150,1637,1320,1028,1945,1647,574,880,2798,2182,859,2
151,1636,1315,1028,1944,1646,573,877,2738,2182,858,2
152,1640,1319,1027,1939,1646,572,874,2774,2182,858,2
153,1640,1320,1029,1938,1646,572,872,2864,2182,858,2
154,1635,1318,1028,1935,1646,573,868,2920,2180,858,2
155,1641,1319,1028,1932,1646,574,867,2930,2181,856,2
156,1635,1319,1027,1929,1647,573,862,2863,2178,856,2
157,1639,1319,1029,1925,1646,576,858,2763,2179,854,2
158,1638,1317,1027,1924,1645,573,858,2730,2178,855,2
159,1635,1318,1028,1922,1645,573,856,2792,2177,854,2
160,1635,1318,1027,1917,1646,573,852,2883,2176,854,2
161,1638,1317,1028,1914,1645,571,851,2925,2176,852,2
162,1638,1316,1028,1912,1645,573,848,2922,2176,852,2
163,1635,1316,1027,1909,1646,573,844,2823,2176,851,2
164,1638,1317,1027,1907,1645,571,844,2728,2174,852,2
165,1635,1321,1027,1904,1646,573,842,2731,2171,850,2
166,1635,1317,1026,1903,1646,571,839,2810,2172,850,2
167,1640,1318,1027,1899,1645,574,836,2889,2170,848,2
168,1634,1318,1027,1898,1644,574,835,2922,2171,849,2
169,1638,1320,1025,1897,1645,572,834,2898,2169,848,2
170,1637,1318,1027,1893,1646,573,830,2790,2170,848,2
171,1633,1319,1025,1891,1646,572,827,2712,2168,847,2
172,1634,1318,1026,1888,1646,571,826,2741,2170,847,2
173,1638,1320,1026,1886,1644,572,822,2835,2168,845,2
174,1634,1317,1026,1884,1644,572,822,2900,2168,847,2
175,1638,1320,1026,1882,1643,572,819,2922,2168,846,2
176,1636,1318,1026,1881,1645,572,818,2872,2166,845,2
177,1636,1319,1027,1880,1643,574,815,2753,2167,845,2
178,1638,1318,1027,1877,1644,571,815,2702,2166,843,2
179,1634,1317,1025,1875,1643,571,813,2755,2166,845,2
180,1636,1320,1026,1874,1643,572,811,2853,2164,842,2
181,1633,1320,1026,1872,1643,573,808,2906,2163,843,2
182,1634,1320,1026,1867,1642,573,807,2913,2162,843,2
183,1634,1318,1026,1866,1643,571,806,2827,2163,843,2
184,1632,1317,1025,1867,1644,572,803,2723,2162,843,2
185,1634,1318,1026,1864,1642,572,801,2705,2161,840,2
186,1629,1316,1025,1863,1643,571,801,2780,2160,842,2
187,1633,1320,1027,1859,1643,573,799,2868,2162,841,2
188,1636,1319,1027,1858,1643,574,798,2910,2161,841,2
189,1632,1317,1026,1858,1643,571,796,2902,2160,840,2
190,1632,1316,1024,1856,1643,572,794,2792,2160,840,2
191,1634,1316,1026,1853,1642,572,793,2702,2159,840,2
192,1630,1318,1025,1850,1642,572,792,2712,2158,839,2
193,1629,1320,1025,1849,1643,570,790,2803,2158,838,2
194,1634,1318,1026,1848,1642,571,790,2881,2157,838,2
195,1632,1316,1025,1847,1643,571,790,2912,2156,837,2
196,1634,1318,1026,1846,1642,571,788,2880,2155,838,2
197,1628,1318,1025,1845,1641,572,786,2758,2157,837,2
198,1628,1318,1026,1843,1642,572,786,2688,2156,837,2
199,1628,1315,1024,1844,1643,571,784,2725,2156,836,2
200,1632,1318,1026,1841,1641,571,783,2828,2154,836,2
201,1629,1317,1025,1839,1642,571,781,2892,2154,836,2
202,1630,1316,1024,1838,1642,573,780,2907,2152,834,2
203,1634,1318,1026,1835,1642,571,779,2842,2154,835,2
204,1630,1315,1024,1834,1641,571,778,2726,2154,835,2
205,1633,1316,1025,1833,1642,573,776,2684,2152,834,2
206,1629,1315,1024,1831,1642,571,775,2750,2150,833,2
207,1632,1316,1025,1831,1641,570,776,2846,2152,833,2
208,1634,1316,1026,1830,1641,572,773,2897,2152,834,2
209,1629,1315,1024,1830,1641,570,774,2899,2150,834,2
210,1629,1317,1024,1826,1642,571,773,2802,2150,832,2
211,1631,1314,1025,1825,1642,571,771,2703,2150,832,2
212,1627,1315,1021,1826,1641,571,771,2691,2150,833,2
213,1627,1316,1025,1825,1641,571,767,2774,2150,832,2
214,1627,1313,1021,1824,1641,570,770,2863,2148,832,2
215,1629,1316,1024,1819,1642,571,766,2902,2147,832,2
216,1630,1316,1024,1819,1642,572,765,2888,2147,829,2
217,1627,1318,1024,1819,1640,571,765,2770,2148,829,2
218,1624,1317,1026,1818,1640,572,763,2682,2147,829,2
219,1626,1314,1021,1817,1641,570,764,2705,2147,832,2
220,1627,1315,1024,1816,1642,571,763,2805,2146,828,2
221,1631,1315,1024,1814,1642,570,761,2876,2146,828,2
222,1627,1316,1024,1814,1640,571,761,2903,2146,827,2
223,1625,1317,1026,1813,1641,571,760,2858,2146,827,2
224,1626,1313,1020,1814,1640,570,760,2734,2144,827,2
225,1626,1314,1024,1811,1641,571,758,2676,2143,825,2
226,1626,1316,1020,1810,1640,570,758,2723,2146,827,2
227,1626,1318,1024,1810,1639,571,756,2827,2144,826,2
228,1630,1315,1022,1808,1640,571,755,2889,2142,825,2
229,1626,1314,1022,1806,1640,572,755,2899,2142,826,2
230,1625,1314,1021,1807,1640,571,756,2822,2141,825,2
231,1624,1315,1021,1805,1639,569,754,2710,2142,825,2
232,1628,1314,1020,1803,1640,570,753,2677,2141,825,2
233,1626,1314,1022,1805,1640,571,753,2752,2142,825,2
234,1627,1315,1019,1803,1640,570,753,2846,2140,826,2
235,1625,1315,1021,1802,1641,570,754,2896,2139,824,2
236,1624,1315,1021,1800,1640,571,752,2895,2139,824,2
237,1629,1312,1020,1801,1639,570,750,2779,2140,825,2
238,1627,1313,1021,1800,1638,569,749,2683,2140,823,2
239,1627,1318,1020,1798,1640,571,748,2688,2138,822,2
240,1626,1312,1020,1798,1639,570,748,2777,2139,823,2
241,1624,1311,1020,1798,1638,570,748,2861,2138,824,2
242,1626,1313,1019,1797,1639,570,746,2896,2138,824,2
243,1630,1317,1022,1795,1638,570,747,2871,2138,824,2
244,1625,1314,1020,1796,1638,569,747,2748,2138,824,2
245,1628,1314,1019,1795,1640,571,746,2671,2136,822,2
246,1624,1314,1020,1796,1638,570,748,2704,2137,823,2
247,1626,1314,1020,1793,1637,571,745,2807,2138,820,2
248,1627,1312,1019,1792,1640,570,744,2874,2137,822,2
249,1625,1315,1020,1794,1639,570,746,2895,2136,824,2
250,1622,1313,1019,1792,1639,569,743,2839,2136,820,2
251,1627,1315,1019,1789,1639,570,743,2720,2134,821,2
252,1624,1314,1020,1789,1638,571,743,2668,2136,820,2
253,1623,1313,1020,1787,1638,571,742,2726,2135,821,2
254,1624,1314,1019,1788,1638,570,742,2827,2134,821,2
255,1624,1317,1019,1787,1637,570,741,2886,2134,820,2
256,1627,1315,1018,1785,1638,571,741,2894,2133,820,2
257,1623,1309,1018,1787,1637,570,742,2798,2134,821,2
258,1622,1314,1019,1785,1637,571,739,2696,2134,819,2
259,1622,1311,1019,1785,1637,569,739,2674,2134,820,2
260,1623,1315,1018,1782,1637,571,739,2756,2133,819,2
261,1626,1316,1018,1782,1638,569,738,2850,2132,818,2
262,1622,1314,1018,1783,1637,571,739,2892,2134,817,2
263,1621,1310,1019,1781,1637,571,737,2884,2133,819,2
264,1621,1313,1017,1781,1638,570,739,2766,2131,818,2
265,1623,1314,1019,1779,1637,571,738,2675,2132,818,2
266,1624,1314,1019,1779,1637,570,735,2690,2132,819,2
267,1622,1315,1018,1780,1637,570,736,2784,2132,818,2
268,1621,1314,1018,1778,1637,570,736,2863,2130,818,2
269,1621,1312,1018,1779,1638,569,736,2893,2130,818,2
270,1621,1310,1017,1778,1638,570,735,2858,2130,817,2
271,1620,1313,1019,1776,1638,570,736,2735,2130,817,2
272,1625,1309,1018,1777,1637,570,734,2666,2130,817,2
273,1623,1312,1018,1776,1636,570,732,2706,2130,817,2
274,1621,1313,1018,1775,1635,570,735,2813,2129,818,2
275,1621,1313,1018,1775,1637,570,733,2878,2129,817,2
276,1619,1312,1017,1773,1637,570,734,2894,2128,816,2
277,1624,1315,1016,1775,1636,569,732,2822,2128,818,2
278,1622,1309,1019,1773,1636,570,733,2707,2130,817,2
279,1623,1313,1017,1773,1637,569,732,2666,2128,818,2
280,1621,1310,1018,1771,1635,570,732,2738,2127,816,2
281,1624,1312,1017,1772,1637,569,732,2835,2127,816,2
282,1621,1314,1019,1771,1635,570,731,2886,2127,815,2
283,1618,1314,1018,1770,1637,569,732,2888,2127,817,2
284,1619,1310,1017,1772,1635,569,731,2784,2127,816,2
285,1619,1309,1017,1770,1637,569,731,2684,2127,816,2
286,1622,1312,1017,1768,1636,571,731,2680,2126,816,2
287,1619,1310,1018,1770,1635,570,730,2764,2127,816,2
288,1619,1310,1019,1768,1635,570,731,2853,2126,815,2
289,1618,1311,1017,1770,1636,569,731,2890,2126,816,2
290,1618,1310,1018,1770,1634,570,730,2872,2125,815,2
291,1621,1311,1017,1770,1634,569,730,2754,2126,816,2
292,1622,1312,1015,1768,1635,569,729,2668,2127,815,2
293,1620,1310,1018,1768,1634,570,729,2696,2127,815,2
294,1622,1312,1016,1766,1636,569,727,2794,2125,814,2
295,1617,1309,1018,1766,1635,568,728,2867,2125,814,2
296,1619,1309,1018,1767,1635,570,728,2892,2126,814,2
297,1619,1309,1018,1766,1634,570,727,2841,2125,812,2
298,1618,1310,1016,1768,1635,570,729,2721,2125,814,2
299,1619,1311,1016,1766,1635,568,727,2663,2124,814,2
300,1619,1314,1016,1763,1635,569,728,2711,2124,814,2
301,1618,1310,1015,1763,1635,569,728,2819,2124,814,2
302,1619,1313,1018,1763,1635,569,728,2878,2125,815,2
303,1617,1309,1017,1764,1634,570,725,2888,2123,814,2
304,1616,1310,1017,1763,1635,568,728,2803,2123,814,2
305,1617,1313,1017,1762,1636,568,726,2698,2124,814,2
306,1619,1310,1017,1762,1635,570,725,2671,2122,813,2
307,1616,1310,1017,1762,1635,568,728,2746,2124,814,2
308,1615,1306,1018,1762,1634,570,725,2842,2123,814,2
309,1616,1309,1015,1761,1635,568,727,2886,2122,814,2
310,1617,1310,1016,1758,1633,568,725,2884,2121,812,2
311,1618,1312,1016,1761,1636,568,724,2770,2122,813,2
312,1618,1310,1018,1759,1634,569,725,2676,2123,813,2
313,1615,1309,1015,1759,1634,569,726,2682,2122,814,2
314,1616,1305,1015,1760,1634,567,726,2777,2122,811,2
315,1616,1310,1017,1758,1633,568,725,2858,2121,812,2
316,1616,1312,1016,1760,1634,568,726,2890,2121,812,2
317,1618,1310,1016,1759,1634,567,725,2859,2122,812,2
318,1614,1309,1016,1758,1634,567,725,2738,2121,811,2
319,1618,1306,1016,1758,1634,569,724,2663,2122,812,2
320,1618,1310,1015,1756,1634,569,724,2703,2120,813,2
321,1615,1309,1015,1757,1632,568,723,2806,2120,813,3
322,1612,1328,1011,1752,1628,566,723,2866,2120,812,3
323,1610,1304,1013,1754,1626,568,727,2892,2120,812,3
324,1603,1299,1002,1757,1628,566,723,2822,2121,811,3
325,1590,1302,1013,1760,1628,568,727,2712,2119,812,3
326,1618,1302,1014,1765,1630,568,726,2664,2119,812,3
327,1602,1301,1014,1770,1627,566,725,2730,2120,813,3
328,1609,1290,1012,1774,1628,567,725,2833,2120,813,3
329,1593,1303,1014,1779,1630,566,728,2881,2122,813,3
330,1603,1303,1013,1784,1630,566,729,2891,2119,814,3
331,1608,1299,1015,1789,1630,567,730,2796,2122,812,3
332,1607,1307,1013,1798,1627,567,732,2699,2121,813,3
333,1605,1294,1014,1805,1629,566,734,2693,2121,813,3
334,1608,1296,1013,1812,1630,566,735,2769,2122,815,3
335,1602,1305,1014,1818,1630,566,740,2858,2121,815,3
336,1574,1301,1016,1828,1632,568,742,2890,2122,815,3
337,1600,1305,1014,1835,1630,567,743,2888,2122,816,3
338,1613,1303,1014,1841,1631,566,746,2779,2122,817,3
339,1606,1306,1014,1845,1632,566,747,2696,2123,816,3
340,1604,1304,1015,1850,1632,566,750,2712,2122,816,3
341,1612,1312,1014,1850,1632,568,749,2806,2122,816,3
342,1614,1306,1016,1852,1631,568,751,2871,2124,816,3
343,1612,1302,1015,1856,1631,566,754,2907,2123,817,3
344,1608,1312,1014,1859,1632,567,754,2867,2123,815,3
345,1606,1302,1016,1854,1632,568,756,2762,2123,818,3
346,1618,1312,1015,1852,1632,568,757,2698,2123,815,3
347,1617,1306,1016,1853,1631,568,758,2735,2124,818,3
348,1606,1309,1016,1851,1631,566,757,2827,2123,818,3
349,1594,1306,1015,1848,1634,568,758,2887,2124,818,3
350,1612,1313,1016,1844,1634,568,759,2897,2123,818,3
351,1613,1301,1016,1843,1632,568,759,2840,2122,817,3
352,1612,1294,1016,1842,1630,568,760,2735,2124,816,3
353,1620,1305,1016,1840,1632,566,761,2702,2126,818,3
354,1608,1300,1015,1838,1640,567,762,2768,2125,817,3
355,1616,1304,1016,1832,1634,567,761,2858,2124,818,3
356,1606,1307,1017,1833,1632,562,762,2894,2124,818,3
357,1614,1286,1016,1832,1631,568,762,2896,2124,818,3
358,1637,1307,1016,1829,1633,566,763,2807,2125,820,3
359,1635,1308,1015,1825,1632,568,764,2717,2124,818,3
360,1610,1304,1016,1823,1639,568,763,2716,2125,818,3
361,1606,1306,1017,1823,1634,568,763,2798,2124,819,3
362,1610,1311,1015,1822,1633,566,764,2866,2126,819,3
363,1603,1308,1015,1821,1633,567,766,2898,2125,820,3
364,1614,1297,1015,1818,1633,567,768,2883,2125,819,3
365,1613,1298,1017,1816,1634,567,768,2773,2126,820,3
366,1588,1304,1016,1817,1633,568,770,2702,2126,819,3
367,1606,1308,1015,1817,1635,566,770,2735,2126,820,3
368,1583,1306,1016,1816,1633,567,768,2820,2126,822,3
369,1613,1297,1017,1815,1633,567,771,2882,2126,821,3
370,1623,1306,1016,1814,1634,568,773,2902,2125,820,3
371,1592,1306,1016,1814,1633,568,773,2852,2127,821,3
372,1610,1309,1016,1814,1631,568,773,2752,2128,820,3
373,1610,1301,1016,1815,1633,568,776,2709,2127,820,3
374,1647,1310,1018,1813,1634,568,776,2761,2127,822,3
375,1606,1305,1016,1811,1638,568,776,2847,2126,822,3
376,1624,1306,1016,1811,1634,568,776,2897,2126,821,3
377,1642,1310,1004,1814,1632,567,776,2904,2127,821,3
378,1633,1307,1016,1814,1633,567,777,2827,2127,822,3
379,1610,1300,1017,1813,1632,568,778,2731,2126,821,3
380,1600,1306,1015,1813,1634,567,780,2718,2128,823,3
381,1578,1305,1016,1812,1630,568,779,2782,2128,821,3
382,1615,1305,1016,1813,1633,568,781,2866,2128,823,3
383,1633,1310,1004,1814,1637,566,782,2906,2128,822,3
384,1600,1303,1015,1814,1634,566,784,2893,2128,822,3
385,1622,1305,1016,1814,1633,568,783,2798,2128,823,3
386,1615,1294,1017,1814,1634,568,783,2714,2128,821,3
387,1615,1323,1015,1816,1633,567,785,2735,2128,822,3
388,1612,1301,1018,1816,1633,568,785,2817,2128,822,3
389,1612,1327,1014,1815,1634,566,786,2886,2128,823,3
390,1610,1308,1016,1814,1634,568,786,2904,2128,820,3
391,1616,1303,1018,1816,1634,567,789,2876,2129,822,3
392,1615,1307,1015,1816,1632,566,788,2775,2129,823,3
393,1609,1298,1016,1816,1631,567,788,2714,2128,822,3
394,1628,1306,1017,1815,1634,567,787,2758,2129,822,3
395,1616,1302,1016,1815,1633,567,787,2842,2128,822,3
396,1604,1306,1016,1815,1634,568,788,2894,2128,822,3
397,1611,1308,1015,1816,1633,568,790,2902,2128,824,3
398,1638,1307,1012,1816,1640,567,791,2844,2128,821,3
399,1632,1307,1015,1816,1634,567,790,2749,2127,823,3
400,1624,1307,1016,1816,1633,567,789,2722,2129,823,3
401,1613,1321,1018,1815,1634,568,791,2781,2128,822,3
402,1614,1330,1018,1816,1634,576,790,2866,2127,822,3
403,1620,1311,1015,1816,1631,568,791,2907,2130,823,3
404,1613,1317,1016,1815,1634,567,793,2904,2128,824,3
405,1616,1304,1016,1814,1634,568,792,2813,2128,824,3
406,1612,1300,1016,1808,1634,568,791,2728,2128,823,3
407,1623,1308,1015,1814,1633,568,792,2733,2128,824,3
408,1620,1307,1016,1814,1633,567,792,2810,2128,823,3
409,1608,1301,1015,1814,1633,567,792,2875,2129,823,3
410,1610,1309,1017,1813,1634,569,786,2906,2128,822,3
411,1609,1307,1017,1814,1634,568,793,2880,2129,823,3
412,1611,1317,1015,1814,1633,568,794,2780,2128,822,3
413,1613,1302,1015,1814,1633,568,793,2718,2129,824,3
414,1611,1300,1016,1813,1634,568,793,2746,2128,822,3
415,1592,1304,1018,1812,1635,568,794,2837,2129,822,3
416,1617,1314,1018,1811,1632,567,794,2897,2128,823,3
417,1603,1306,1016,1814,1632,568,793,2905,2129,824,3
418,1611,1314,1016,1810,1633,568,794,2850,2128,823,3
419,1615,1317,1014,1814,1636,567,795,2757,2134,822,3
420,1612,1301,1016,1811,1634,569,792,2721,2128,822,3
421,1608,1305,1016,1811,1634,568,794,2770,2128,822,3
422,1619,1307,1016,1811,1634,568,793,2862,2129,824,3
423,1611,1292,1017,1812,1633,568,795,2902,2129,824,3
424,1616,1300,1015,1810,1634,566,794,2907,2129,822,3
425,1614,1311,1016,1810,1634,569,789,2813,2129,823,3
426,1620,1314,1014,1810,1634,568,794,2731,2130,822,3
427,1612,1309,1016,1810,1634,568,794,2726,2128,824,3
428,1615,1311,1016,1812,1634,568,795,2803,2130,824,3
429,1616,1310,1014,1810,1635,567,794,2873,2128,823,3
430,1620,1304,1018,1810,1632,568,795,2910,2128,819,3
431,1614,1308,1016,1810,1634,568,796,2885,2130,822,3
432,1646,1307,1016,1811,1631,568,796,2784,2129,824,3
433,1587,1303,1027,1811,1634,568,798,2722,2130,824,3
434,1614,1292,1015,1810,1634,567,798,2741,2129,823,3
435,1622,1304,1016,1810,1634,568,797,2835,2129,823,3
436,1602,1306,1016,1812,1632,568,799,2897,2129,824,3
437,1614,1294,1017,1813,1633,568,802,2906,2129,823,3
438,1616,1328,1018,1815,1632,567,802,2864,2129,826,3
439,1614,1306,1016,1814,1634,568,801,2769,2128,826,3
440,1614,1310,1016,1816,1634,567,801,2720,2130,825,3
441,1618,1307,1016,1815,1633,570,803,2774,2130,826,3
442,1613,1322,1018,1814,1632,567,804,2859,2129,825,3
443,1611,1306,1014,1818,1633,567,807,2903,2130,825,3
444,1615,1298,1017,1817,1634,568,806,2907,2129,826,3
445,1602,1302,1016,1818,1634,568,810,2827,2130,826,3
446,1618,1318,1016,1818,1634,576,807,2745,2131,826,3
447,1618,1307,1016,1822,1634,567,809,2737,2132,826,3
448,1616,1310,1016,1823,1635,567,810,2798,2132,827,3
449,1614,1294,1015,1824,1633,567,812,2873,2133,827,3
450,1607,1304,1016,1825,1634,568,814,2908,2132,827,3
451,1617,1304,1016,1826,1633,568,815,2900,2132,827,3
452,1616,1302,1016,1830,1633,568,815,2808,2131,829,3
453,1590,1301,1014,1830,1634,567,816,2738,2133,828,3
454,1602,1304,1015,1832,1628,566,818,2759,2134,827,3
455,1607,1305,1017,1832,1634,568,818,2841,2132,830,3
456,1618,1294,1016,1834,1634,569,819,2895,2134,829,3
457,1616,1294,1016,1836,1634,560,823,2914,2134,830,3
458,1640,1307,1018,1838,1633,568,822,2874,2134,830,3
459,1647,1309,1015,1839,1634,568,822,2785,2134,829,3
460,1622,1304,1018,1841,1632,568,823,2736,2135,829,3
461,1621,1306,1016,1842,1634,568,825,2782,2134,823,3
462,1623,1307,1016,1843,1634,567,827,2856,2134,832,3
463,1616,1302,1018,1844,1630,567,832,2911,2136,832,3
464,1616,1304,1015,1847,1633,567,830,2918,2136,832,3
465,1620,1307,1016,1846,1634,568,833,2843,2134,833,3
466,1618,1303,1014,1850,1632,569,842,2767,2136,829,3
467,1619,1307,1015,1851,1633,568,835,2748,2136,834,3
468,1616,1302,1018,1852,1634,568,840,2809,2136,833,3
469,1620,1308,1016,1853,1634,569,836,2886,2136,834,3
470,1644,1309,1016,1858,1634,568,838,2912,2137,833,3
471,1626,1304,1017,1858,1643,569,839,2901,2136,834,3
472,1608,1302,1016,1860,1632,567,841,2822,2138,833,3
473,1648,1310,1016,1861,1634,567,842,2747,2138,834,3
474,1617,1298,1015,1862,1635,569,844,2759,2138,835,3
475,1616,1310,1016,1862,1634,569,843,2837,2137,834,3
476,1615,1308,1017,1865,1634,568,846,2895,2138,834,3
477,1585,1306,1015,1866,1634,568,848,2925,2139,835,3
478,1595,1307,1027,1867,1635,568,849,2894,2139,836,3
479,1618,1319,1015,1867,1635,573,848,2802,2139,835,3
480,1620,1306,1017,1869,1634,568,847,2748,2140,835,3
481,1618,1306,1017,1870,1634,569,850,2792,2139,835,3
482,1612,1306,1016,1871,1634,568,852,2863,2141,836,3
483,1616,1306,1016,1874,1634,567,853,2914,2138,837,3
484,1611,1308,1017,1872,1635,567,854,2919,2141,836,3
485,1622,1311,1016,1874,1634,568,854,2860,2140,837,3
486,1617,1315,1017,1874,1634,568,854,2777,2140,838,3
487,1621,1307,1016,1875,1635,568,857,2754,2142,838,3
488,1632,1310,1014,1877,1635,568,858,2810,2141,838,3
489,1613,1310,1017,1878,1634,569,856,2886,2142,838,3
490,1583,1303,1016,1878,1635,568,856,2925,2141,837,3
491,1624,1314,1016,1878,1634,569,858,2916,2141,837,3
492,1622,1305,1017,1882,1634,569,858,2828,2142,838,3
493,1636,1307,1011,1881,1634,567,859,2758,2144,838,3
494,1618,1314,1016,1882,1633,568,862,2767,2144,838,3
495,1622,1313,1017,1882,1635,569,862,2847,2142,838,3
496,1620,1324,1017,1878,1634,568,861,2906,2143,838,3
497,1650,1312,1016,1883,1633,569,865,2923,2144,838,3
498,1612,1299,1016,1886,1634,568,866,2893,2145,838,3
499,1595,1307,1016,1886,1633,569,864,2810,2145,838,3
500,1615,1304,1018,1886,1634,569,863,2760,2144,840,3
501,1639,1306,1019,1886,1635,568,863,2788,2145,839,3
502,1615,1310,1018,1887,1633,567,867,2867,2146,843,3
503,1595,1304,1016,1890,1635,568,869,2922,2146,840,3
504,1617,1306,1015,1890,1634,569,866,2930,2146,840,3
505,1614,1310,1016,1889,1634,568,868,2860,2146,838,3
506,1611,1306,1016,1890,1633,570,869,2786,2146,839,3
507,1618,1307,1016,1894,1633,568,868,2765,2146,840,3
508,1634,1311,1015,1893,1634,568,871,2814,2146,840,3
509,1614,1310,1017,1894,1634,568,874,2889,2147,840,3
510,1618,1306,1016,1894,1633,566,878,2930,2146,841,3
511,1632,1312,1016,1894,1634,569,870,2912,2148,841,3
512,1609,1310,1016,1895,1634,567,872,2832,2147,842,3
513,1621,1311,1016,1896,1635,568,872,2770,2148,842,3
514,1644,1312,1016,1896,1635,569,872,2771,2147,842,3
515,1610,1310,1017,1896,1632,570,875,2853,2148,841,3
516,1620,1314,1017,1897,1634,569,872,2910,2148,839,3
517,1611,1304,1016,1898,1634,568,876,2926,2149,840,3
518,1615,1311,1016,1898,1635,568,876,2894,2149,841,3
519,1618,1305,1017,1899,1634,568,874,2809,2148,842,3
520,1615,1312,1018,1899,1634,569,875,2759,2148,841,3
521,1598,1306,1020,1900,1635,566,876,2800,2150,842,3
522,1630,1308,1016,1902,1634,567,878,2870,2149,842,3
523,1616,1293,1019,1899,1634,567,878,2920,2150,841,3
524,1618,1318,1018,1900,1635,568,878,2930,2149,842,3
525,1614,1297,1016,1900,1635,569,877,2859,2149,842,3
526,1608,1307,1016,1901,1628,568,880,2788,2149,842,3
527,1622,1310,1018,1901,1638,568,879,2763,2151,842,3
528,1616,1295,1018,1901,1635,568,879,2822,2151,843,3
529,1615,1318,1018,1905,1634,569,879,2898,2150,841,3
530,1620,1295,1018,1906,1635,570,879,2925,2151,842,3
531,1595,1306,1016,1904,1635,568,880,2922,2152,843,3
532,1639,1307,1018,1905,1635,569,881,2836,2152,843,3
533,1616,1314,1016,1906,1635,568,882,2767,2152,844,3
534,1620,1306,1018,1905,1634,569,880,2784,2150,839,3
535,1618,1312,1018,1906,1635,568,882,2856,2152,843,3
536,1621,1316,1018,1906,1635,570,880,2916,2152,842,3
537,1614,1294,1018,1908,1634,569,883,2930,2152,844,3
538,1587,1304,1016,1907,1635,568,882,2898,2152,844,3
539,1614,1304,1018,1908,1635,570,883,2808,2152,844,3
540,1624,1312,1018,1907,1635,569,882,2769,2152,843,3
541,1626,1305,1018,1908,1635,567,881,2802,2153,845,3
542,1591,1305,1016,1910,1635,569,883,2884,2153,844,3
543,1618,1309,1016,1910,1635,567,883,2930,2152,842,3
544,1614,1306,1018,1910,1635,569,883,2937,2152,844,3
545,1630,1308,1017,1909,1635,567,883,2860,2154,845,3
546,1617,1310,1018,1910,1635,570,887,2780,2154,843,3
547,1623,1308,1018,1910,1635,569,883,2769,2154,843,3
548,1617,1309,1018,1911,1635,569,885,2832,2154,845,3
549,1620,1306,1018,1909,1635,570,884,2904,2153,845,3
550,1611,1308,1017,1910,1630,569,886,2934,2153,845,3
551,1618,1306,1018,1911,1635,569,886,2918,2154,845,3
552,1616,1308,1018,1912,1635,568,888,2838,2155,846,3
553,1617,1302,1016,1913,1635,569,890,2771,2154,846,3
554,1615,1310,1016,1912,1635,569,888,2782,2154,846,3
555,1636,1314,1015,1912,1635,569,885,2860,2154,845,3
556,1614,1310,1018,1912,1636,567,887,2917,2156,847,3
557,1634,1310,1013,1914,1635,568,886,2930,2154,845,3
558,1614,1310,1018,1914,1635,569,888,2895,2155,846,3
559,1635,1310,1019,1914,1635,568,886,2803,2155,846,3
560,1626,1309,1018,1914,1635,569,885,2768,2155,846,3
561,1646,1312,1019,1914,1634,569,887,2808,2155,843,3
562,1624,1316,1017,1916,1636,568,888,2891,2155,846,3
563,1613,1306,1018,1915,1635,568,888,2927,2156,846,3
564,1618,1322,1016,1914,1635,569,888,2934,2157,846,3
565,1619,1314,1017,1915,1635,569,890,2858,2156,845,3
566,1618,1303,1018,1915,1634,570,896,2784,2157,846,3
567,1616,1310,1016,1918,1631,568,892,2781,2156,848,3
568,1620,1304,1018,1917,1636,569,890,2846,2156,847,3
569,1600,1304,1016,1920,1636,567,890,2907,2157,847,3
570,1617,1302,1018,1918,1635,566,890,2932,2157,846,3
571,1624,1310,1018,1916,1635,570,890,2916,2158,847,3
572,1616,1315,1018,1920,1635,568,891,2824,2157,847,3
573,1618,1322,1017,1915,1635,569,890,2771,2158,846,3
574,1617,1312,1017,1920,1636,568,892,2798,2158,848,3
575,1656,1312,1019,1920,1636,569,891,2866,2157,847,3
576,1594,1307,1018,1920,1635,568,890,2925,2158,846,3
577,1616,1300,1017,1921,1635,570,890,2931,2157,847,3
578,1619,1315,1019,1921,1635,567,891,2884,2158,847,3
579,1619,1309,1018,1922,1636,566,893,2795,2158,847,3
580,1642,1310,1017,1920,1636,569,891,2768,2158,848,3
581,1597,1306,1018,1922,1635,570,892,2822,2158,846,3
582,1617,1298,1017,1923,1635,568,893,2891,2158,847,3
583,1619,1317,1018,1921,1636,567,893,2934,2159,847,3
584,1617,1310,1017,1922,1636,568,892,2933,2158,848,3
585,1614,1305,1018,1922,1636,570,891,2848,2159,847,3
586,1625,1308,1018,1922,1636,570,892,2777,2159,848,3
587,1617,1312,1018,1926,1635,568,894,2778,2159,849,3
588,1618,1303,1018,1924,1635,569,890,2857,2159,848,3
589,1603,1306,1027,1924,1636,568,896,2915,2159,846,3
590,1620,1297,1016,1923,1638,569,894,2934,2158,848,3
591,1618,1320,1018,1925,1635,568,892,2909,2159,847,3
592,1609,1305,1019,1924,1634,570,896,2822,2159,848,3
593,1625,1308,1016,1926,1645,568,896,2765,2159,848,3
594,1622,1317,1017,1926,1636,578,892,2805,2160,848,3
595,1617,1309,1017,1923,1638,570,893,2883,2159,849,3
596,1622,1312,1017,1924,1637,570,896,2923,2159,847,3
597,1624,1311,1018,1926,1635,568,897,2936,2160,848,3
598,1613,1298,1018,1927,1635,569,894,2867,2160,849,3
599,1624,1305,1018,1927,1637,566,896,2786,2162,849,3
600,1627,1314,1017,1926,1637,569,896,2775,2160,850,3
601,1619,1298,1018,1926,1636,570,898,2830,2160,847,3
602,1625,1308,1018,1928,1638,568,894,2898,2161,848,3
603,1606,1306,1018,1926,1636,568,897,2938,2159,850,3
604,1620,1298,1017,1937,1637,568,898,2920,2162,848,3
605,1629,1310,1016,1927,1638,569,896,2835,2160,848,3
606,1595,1305,1018,1928,1635,570,894,2774,2162,847,3
607,1616,1314,1019,1928,1637,569,898,2784,2161,850,3
608,1619,1307,1018,1928,1636,569,893,2866,2162,849,3
609,1628,1312,1018,1926,1637,569,897,2923,2161,849,3
610,1619,1312,1019,1928,1636,569,897,2930,2161,849,3
611,1621,1310,1018,1928,1637,570,897,2889,2161,849,3
612,1622,1315,1018,1930,1636,569,897,2810,2162,850,3
613,1617,1293,1018,1928,1635,568,898,2767,2161,848,3
614,1644,1310,1017,1930,1635,570,898,2809,2162,850,3
615,1622,1306,1018,1928,1636,569,898,2891,2162,850,3
616,1618,1314,1017,1929,1636,570,898,2934,2162,850,3
617,1618,1300,1019,1931,1637,562,899,2930,2162,850,3
618,1617,1321,1018,1930,1637,569,900,2863,2162,850,3
619,1595,1306,1017,1930,1638,569,898,2784,2162,850,3
620,1622,1314,1019,1930,1636,570,898,2776,2162,850,3
621,1621,1310,1017,1930,1636,570,898,2842,2163,849,3
622,1625,1315,1020,1932,1636,569,898,2910,2162,850,3
623,1618,1300,1018,1932,1637,568,892,2932,2162,850,3
624,1609,1306,1019,1931,1636,569,899,2912,2163,848,3
625,1622,1309,1019,1931,1636,569,898,2820,2162,850,3
626,1606,1306,1019,1931,1637,568,897,2771,2163,850,3
627,1620,1315,1018,1934,1635,568,900,2796,2164,850,3
628,1618,1308,1018,1933,1637,568,899,2877,2163,850,3
629,1624,1315,1017,1932,1637,573,898,2928,2164,850,3
630,1603,1308,1026,1933,1636,570,900,2936,2164,850,3
631,1616,1308,1018,1933,1636,570,899,2873,2159,848,3
632,1621,1307,1018,1934,1634,569,898,2791,2163,850,3
633,1601,1306,1025,1933,1637,569,900,2776,2164,851,3
634,1617,1315,1018,1932,1638,570,899,2826,2163,850,3
635,1618,1302,1019,1934,1637,568,901,2896,2163,850,3
636,1622,1332,1019,1934,1638,568,904,2938,2163,851,3
637,1625,1314,1018,1935,1637,568,900,2926,2164,851,3
638,1618,1299,1019,1933,1637,569,901,2840,2164,851,3
639,1644,1314,1019,1935,1638,569,900,2771,2164,850,3
640,1624,1307,1018,1934,1638,569,899,2790,2164,851,3
641,1610,1307,1026,1935,1636,569,901,2864,2165,850,3
642,1620,1317,1019,1936,1636,570,901,2918,2165,851,3
643,1630,1309,1018,1935,1645,570,900,2931,2165,851,3
644,1619,1308,1018,1935,1638,569,901,2899,2165,851,3
645,1626,1313,1018,1934,1638,568,899,2812,2165,851,3
646,1620,1314,1019,1936,1637,568,901,2767,2166,851,3
647,1616,1308,1018,1937,1636,568,901,2811,2165,849,3
648,1622,1334,1018,1937,1636,568,909,2894,2165,850,3
649,1624,1313,1018,1937,1638,567,902,2932,2166,851,3
650,1610,1309,1017,1935,1638,569,902,2936,2165,851,3
651,1614,1307,1018,1936,1636,569,901,2860,2166,852,3
652,1628,1308,1019,1937,1635,568,901,2779,2166,850,3
653,1623,1311,1019,1936,1635,568,902,2782,2168,851,3
654,1612,1313,1017,1938,1638,569,902,2849,2166,851,3
655,1621,1315,1020,1938,1636,569,904,2906,2166,852,3
656,1632,1313,1016,1938,1637,568,901,2934,2166,851,3
657,1619,1307,1019,1938,1635,567,901,2919,2167,850,3
658,1597,1307,1027,1939,1637,567,902,2829,2166,852,3
659,1619,1312,1017,1938,1638,567,901,2775,2167,852,3
660,1619,1296,1018,1937,1637,570,898,2796,2167,851,3
661,1626,1312,1019,1936,1638,569,901,2872,2165,851,3
662,1618,1305,1018,1938,1637,569,901,2930,2167,852,3
663,1610,1309,1019,1937,1639,571,902,2938,2167,853,3
664,1621,1316,1018,1938,1638,569,903,2875,2166,850,3
665,1620,1302,1018,1938,1638,569,901,2792,2167,851,3
666,1624,1307,1019,1939,1638,570,902,2776,2167,853,3
667,1618,1307,1019,1942,1637,569,905,2834,2168,852,3
668,1609,1310,1018,1940,1630,568,902,2904,2168,852,3
669,1622,1316,1016,1940,1638,567,905,2933,2168,851,3
670,1622,1291,1019,1939,1636,570,900,2920,2169,851,3
671,1626,1310,1020,1939,1638,570,901,2837,2168,851,3
672,1622,1309,1018,1942,1635,570,904,2777,2168,852,3
673,1606,1307,1030,1941,1638,569,904,2790,2168,852,3
674,1614,1312,1019,1939,1637,569,903,2869,2166,851,3
675,1624,1314,1019,1941,1638,568,904,2920,2166,851,3
676,1636,1312,1018,1940,1636,570,901,2931,2168,852,3
677,1622,1310,1019,1941,1637,571,902,2890,2168,852,3
678,1627,1310,1019,1942,1636,569,904,2811,2168,852,3
679,1602,1312,1029,1941,1638,569,902,2774,2167,853,3
680,1620,1313,1020,1942,1636,570,903,2821,2168,853,3
681,1616,1309,1019,1941,1638,570,903,2891,2168,853,3
682,1635,1314,1018,1942,1635,570,904,2931,2168,852,3
683,1622,1321,1018,1943,1637,569,904,2934,2168,852,3
684,1627,1315,1018,1942,1638,569,902,2860,2169,852,3
685,1592,1307,1019,1942,1638,570,902,2786,2169,850,3
686,1624,1292,1020,1942,1636,570,904,2786,2168,854,3
687,1616,1301,1019,1944,1637,565,904,2850,2169,853,3
688,1620,1308,1018,1944,1637,570,904,2910,2169,853,3
689,1622,1308,1018,1944,1637,569,902,2938,2168,853,3
690,1621,1323,1020,1943,1636,570,907,2912,2169,850,3
691,1612,1309,1019,1944,1628,569,904,2826,2170,853,3
692,1619,1315,1020,1944,1637,570,905,2776,2170,852,3
693,1616,1307,1019,1943,1637,569,904,2803,2170,853,3
694,1643,1314,1021,1942,1637,570,902,2882,2168,853,3
695,1628,1310,1020,1942,1636,570,903,2927,2169,850,3
696,1626,1318,1020,1944,1638,568,903,2936,2169,853,3
697,1628,1317,1018,1944,1638,569,904,2870,2170,853,3
698,1622,1313,1020,1946,1638,568,907,2788,2170,854,3
699,1619,1316,1019,1942,1638,570,906,2776,2170,852,3
700,1623,1299,1018,1944,1637,569,904,2836,2170,852,3
701,1630,1314,1020,1944,1638,570,905,2902,2170,853,3
702,1623,1311,1019,1946,1637,570,904,2932,2170,851,3
703,1625,1316,1018,1946,1637,569,905,2923,2170,852,3
704,1627,1314,1018,1945,1638,570,902,2835,2170,853,3
705,1598,1309,1019,1944,1638,568,905,2776,2170,853,3
706,1622,1318,1018,1946,1637,570,904,2792,2170,853,3
707,1620,1297,1018,1947,1638,569,904,2868,2170,854,3
708,1631,1313,1020,1945,1637,569,904,2923,2170,854,3
709,1628,1312,1019,1946,1638,570,904,2934,2170,852,3
710,1626,1308,1019,1945,1638,570,905,2878,2169,852,3
711,1625,1318,1019,1944,1637,570,903,2801,2171,851,3
712,1627,1311,1019,1947,1638,569,905,2778,2171,852,3
713,1622,1314,1019,1946,1638,568,906,2824,2171,853,3
714,1620,1316,1019,1946,1638,570,906,2898,2171,852,3
715,1624,1292,1020,1946,1638,570,907,2933,2170,852,3
716,1637,1314,1024,1946,1638,570,906,2925,2171,854,3
717,1635,1311,1019,1948,1637,569,907,2845,2171,853,3
718,1619,1322,1018,1944,1637,570,908,2778,2171,854,3
719,1624,1323,1019,1947,1637,570,906,2788,2171,854,3
720,1627,1320,1020,1947,1637,577,904,2866,2171,851,3
