Time,NO2,C2H5CH,VOC,CO,Temperature,Pressure,Humidity,Gas Resistance
0,131,140,428,369,23.37,1022.35,33.92,313.47
1,131,140,427,368,23.37,1022.36,33.92,313.77
2,131,140,427,369,23.37,1022.36,33.94,313.47
3,131,140,428,370,23.37,1022.35,33.95,313.47
4,132,140,429,371,23.37,1022.34,33.97,312.88
5,132,141,429,371,23.37,1022.35,34.00,315.27
6,132,141,429,372,23.37,1022.35,34.02,312.29
7,133,141,429,372,23.37,1022.36,34.06,312.29
8,133,140,429,373,23.37,1022.35,34.10,313.47
9,132,141,429,373,23.37,1022.35,34.14,314.67
10,133,140,428,373,23.37,1022.35,34.18,315.27
11,133,141,428,374,23.37,1022.35,34.21,314.97
12,132,140,428,373,23.37,1022.35,34.26,314.67
13,133,140,427,373,23.37,1022.36,34.29,314.37
14,133,140,428,372,23.37,1022.36,34.33,314.97
15,132,139,427,373,23.37,1022.37,34.36,315.57
16,132,140,427,373,23.37,1022.37,34.39,313.47
17,132,139,425,372,23.37,1022.36,34.43,314.37
18,131,139,426,373,23.37,1022.36,34.44,315.57
19,131,139,425,372,23.37,1022.35,34.46,315.27
20,131,139,426,372,23.37,1022.36,34.48,317.69
21,130,139,425,372,23.37,1022.36,34.49,317.39
22,130,138,425,371,23.37,1022.36,34.51,317.39
23,130,138,424,371,23.37,1022.37,34.52,316.78
24,130,138,424,371,23.37,1022.36,34.52,317.08
25,130,138,424,371,23.37,1022.36,34.52,318.61
26,130,138,424,371,23.37,1022.36,34.54,320.77
27,130,138,424,371,23.37,1022.35,34.54,322.65
28,130,138,424,370,23.37,1022.34,34.53,320.15
29,130,137,422,371,23.38,1022.34,34.52,320.46
30,129,138,423,370,23.38,1022.33,34.55,322.02
31,130,138,422,369,23.37,1022.34,34.52,317.39
32,129,137,423,370,23.37,1022.34,34.51,321.08
33,130,137,422,369,23.38,1022.35,34.51,322.97
34,129,136,421,369,23.38,1022.34,34.50,322.34
35,129,137,421,369,23.38,1022.34,34.49,322.34
36,129,137,421,368,23.38,1022.35,34.47,320.77
37,129,137,421,369,23.38,1022.34,34.45,323.60
38,129,136,422,369,23.37,1022.35,34.45,325.19
39,130,137,422,370,23.37,1022.35,34.44,324.87
40,130,137,421,369,23.37,1022.35,34.44,324.23
41,130,137,421,370,23.37,1022.35,34.43,324.23
42,129,136,420,369,23.37,1022.34,34.41,324.55
43,129,137,420,369,23.37,1022.34,34.41,327.45
44,130,136,420,369,23.37,1022.34,34.38,329.08
45,129,136,420,369,23.37,1022.34,34.40,327.12
46,129,136,420,368,23.37,1022.34,34.38,326.15
47,129,136,420,369,23.37,1022.34,34.38,325.83
48,129,136,419,368,23.37,1022.34,34.38,326.15
49,129,135,418,368,23.38,1022.34,34.37,326.48
50,129,135,418,368,23.38,1022.34,34.36,326.80
51,128,135,418,368,23.38,1022.33,34.35,329.40
52,129,136,418,368,23.37,1022.34,34.33,330.06
53,128,135,418,368,23.37,1022.34,34.32,327.45
54,128,135,417,368,23.37,1022.34,34.31,331.38
55,128,135,417,367,23.37,1022.34,34.30,329.40
56,129,135,417,366,23.37,1022.34,34.30,330.06
57,128,135,417,367,23.37,1022.35,34.29,329.73
58,128,134,417,367,23.37,1022.36,34.28,329.40
59,128,135,417,367,23.37,1022.35,34.26,332.38
60,128,135,416,367,23.37,1022.35,34.23,332.72
61,129,134,417,366,23.37,1022.36,34.23,330.72
62,128,134,416,367,23.37,1022.36,34.22,330.72
63,128,135,416,367,23.37,1022.36,34.22,334.74
64,128,134,416,367,23.37,1022.35,34.21,334.06
65,128,135,417,367,23.38,1022.35,34.20,332.72
66,128,134,417,367,23.38,1022.35,34.20,333.73
67,128,134,416,367,23.37,1022.36,34.18,332.72
68,128,134,415,367,23.37,1022.36,34.18,332.72
69,128,134,416,367,23.37,1022.35,34.17,335.42
70,129,134,416,366,23.37,1022.35,34.17,335.42
71,128,133,416,367,23.37,1022.35,34.16,334.74
72,129,134,416,368,23.37,1022.35,34.15,334.06
73,129,134,417,368,23.37,1022.35,34.17,332.05
74,129,134,416,369,23.37,1022.36,34.17,332.72
75,129,134,416,368,23.37,1022.35,34.17,331.72
76,129,134,416,369,23.37,1022.34,34.17,336.79
77,129,134,416,369,23.37,1022.35,34.19,332.05
78,129,134,416,369,23.37,1022.35,34.21,333.05
79,129,133,416,369,23.37,1022.35,34.21,335.08
80,129,134,415,369,23.37,1022.35,34.23,336.79
81,128,134,415,369,23.37,1022.36,34.24,333.39
82,129,134,416,369,23.37,1022.36,34.26,336.44
83,129,133,416,369,23.37,1022.36,34.26,334.40
84,129,134,415,369,23.37,1022.35,34.29,334.74
85,129,133,415,368,23.37,1022.35,34.29,333.39
86,129,133,415,369,23.37,1022.35,34.30,336.10
87,129,133,414,369,23.37,1022.36,34.30,335.08
88,129,133,414,369,23.37,1022.36,34.32,335.76
89,128,133,414,368,23.37,1022.36,34.33,336.10
90,128,133,414,368,23.37,1022.35,34.33,333.39
91,128,133,414,368,23.37,1022.35,34.34,337.47
92,128,133,413,368,23.37,1022.35,34.34,336.10
93,128,133,413,367,23.37,1022.35,34.34,337.13
94,128,133,413,368,23.37,1022.36,34.35,340.25
95,128,132,413,368,23.37,1022.36,34.35,337.47
96,128,132,412,367,23.37,1022.36,34.35,335.42
97,128,132,412,367,23.37,1022.36,34.34,340.25
98,127,132,412,367,23.37,1022.35,34.33,338.86
99,128,132,412,367,23.37,1022.36,34.34,340.95
100,127,132,412,367,23.37,1022.35,34.32,341.31
101,127,132,412,367,23.37,1022.35,34.32,342.01
102,128,132,412,366,23.37,1022.35,34.30,340.95
103,128,131,411,366,23.37,1022.34,34.29,340.95
104,128,132,412,367,23.37,1022.34,34.29,343.43
105,128,132,410,367,23.37,1022.34,34.29,342.72
106,127,132,411,366,23.37,1022.35,34.29,345.23
107,127,131,411,367,23.37,1022.36,34.28,341.66
108,127,131,410,366,23.37,1022.36,34.26,344.15
109,127,131,410,365,23.37,1022.35,34.25,345.95
110,127,131,410,367,23.37,1022.35,34.25,342.72
111,128,132,411,367,23.37,1022.35,34.24,343.08
112,128,132,412,367,23.37,1022.35,34.24,343.08
113,128,131,411,367,23.37,1022.35,34.22,343.08
114,128,131,412,368,23.37,1022.35,34.22,344.51
115,127,131,411,368,23.37,1022.35,34.22,344.87
116,127,131,411,368,23.37,1022.36,34.23,343.79
117,127,131,411,368,23.37,1022.35,34.23,345.23
118,127,131,411,368,23.37,1022.35,34.25,344.87
119,128,130,410,367,23.37,1022.34,34.24,347.40
120,128,131,410,368,23.37,1022.34,34.26,344.15
121,128,130,410,367,23.37,1022.33,34.26,344.87
122,127,131,410,367,23.37,1022.34,34.26,347.04
123,126,130,409,368,23.37,1022.35,34.26,346.68
124,127,130,409,368,23.37,1022.35,34.25,344.15
125,135,135,421,433,23.37,1022.34,34.26,246.04
126,149,141,436,541,23.37,1022.34,34.26,145.44
127,164,145,450,626,23.37,1022.34,34.29,92.86
128,173,149,460,674,23.37,1022.35,34.36,69.69
129,178,151,467,693,23.37,1022.35,34.46,60.47
130,180,152,472,701,23.37,1022.34,34.59,56.71
131,182,153,477,709,23.37,1022.34,34.75,55.37
132,184,156,482,712,23.37,1022.34,34.92,55.08
133,185,157,484,713,23.38,1022.34,35.10,55.74
134,186,158,487,711,23.38,1022.34,35.30,56.75
135,187,160,491,716,23.38,1022.35,35.50,57.37
136,189,161,495,721,23.38,1022.34,35.71,57.65
137,189,163,499,721,23.38,1022.35,35.93,58.04
138,189,164,501,719,23.38,1022.36,36.16,59.10
139,189,165,503,715,23.38,1022.35,36.35,59.61
140,189,165,506,716,23.38,1022.60,36.58,60.21
141,188,167,509,718,23.38,1023.09,36.78,60.90
142,189,167,512,724,23.39,1023.46,37.00,62.26
143,188,168,516,730,23.39,1023.74,37.22,62.63
144,188,168,518,732,23.41,1023.95,37.42,63.62
145,188,169,521,734,23.42,1024.11,37.61,64.16
146,187,169,523,736,23.42,1024.23,37.80,65.25
147,187,170,524,737,23.43,1024.32,37.96,65.66
148,187,171,527,737,23.44,1024.40,38.12,66.60
149,187,171,529,737,23.45,1024.44,38.27,66.92
150,187,172,531,736,23.45,1024.47,38.38,67.40
151,186,172,533,737,23.46,1024.50,38.51,67.67
152,186,173,534,736,23.46,1024.53,38.63,68.55
153,185,173,536,736,23.47,1024.54,38.73,68.33
154,186,174,538,734,23.47,1024.56,38.81,68.89
155,184,174,539,734,23.48,1024.57,38.88,69.23
156,185,175,540,733,23.48,1024.57,38.96,69.12
157,184,176,542,733,23.48,1024.57,39.03,68.78
158,184,177,543,733,23.49,1024.58,39.10,69.69
159,184,178,545,732,23.49,1024.59,39.15,69.81
160,184,178,546,732,23.49,1024.58,39.18,70.04
161,184,179,547,731,23.50,1024.59,39.24,69.92
162,183,178,548,731,23.50,1024.60,39.28,70.39
163,183,179,549,730,23.50,1024.60,39.30,70.51
164,182,180,551,729,23.51,1024.59,39.33,70.57
165,183,181,551,729,23.51,1024.60,39.36,70.51
166,183,181,552,728,23.51,1024.60,39.38,70.63
167,182,181,554,728,23.51,1024.60,39.38,70.63
168,183,182,554,727,23.52,1024.59,39.41,71.04
169,182,182,555,727,23.52,1024.59,39.43,71.10
170,181,183,556,726,23.52,1024.59,39.43,71.77
171,182,184,557,725,23.52,1024.60,39.43,71.28
172,182,184,558,725,23.52,1024.60,39.43,71.47
173,182,184,559,725,23.53,1024.59,39.43,70.98
174,182,185,559,723,23.53,1024.59,39.43,71.65
175,181,185,561,723,23.53,1024.60,39.42,71.34
176,181,186,562,723,23.53,1024.60,39.43,71.53
177,181,187,562,723,23.53,1024.60,39.41,71.77
178,181,187,563,722,23.54,1024.60,39.42,71.83
179,181,187,563,722,23.54,1024.60,39.39,71.96
180,181,187,564,721,23.54,1024.59,39.38,71.96
181,181,188,565,720,23.54,1024.59,39.38,72.20
182,181,189,566,719,23.54,1024.59,39.36,72.08
183,180,189,566,720,23.54,1024.59,39.35,71.96
184,181,189,567,719,23.54,1024.59,39.33,72.08
185,181,190,568,719,23.54,1024.60,39.32,72.26
186,181,190,568,718,23.54,1024.60,39.30,72.08
187,181,191,569,718,23.55,1024.61,39.28,71.96
188,181,191,570,716,23.55,1024.60,39.26,72.51
189,180,192,570,717,23.55,1024.60,39.23,72.45
190,181,192,571,716,23.55,1024.59,39.23,72.20
191,181,193,571,716,23.55,1024.59,39.21,72.58
192,181,192,572,716,23.55,1024.59,39.18,72.51
193,180,193,572,715,23.55,1024.59,39.17,72.14
194,181,194,573,715,23.55,1024.59,39.15,72.58
195,180,195,573,715,23.55,1024.59,39.12,72.58
196,180,194,574,714,23.55,1024.60,39.11,72.45
197,181,195,574,713,23.55,1024.60,39.08,72.83
198,180,196,576,713,23.55,1024.60,39.06,72.58
199,180,196,575,713,23.55,1024.60,39.03,72.45
200,180,196,576,713,23.55,1024.60,39.00,72.70
201,180,197,576,712,23.56,1024.60,39.00,72.77
202,180,197,577,712,23.56,1024.60,38.97,72.70
203,180,197,578,712,23.55,1024.60,38.96,72.95
204,180,198,577,712,23.55,1024.60,38.93,72.64
205,180,197,578,711,23.55,1024.61,38.91,72.95
206,180,198,579,711,23.56,1024.61,38.89,72.70
207,180,198,579,710,23.56,1024.61,38.86,73.08
208,180,199,580,710,23.56,1024.61,38.84,72.70
209,180,199,580,710,23.56,1024.61,38.83,73.02
210,180,199,580,710,23.56,1024.61,38.81,72.89
211,180,199,581,710,23.56,1024.61,38.78,72.77
212,180,200,581,709,23.56,1024.61,38.76,73.08
213,180,200,582,710,23.56,1024.60,38.74,73.08
214,180,200,581,709,23.56,1024.60,38.72,73.21
215,180,200,582,709,23.56,1024.61,38.71,73.15
216,180,201,582,708,23.56,1024.61,38.68,73.02
217,180,202,583,708,23.56,1024.61,38.67,73.21
218,180,202,583,707,23.56,1024.60,38.65,73.21
219,180,202,584,707,23.56,1024.60,38.63,73.34
220,180,202,584,706,23.56,1024.60,38.61,73.40
221,180,203,584,707,23.56,1024.61,38.58,73.08
222,180,203,584,706,23.56,1024.60,38.56,73.08
223,180,203,585,706,23.56,1024.61,38.55,73.40
224,180,203,585,705,23.55,1024.61,38.53,73.02
225,180,203,586,705,23.55,1024.61,38.51,73.34
226,180,203,586,706,23.55,1024.61,38.49,73.15
227,179,204,586,705,23.55,1024.61,38.47,73.34
228,180,204,586,704,23.55,1024.61,38.44,73.34
229,180,204,587,705,23.55,1024.61,38.44,73.21
230,180,204,587,704,23.55,1024.60,38.42,73.46
231,180,205,587,704,23.55,1024.59,38.40,73.15
232,180,206,587,704,23.55,1024.59,38.39,73.27
233,180,206,588,704,23.55,1024.60,38.37,73.40
234,180,206,588,703,23.55,1024.60,38.36,73.21
235,180,206,589,703,23.55,1024.60,38.34,73.72
236,180,206,589,702,23.55,1024.60,38.33,73.34
237,180,207,589,702,23.55,1024.60,38.30,73.46
238,180,206,590,703,23.55,1024.60,38.28,73.46
239,180,206,589,702,23.55,1024.55,38.27,73.66
240,180,207,589,701,23.55,1024.56,38.25,73.34
241,180,206,590,701,23.55,1024.56,38.23,73.34
242,180,207,590,701,23.55,1024.58,38.23,73.79
243,180,207,590,701,23.55,1024.58,38.22,73.92
244,180,208,591,701,23.55,1024.59,38.19,73.85
245,180,208,591,700,23.55,1024.60,38.17,73.53
246,180,208,590,701,23.55,1024.60,38.16,73.79
247,180,209,591,700,23.55,1024.60,38.15,73.59
248,180,208,592,701,23.55,1024.60,38.14,73.79
249,180,209,592,701,23.55,1024.61,38.14,73.72
250,180,209,592,700,23.54,1024.61,38.12,73.53
251,181,209,592,700,23.54,1024.61,38.10,73.66
252,180,209,592,700,23.54,1024.61,38.08,73.72
253,180,210,593,699,23.54,1024.62,38.06,73.53
254,180,209,592,699,23.54,1024.61,38.06,73.59
255,180,209,593,699,23.54,1024.61,38.05,73.59
256,180,210,594,699,23.54,1024.62,38.03,73.66
257,180,210,593,699,23.54,1024.62,38.02,73.72
258,180,210,593,698,23.54,1024.61,37.99,73.59
259,180,210,594,698,23.54,1024.62,38.00,73.79
260,180,211,593,698,23.54,1024.63,37.97,73.72
261,180,210,594,698,23.54,1024.61,37.97,74.05
262,180,211,594,697,23.53,1024.61,37.94,73.85
263,180,211,595,698,23.53,1024.61,37.94,74.05
264,180,211,594,697,23.53,1024.60,37.92,73.66
265,180,211,595,698,23.53,1024.60,37.91,73.79
266,180,211,595,696,23.53,1024.60,37.90,73.85
267,180,211,595,697,23.53,1024.60,37.90,73.98
268,180,211,595,697,23.53,1024.60,37.88,73.79
269,180,212,595,697,23.53,1024.60,37.87,74.05
270,180,212,595,696,23.53,1024.60,37.85,74.05
271,180,212,595,697,23.53,1024.60,37.86,73.92
272,180,212,595,697,23.53,1024.61,37.84,74.11
273,180,212,596,696,23.53,1024.61,37.84,74.31
274,180,213,596,695,23.53,1024.61,37.83,73.98
275,180,213,596,696,23.53,1024.61,37.80,74.11
276,180,212,596,696,23.53,1024.61,37.81,73.92
277,180,213,596,695,23.52,1024.61,37.78,74.11
278,180,213,596,695,23.52,1024.61,37.78,74.24
279,180,213,597,695,23.52,1024.61,37.77,74.05
280,180,214,597,695,23.52,1024.60,37.77,74.24
281,180,213,597,695,23.52,1024.61,37.75,74.18
282,180,213,597,695,23.52,1024.61,37.73,74.31
283,180,214,597,695,23.52,1024.61,37.72,74.37
284,180,214,597,694,23.52,1024.61,37.71,74.24
285,180,214,597,695,23.52,1024.60,37.71,74.18
286,180,214,597,694,23.52,1024.59,37.71,74.44
287,180,214,597,694,23.52,1024.59,37.68,74.37
288,180,214,598,694,23.51,1024.59,37.69,74.44
289,180,214,598,694,23.51,1024.58,37.68,74.11
290,180,214,598,693,23.51,1024.58,37.66,73.85
291,180,215,599,693,23.51,1024.58,37.65,74.37
292,180,215,598,693,23.51,1024.58,37.65,74.57
293,180,214,599,694,23.51,1024.59,37.64,74.24
294,180,215,599,693,23.51,1024.60,37.63,74.24
295,180,215,598,694,23.51,1024.60,37.62,74.51
296,180,215,598,692,23.51,1024.60,37.62,74.37
297,180,215,599,693,23.51,1024.61,37.62,74.31
298,180,215,598,692,23.51,1024.60,37.60,74.24
299,181,215,599,692,23.51,1024.61,37.59,74.64
300,180,216,599,692,23.51,1024.60,37.57,74.64
301,180,216,600,692,23.51,1024.60,37.57,74.64
302,180,215,599,692,23.51,1024.60,37.56,74.57
303,180,216,600,692,23.50,1024.59,37.57,74.71
304,180,216,600,692,23.50,1024.60,37.55,74.64
305,181,216,600,692,23.50,1024.60,37.54,74.44
306,180,216,600,692,23.50,1024.60,37.52,74.37
307,180,216,599,691,23.50,1024.60,37.52,74.64
308,180,216,600,691,23.50,1024.60,37.52,74.57
309,180,216,600,691,23.50,1024.60,37.51,74.57
310,180,216,600,691,23.50,1024.60,37.50,74.90
311,180,216,600,691,23.50,1024.61,37.49,74.84
312,181,216,600,691,23.50,1024.61,37.49,74.37
313,180,216,600,691,23.50,1024.60,37.48,74.64
314,180,217,600,691,23.50,1024.60,37.47,74.64
315,180,217,601,690,23.49,1024.61,37.46,74.44
316,180,217,600,691,23.49,1024.61,37.47,74.64
317,180,218,601,689,23.49,1024.60,37.46,74.51
318,181,217,600,690,23.49,1024.61,37.44,75.04
319,181,217,601,690,23.49,1024.61,37.44,74.84
320,180,217,601,690,23.49,1024.61,37.44,75.11
321,180,217,601,690,23.49,1024.61,37.43,74.71
322,181,218,600,689,23.49,1024.61,37.42,74.77
323,180,217,601,690,23.49,1024.61,37.41,74.97
324,180,218,601,690,23.49,1024.61,37.41,74.77
325,180,218,601,690,23.49,1024.60,37.39,75.11
326,180,217,601,690,23.49,1024.61,37.40,74.90
327,180,218,600,688,23.49,1024.61,37.40,75.17
328,180,217,601,688,23.49,1024.60,37.38,74.84
329,180,218,602,689,23.49,1024.59,37.38,74.90
330,181,218,601,689,23.49,1024.60,37.38,75.17
331,180,219,601,689,23.48,1024.60,37.37,75.04
332,180,218,601,688,23.48,1024.60,37.36,75.17
333,180,218,602,688,23.48,1024.60,37.35,75.17
334,180,218,602,688,23.48,1024.61,37.34,74.97
335,180,218,602,688,23.48,1024.61,37.34,75.24
336,181,218,602,688,23.48,1024.61,37.34,75.24
337,181,218,602,688,23.48,1024.61,37.34,75.11
338,180,219,602,688,23.48,1024.60,37.33,75.11
339,180,218,601,687,23.48,1024.60,37.34,75.04
340,180,218,602,688,23.48,1024.60,37.32,74.84
341,180,219,602,687,23.48,1024.60,37.31,75.11
342,180,219,602,688,23.48,1024.60,37.31,74.84
343,181,219,602,687,23.48,1024.59,37.30,75.11
344,181,219,602,687,23.47,1024.60,37.30,75.04
345,180,219,603,686,23.47,1024.59,37.30,75.17
346,180,219,602,687,23.47,1024.59,37.29,75.44
347,180,219,603,687,23.47,1024.59,37.29,75.11
348,180,219,602,687,23.47,1024.59,37.28,75.58
349,180,219,603,687,23.47,1024.59,37.28,75.65
350,181,219,603,686,23.47,1024.59,37.27,75.11
351,180,219,603,686,23.47,1024.60,37.27,75.44
352,180,219,603,686,23.47,1024.61,37.25,75.71
353,181,219,603,686,23.47,1024.61,37.26,75.24
354,180,219,602,686,23.47,1024.61,37.26,75.51
355,181,219,602,686,23.47,1024.62,37.26,75.44
356,180,219,603,686,23.47,1024.61,37.24,75.24
357,180,219,602,686,23.47,1024.61,37.23,75.17
358,180,219,602,686,23.46,1024.61,37.23,75.44
359,181,219,603,685,23.46,1024.62,37.23,75.24
360,180,219,602,686,23.46,1024.62,37.22,75.65
361,181,219,602,685,23.46,1024.61,37.22,75.44
362,180,220,603,686,23.46,1024.61,37.22,75.92
363,181,220,603,686,23.46,1024.61,37.22,75.31
364,181,220,603,685,23.46,1024.61,37.22,75.85
365,180,220,603,684,23.46,1024.61,37.20,75.78
366,181,219,603,684,23.46,1024.61,37.20,74.77
367,180,220,603,685,23.46,1024.61,37.20,75.58
368,180,220,603,685,23.46,1024.61,37.19,76.06
369,181,220,603,684,23.46,1024.60,37.19,75.85
370,180,220,603,685,23.45,1024.61,37.19,75.31
371,180,220,603,685,23.45,1024.61,37.19,75.58
372,181,220,603,684,23.45,1024.61,37.17,75.51
373,180,220,604,684,23.45,1024.61,37.17,75.78
374,180,220,603,685,23.45,1024.62,37.17,75.65
375,180,220,604,684,23.45,1024.62,37.16,75.65
376,180,220,603,684,23.45,1024.61,37.16,75.71
377,181,220,603,684,23.45,1024.61,37.17,75.71
378,181,220,603,684,23.45,1024.60,37.15,75.65
379,180,220,603,683,23.45,1024.61,37.15,75.71
380,180,220,603,683,23.45,1024.62,37.14,75.58
381,181,220,603,683,23.45,1024.62,37.15,75.85
382,181,221,603,684,23.45,1024.61,37.14,75.85
383,181,221,603,683,23.45,1024.61,37.13,75.99
384,181,221,604,684,23.45,1024.61,37.12,75.92
385,181,220,603,684,23.44,1024.61,37.13,75.92
386,180,221,603,683,23.44,1024.61,37.12,76.20
387,181,220,603,683,23.44,1024.60,37.11,75.99
388,180,221,603,683,23.44,1024.60,37.13,75.92
389,181,221,603,683,23.44,1024.61,37.11,76.13
390,181,220,603,682,23.44,1024.61,37.10,75.71
391,180,221,604,682,23.44,1024.61,37.10,75.85
392,180,220,603,683,23.44,1024.61,37.11,76.26
393,180,221,604,683,23.44,1024.60,37.11,76.26
394,180,220,604,683,23.44,1024.61,37.09,76.13
395,180,220,604,682,23.44,1024.61,37.09,76.40
396,181,221,603,683,23.44,1024.61,37.10,76.20
397,180,221,603,682,23.44,1024.61,37.08,75.99
398,181,221,603,682,23.44,1024.61,37.09,76.40
399,181,221,603,681,23.44,1024.61,37.08,76.61
400,181,221,604,682,23.44,1024.61,37.08,76.20
401,180,221,603,682,23.44,1024.61,37.07,76.20
402,181,220,604,682,23.44,1024.62,37.07,76.13
403,181,221,604,681,23.44,1024.62,37.07,76.40
404,181,220,604,681,23.44,1024.62,37.07,76.33
405,180,220,604,681,23.43,1024.61,37.06,76.40
406,181,221,604,681,23.43,1024.61,37.07,76.33
407,180,221,603,681,23.43,1024.61,37.05,76.33
408,180,220,604,682,23.43,1024.61,37.05,76.75
409,180,221,603,681,23.43,1024.61,37.06,76.54
410,180,221,604,681,23.43,1024.61,37.04,76.82
411,180,221,603,681,23.43,1024.61,37.05,76.40
412,180,221,604,681,23.43,1024.61,37.02,76.33
413,181,221,604,681,23.43,1024.61,37.04,76.54
414,181,221,605,682,23.43,1024.61,37.02,76.54
415,181,221,604,680,23.43,1024.60,37.03,76.33
416,181,221,604,681,23.43,1024.60,37.02,76.40
417,181,221,604,680,23.43,1024.60,37.02,76.61
418,180,220,604,681,23.43,1024.61,37.02,76.68
419,181,221,604,680,23.42,1024.61,37.01,76.54
420,180,220,604,680,23.42,1024.62,37.01,76.47
421,181,222,604,680,23.42,1024.61,37.02,76.82
422,180,221,604,681,23.42,1024.61,37.01,76.33
423,180,221,603,680,23.42,1024.60,37.00,76.82
424,181,221,604,680,23.42,1024.61,37.00,76.89
425,181,220,604,680,23.42,1024.61,37.00,76.96
426,181,220,604,680,23.42,1024.61,36.99,77.03
427,181,221,604,680,23.42,1024.61,36.99,76.96
428,180,221,604,680,23.42,1024.62,37.00,76.82
429,181,221,604,680,23.41,1024.62,36.98,76.20
430,181,222,604,680,23.41,1024.61,36.99,76.75
431,181,221,604,680,23.41,1024.61,36.98,76.89
432,181,222,604,679,23.41,1024.61,36.98,77.25
433,180,221,604,680,23.41,1024.61,36.97,76.82
434,180,222,604,679,23.41,1024.61,36.99,77.03
435,181,221,604,679,23.41,1024.61,36.96,76.75
436,180,221,604,679,23.41,1024.61,36.97,76.82
437,181,221,604,679,23.41,1024.60,36.97,76.82
438,181,221,604,679,23.41,1024.60,36.97,76.82
439,181,221,604,679,23.41,1024.60,36.97,77.32
440,181,221,604,679,23.41,1024.61,36.96,77.10
441,181,221,604,679,23.41,1024.61,36.95,76.96
442,181,221,604,679,23.41,1024.60,36.96,77.39
443,181,221,603,679,23.41,1024.60,36.96,77.03
444,181,221,604,679,23.41,1024.60,36.96,77.25
445,181,221,603,679,23.40,1024.60,36.96,77.32
446,181,221,604,679,23.40,1024.59,36.95,77.39
447,181,221,604,679,23.40,1024.61,36.94,77.25
448,180,222,604,678,23.40,1024.61,36.95,77.10
449,180,221,604,678,23.40,1024.60,36.94,77.10
450,180,221,604,679,23.40,1024.61,36.94,77.32
451,180,222,604,679,23.40,1024.60,36.93,76.68
452,180,221,604,679,23.40,1024.61,36.94,77.67
453,180,221,604,679,23.40,1024.60,36.92,77.53
454,181,221,604,678,23.40,1024.60,36.93,77.53
455,181,221,604,678,23.40,1024.61,36.93,77.25
456,181,221,604,678,23.40,1024.60,36.91,77.17
457,180,221,603,678,23.40,1024.60,36.92,77.39
458,180,221,604,677,23.40,1024.61,36.93,77.53
459,181,221,604,677,23.40,1024.61,36.91,77.53
460,181,221,604,678,23.40,1024.60,36.92,77.67
461,181,222,603,677,23.40,1024.59,36.90,77.03
462,181,221,603,677,23.40,1024.61,36.91,77.53
463,181,221,604,677,23.40,1024.61,36.91,77.53
464,181,221,604,678,23.39,1024.61,36.91,77.67
465,181,221,603,677,23.39,1024.61,36.91,77.25
466,181,222,604,678,23.39,1024.61,36.91,77.46
467,181,221,603,678,23.39,1024.60,36.91,77.82
468,181,221,604,677,23.39,1024.60,36.90,77.46
469,180,221,603,677,23.39,1024.61,36.90,77.60
470,181,221,604,677,23.39,1024.61,36.90,77.75
471,181,221,603,677,23.39,1024.62,36.90,78.11
472,180,221,604,677,23.39,1024.63,36.88,78.18
473,181,221,604,677,23.39,1024.63,36.89,77.67
474,181,221,603,677,23.39,1024.63,36.89,78.03
475,181,221,604,677,23.39,1024.63,36.90,78.03
476,181,221,604,677,23.39,1024.63,36.89,77.82
477,181,221,603,677,23.39,1024.63,36.88,77.82
478,181,221,603,676,23.39,1024.63,36.88,77.96
479,181,221,604,676,23.38,1024.63,36.87,77.96
480,181,221,604,677,23.38,1024.63,36.87,77.96
481,181,222,603,677,23.38,1024.62,36.88,77.96
482,181,221,604,676,23.38,1024.62,36.88,77.89
483,180,221,603,676,23.38,1024.63,36.87,78.18
484,180,221,604,676,23.38,1024.62,36.87,77.96
485,181,221,604,677,23.38,1024.61,36.87,78.03
486,181,221,604,676,23.38,1024.62,36.86,77.82
487,180,221,604,676,23.38,1024.62,36.86,78.40
488,180,221,604,676,23.38,1024.62,36.86,78.40
489,181,221,604,676,23.38,1024.61,36.85,77.67
490,181,222,603,675,23.38,1024.61,36.85,78.18
491,181,221,604,676,23.38,1024.61,36.85,78.18
492,180,221,603,675,23.38,1024.61,36.85,78.47
493,181,220,603,675,23.38,1024.62,36.86,78.40
494,181,222,604,676,23.38,1024.63,36.85,78.54
495,181,220,604,675,23.38,1024.62,36.85,78.62
496,180,221,603,675,23.38,1024.62,36.85,78.40
497,180,221,604,675,23.38,1024.62,36.87,78.69
498,181,221,604,676,23.37,1024.62,36.85,78.62
499,181,221,603,675,23.37,1024.61,36.85,78.84
500,181,221,603,675,23.37,1024.15,36.84,78.54
501,178,220,601,664,23.37,1023.72,36.84,79.96
502,174,217,595,642,23.37,1023.40,36.83,84.04
503,169,216,590,619,23.36,1023.18,36.83,91.15
504,165,214,585,597,23.35,1023.01,36.82,97.01
505,162,213,581,579,23.34,1022.87,36.81,104.42
506,159,210,577,563,23.34,1022.77,36.79,112.76
507,157,210,574,549,23.33,1022.70,36.75,118.48
508,155,209,570,535,23.32,1022.65,36.72,126.89
509,154,208,568,524,23.32,1022.61,36.68,133.01
510,152,207,564,513,23.31,1022.56,36.64,139.99
511,151,205,562,504,23.31,1022.54,36.59,146.07
512,148,204,559,496,23.30,1022.53,36.55,150.38
513,148,203,557,489,23.30,1022.52,36.50,156.83
514,147,202,553,482,23.30,1022.51,36.46,159.51
515,146,202,552,476,23.30,1022.49,36.39,164.34
516,145,201,549,471,23.29,1022.48,36.36,169.99
517,145,200,547,466,23.29,1022.48,36.32,174.22
518,144,199,545,461,23.29,1022.47,36.25,177.35
519,144,198,543,457,23.29,1022.47,36.22,180.39
520,144,197,541,453,23.28,1022.47,36.16,180.78
521,143,197,539,448,23.28,1022.47,36.11,185.57
522,143,195,537,445,23.28,1022.47,36.08,187.66
523,143,195,535,441,23.28,1022.46,36.04,189.81
524,142,194,533,439,23.28,1022.46,35.99,190.25
525,142,193,531,436,23.28,1022.46,35.96,191.91
526,141,192,530,433,23.27,1022.44,35.92,194.96
527,141,192,528,430,23.27,1022.44,35.89,199.19
528,141,191,526,428,23.27,1022.45,35.86,199.31
529,141,190,525,425,23.27,1022.44,35.82,203.36
530,140,190,522,423,23.27,1022.43,35.79,203.36
531,140,189,522,421,23.27,1022.42,35.76,207.05
532,140,188,520,419,23.27,1022.41,35.72,209.41
533,139,188,519,418,23.27,1022.42,35.71,208.62
534,140,187,517,416,23.27,1022.42,35.68,212.24
535,139,186,515,414,23.27,1022.42,35.65,212.24
536,139,186,514,412,23.27,1022.42,35.61,217.12
537,139,185,512,411,23.27,1022.41,35.59,216.27
538,138,185,511,409,23.27,1022.41,35.57,216.69
539,138,184,509,408,23.27,1022.40,35.54,219.86
540,138,183,508,406,23.27,1022.40,35.50,222.23
541,137,183,507,405,23.27,1022.40,35.47,224.34
542,138,183,506,404,23.27,1022.40,35.44,224.95
543,138,182,504,403,23.27,1022.39,35.42,226.96
544,137,182,504,401,23.27,1022.40,35.40,226.96
545,137,181,502,400,23.27,1022.41,35.37,228.84
546,137,181,501,399,23.27,1022.41,35.36,229.96
547,137,179,499,399,23.27,1022.41,35.32,229.80
548,137,179,499,397,23.27,1022.41,35.30,234.19
549,137,178,498,397,23.28,1022.41,35.28,232.22
550,136,178,497,396,23.28,1022.41,35.25,235.19
551,136,177,495,394,23.28,1022.40,35.22,234.19
552,136,177,494,393,23.28,1022.40,35.20,238.59
553,136,177,493,393,23.28,1022.39,35.17,239.62
554,136,177,493,393,23.28,1022.39,35.15,240.32
555,136,176,492,391,23.28,1022.38,35.12,242.08
556,136,175,491,391,23.28,1022.37,35.11,242.43
557,135,175,490,390,23.28,1022.37,35.07,242.08
558,135,174,489,389,23.28,1022.36,35.07,242.97
559,136,173,488,389,23.28,1022.36,35.05,243.33
560,135,173,488,388,23.28,1022.35,35.04,247.52
561,135,173,487,387,23.28,1022.35,35.03,247.52
562,135,173,485,387,23.28,1022.35,35.00,245.68
563,135,173,485,387,23.28,1022.35,34.98,248.07
564,136,172,483,387,23.29,1022.34,34.98,249.95
565,136,172,483,385,23.29,1022.34,34.97,251.09
566,135,171,483,385,23.29,1022.34,34.97,250.14
567,136,171,482,384,23.29,1022.34,34.95,252.82
568,135,170,481,384,23.29,1022.34,34.95,254.77
569,135,170,480,384,23.29,1022.34,34.93,256.15
570,134,169,479,384,23.29,1022.35,34.93,256.94
571,134,168,478,382,23.29,1022.35,34.93,257.75
572,135,168,478,383,23.30,1022.34,34.91,256.75
573,134,168,477,382,23.30,1022.34,34.90,258.15
574,134,168,476,381,23.30,1022.34,34.88,259.57
575,134,167,475,381,23.30,1022.34,34.88,261.42
576,134,167,475,381,23.30,1022.35,34.87,258.55
577,134,167,474,380,23.30,1022.34,34.85,260.39
578,134,166,472,379,23.30,1022.35,34.85,260.39
579,134,166,473,379,23.30,1022.35,34.84,261.21
580,133,166,471,379,23.30,1022.35,34.83,264.98
581,133,166,472,379,23.30,1022.36,34.82,265.40
582,133,165,471,377,23.30,1022.36,34.82,267.33
583,133,164,469,378,23.31,1022.36,34.81,262.87
584,134,164,469,378,23.31,1022.35,34.78,266.69
585,133,164,468,376,23.31,1022.35,34.78,265.83
586,133,163,467,377,23.31,1022.34,34.77,268.64
587,133,163,467,377,23.31,1022.34,34.76,269.73
588,133,163,466,376,23.31,1022.34,34.73,271.28
589,132,163,466,376,23.31,1022.33,34.73,270.62
590,132,163,466,376,23.31,1022.33,34.72,272.18
591,133,162,465,375,23.32,1022.34,34.72,271.28
592,133,162,464,375,23.32,1022.33,34.70,269.30
593,132,161,464,375,23.32,1022.34,34.70,272.18
594,132,161,463,374,23.32,1022.34,34.70,271.28
595,133,160,462,375,23.32,1022.35,34.68,274.89
596,132,160,461,374,23.32,1022.36,34.68,275.12
597,132,160,461,373,23.32,1022.37,34.66,274.89
598,132,160,460,374,23.32,1022.36,34.66,275.12
599,132,159,460,373,23.33,1022.36,34.65,276.97
600,132,160,460,373,23.33,1022.37,34.65,273.98
601,132,159,459,374,23.33,1022.37,34.64,278.83
602,132,159,459,372,23.33,1022.38,34.63,276.04
603,132,159,458,373,23.33,1022.39,34.64,275.35
604,132,158,457,372,23.33,1022.40,34.62,276.97
605,132,158,456,372,23.33,1022.41,34.62,280.02
606,132,158,457,372,23.34,1022.41,34.62,280.97
607,131,157,456,372,23.34,1022.41,34.61,280.97
608,132,157,455,372,23.34,1022.41,34.61,280.25
609,132,157,456,372,23.34,1022.41,34.61,280.73
610,131,157,455,372,23.34,1022.41,34.61,283.62
611,131,156,454,372,23.34,1022.42,34.62,281.69
612,132,156,453,371,23.35,1022.42,34.61,284.11
613,132,155,452,371,23.35,1022.42,34.61,279.54
614,131,156,452,371,23.35,1022.43,34.61,284.84
615,131,155,452,370,23.35,1022.43,34.60,285.58
616,131,155,451,371,23.35,1022.44,34.61,285.33
617,131,155,451,371,23.35,1022.43,34.61,286.07
618,131,154,450,370,23.35,1022.43,34.60,286.82
619,131,154,450,370,23.35,1022.42,34.60,287.82
620,131,155,449,370,23.35,1022.41,34.59,286.82
621,131,153,449,370,23.35,1022.41,34.59,289.58
622,131,154,449,370,23.36,1022.41,34.59,290.60
623,131,153,448,370,23.36,1022.41,34.57,286.32
624,130,154,448,369,23.36,1022.41,34.57,288.82
625,131,153,447,369,23.36,1022.42,34.56,289.84
626,130,153,447,368,23.36,1022.41,34.54,290.60
627,130,153,447,369,23.36,1022.41,34.55,291.37
628,130,152,445,369,23.36,1022.41,34.55,287.82
629,130,153,445,368,23.36,1022.41,34.53,290.60
630,131,153,445,368,23.36,1022.41,34.54,291.88
631,131,152,446,368,23.36,1022.42,34.55,292.92
632,130,151,444,369,23.37,1022.41,34.52,291.88
633,129,151,444,368,23.37,1022.42,34.52,296.33
634,130,151,443,368,23.37,1022.42,34.51,294.22
635,130,151,444,368,23.37,1022.43,34.51,294.75
636,130,151,443,368,23.37,1022.43,34.51,293.70
637,130,150,442,368,23.37,1022.43,34.51,295.01
638,130,150,442,367,23.37,1022.43,34.49,296.33
639,129,150,441,367,23.37,1022.43,34.48,295.80
640,130,149,442,367,23.37,1022.43,34.48,295.80
641,129,149,441,367,23.38,1022.42,34.48,295.27
642,129,149,441,367,23.38,1022.42,34.47,296.60
643,129,149,440,366,23.38,1022.42,34.47,296.60
644,129,149,440,367,23.38,1022.42,34.48,297.13
645,128,149,439,367,23.38,1022.42,34.46,295.80
646,129,149,439,366,23.38,1022.41,34.46,297.67
647,129,149,439,367,23.38,1022.41,34.46,298.47
648,129,149,438,366,23.38,1022.41,34.44,299.28
649,129,148,438,366,23.38,1022.41,34.43,302.02
650,129,148,437,366,23.39,1022.41,34.44,300.10
651,129,148,437,366,23.39,1022.42,34.42,301.19
652,129,147,437,366,23.39,1022.43,34.42,302.85
653,129,147,436,366,23.39,1022.43,34.43,300.92
654,129,147,436,366,23.39,1022.42,34.41,302.85
655,128,147,436,365,23.39,1022.41,34.40,300.92
656,128,146,435,365,23.39,1022.41,34.40,302.85
657,129,147,435,365,23.39,1022.42,34.39,302.29
658,128,146,434,365,23.39,1022.43,34.38,301.74
659,129,146,435,366,23.39,1022.43,34.38,303.40
660,128,146,434,365,23.39,1022.44,34.38,302.57
661,128,146,433,365,23.39,1022.44,34.37,302.57
662,128,146,434,365,23.40,1022.43,34.36,303.96
663,128,146,433,365,23.40,1022.44,34.37,305.93
664,128,145,433,365,23.40,1022.45,34.36,306.21
665,129,145,432,364,23.40,1022.45,34.36,305.93
666,128,145,433,364,23.40,1022.44,34.35,303.96
667,129,145,432,365,23.40,1022.44,34.35,306.21
668,128,144,432,364,23.40,1022.44,34.34,302.57
669,128,145,430,365,23.40,1022.44,34.34,305.08
670,128,145,430,364,23.40,1022.44,34.34,305.37
671,128,144,431,364,23.40,1022.43,34.33,306.50
672,129,144,431,365,23.40,1022.43,34.33,306.78
673,128,145,431,365,23.40,1022.43,34.33,306.21
674,129,144,430,365,23.40,1022.42,34.33,309.08
675,129,144,430,364,23.40,1022.42,34.34,307.07
676,128,144,429,365,23.40,1022.41,34.33,304.80
677,128,143,429,364,23.41,1022.41,34.35,309.08
678,128,144,429,364,23.41,1022.41,34.34,307.93
679,128,143,428,364,23.41,1022.41,34.35,309.66
680,128,142,428,365,23.41,1022.41,34.35,309.08
681,127,143,428,364,23.41,1022.40,34.35,309.66
682,127,142,428,364,23.41,1022.41,34.35,307.93
683,128,143,427,364,23.41,1022.40,34.34,309.37
684,127,142,427,364,23.41,1022.40,34.34,309.08
685,128,142,426,364,23.41,1022.40,34.36,309.37
686,127,142,426,364,23.41,1022.39,34.35,311.99
687,127,141,426,363,23.41,1022.37,34.34,310.24
688,127,142,426,363,23.41,1022.34,34.33,311.41
689,127,142,426,364,23.41,1022.34,34.34,311.41
690,128,142,426,364,23.41,1022.33,34.33,312.58
691,128,141,425,364,23.42,1022.32,34.34,311.11
692,128,141,426,364,23.41,1022.31,34.33,312.29
693,127,141,426,365,23.42,1022.30,34.33,312.88
694,128,142,426,364,23.42,1022.30,34.34,311.11
695,128,141,425,365,23.42,1022.28,34.36,309.66
696,128,141,425,365,23.42,1022.29,34.37,309.37
697,128,141,425,365,23.42,1022.27,34.37,311.41
698,128,141,425,365,23.42,1022.27,34.38,312.88
699,129,140,424,365,23.42,1022.26,34.40,312.29
700,128,141,424,364,23.42,1022.27,34.40,313.47
701,129,141,424,364,23.42,1022.26,34.42,312.29
702,128,141,424,365,23.42,1022.26,34.43,314.07
703,129,140,424,365,23.42,1022.26,34.45,313.77
704,129,141,424,364,23.43,1022.27,34.46,315.57
705,129,140,424,364,23.43,1022.27,34.48,313.18
706,128,141,424,365,23.43,1022.26,34.49,314.07
707,128,140,423,365,23.43,1022.26,34.51,315.87
708,129,140,423,365,23.43,1022.26,34.52,315.87
709,129,140,422,365,23.43,1022.26,34.53,316.17
710,128,139,422,364,23.43,1022.27,34.55,313.47
711,128,139,422,365,23.43,1022.26,34.56,315.87
712,128,140,421,364,23.43,1022.28,34.57,311.70
713,128,139,421,365,23.43,1022.28,34.58,316.47
714,127,139,421,365,23.43,1022.28,34.59,315.57
715,128,139,421,364,23.43,1022.29,34.60,314.67
716,128,139,421,364,23.43,1022.29,34.62,312.58
717,128,139,421,365,23.43,1022.28,34.62,313.18
718,128,139,421,365,23.43,1022.27,34.62,315.27
719,128,138,420,364,23.43,1022.27,34.63,316.78
720,128,138,420,364,23.43,1022.26,34.65,314.67
721,128,139,419,364,23.43,1022.25,34.66,315.57
722,128,139,420,364,23.44,1022.25,34.66,315.87
723,128,139,420,364,23.44,1022.25,34.67,315.87
724,128,138,419,364,23.44,1022.25,34.68,317.39
725,127,138,419,364,23.44,1022.24,34.68,316.78
726,128,138,418,365,23.44,1022.24,34.70,318.00
727,127,137,419,364,23.44,1022.25,34.70,318.00
728,128,138,419,364,23.44,1022.25,34.72,318.61
729,127,137,419,364,23.44,1022.25,34.72,319.53
730,128,137,418,364,23.44,1022.24,34.73,319.84
731,128,137,418,364,23.44,1022.24,34.72,320.46
732,128,137,418,364,23.44,1022.25,34.73,318.61
733,128,137,417,364,23.44,1022.25,34.73,319.84
734,128,136,417,364,23.44,1022.26,34.74,319.84
735,127,137,417,363,23.44,1022.26,34.74,320.15
736,127,137,417,364,23.44,1022.25,34.75,320.15
737,127,136,416,363,23.44,1022.26,34.75,319.53
738,127,136,417,363,23.44,1022.26,34.75,322.34
739,128,136,416,363,23.45,1022.27,34.76,318.00
740,127,136,415,363,23.45,1022.27,34.76,323.28
741,126,136,416,363,23.45,1022.26,34.75,319.84
742,128,137,416,364,23.45,1022.24,34.75,320.46
743,127,136,415,364,23.45,1022.25,34.75,321.71
744,128,136,416,364,23.45,1022.25,34.75,322.34
745,127,136,415,364,23.45,1022.24,34.75,324.55
746,127,136,415,364,23.45,1022.25,34.76,322.34
747,128,136,415,363,23.45,1022.24,34.76,322.97
748,128,136,415,364,23.45,1022.26,34.77,322.02
749,127,136,415,364,23.45,1022.26,34.78,321.08
