Time,NO2,C2H5CH,VOC,CO,Temperature,Pressure,Humidity,Gas Resistance
0,119,127,396,357,23.56,1022.31,34.08,342.37
1,119,127,396,357,23.56,1022.31,34.07,344.87
2,119,127,395,357,23.56,1022.31,34.06,344.51
3,119,126,395,357,23.56,1022.31,34.06,343.43
4,118,126,395,356,23.56,1022.30,34.07,345.23
5,119,127,395,357,23.56,1022.30,34.07,346.68
6,118,126,394,356,23.56,1022.30,34.06,345.59
7,119,126,394,356,23.56,1022.32,34.04,344.51
8,119,126,393,356,23.56,1022.31,34.04,346.31
9,119,126,394,356,23.56,1022.30,34.04,346.68
10,119,125,394,357,23.56,1022.31,34.03,345.95
11,119,126,393,357,23.56,1022.31,34.04,343.08
12,118,126,393,356,23.57,1022.31,34.04,348.50
13,118,126,394,356,23.57,1022.32,34.04,348.14
14,119,125,393,356,23.57,1022.31,34.03,348.50
15,118,125,392,356,23.57,1022.31,34.04,348.87
16,118,126,393,356,23.57,1022.32,34.03,348.50
17,118,125,392,356,23.57,1022.31,34.03,347.77
18,118,125,392,356,23.57,1022.31,34.03,348.14
19,118,125,392,356,23.57,1022.32,34.02,348.87
20,118,125,392,357,23.57,1022.32,34.03,346.68
21,118,125,391,356,23.57,1022.32,34.02,349.61
22,118,125,392,356,23.57,1022.33,34.03,349.61
23,118,125,392,356,23.57,1022.33,34.02,349.61
24,118,124,391,356,23.57,1022.33,34.02,352.22
25,118,124,391,355,23.57,1022.33,34.01,350.35
26,118,125,390,355,23.57,1022.32,34.01,351.10
27,118,124,391,356,23.57,1022.33,34.02,350.35
28,118,124,391,355,23.57,1022.33,34.01,350.35
29,117,124,390,356,23.57,1022.33,34.01,351.84
30,118,124,390,355,23.57,1022.32,33.99,350.35
31,118,124,390,356,23.57,1022.32,34.00,351.84
32,118,124,390,355,23.57,1022.33,34.00,352.59
33,118,123,390,356,23.57,1022.33,33.99,352.22
34,118,124,390,356,23.57,1022.33,33.99,356.01
35,118,124,389,356,23.57,1022.33,33.98,354.10
36,118,123,389,355,23.57,1022.34,33.98,350.35
37,118,124,389,355,23.57,1022.33,33.98,353.72
38,118,123,389,356,23.57,1022.33,33.98,355.25
39,118,124,390,355,23.57,1022.33,33.97,354.86
40,118,123,389,355,23.57,1022.33,33.96,353.72
41,118,124,389,356,23.57,1022.32,33.97,353.72
42,118,124,389,356,23.57,1022.32,33.96,354.48
43,118,123,389,356,23.57,1022.32,33.95,354.48
44,118,123,389,356,23.57,1022.31,33.96,354.86
45,118,123,388,356,23.57,1022.31,33.97,355.63
46,118,123,389,356,23.57,1022.32,33.97,354.10
47,118,123,388,356,23.57,1022.31,33.96,356.01
48,119,122,388,356,23.57,1022.31,33.97,356.78
49,118,123,388,356,23.57,1022.31,33.98,357.94
50,117,123,387,356,23.57,1022.31,33.96,353.72
51,118,123,387,356,23.57,1022.32,33.96,357.55
52,118,123,387,355,23.57,1022.33,33.97,356.39
53,118,123,387,355,23.57,1022.34,33.98,357.94
54,118,123,387,356,23.57,1022.33,33.96,357.16
55,117,123,386,355,23.57,1022.33,33.96,357.16
56,118,122,386,356,23.57,1022.33,33.97,359.49
57,118,122,386,356,23.57,1022.33,33.96,360.67
58,117,123,386,356,23.57,1022.33,33.97,359.49
59,117,122,386,355,23.57,1022.34,33.96,358.71
60,118,122,386,355,23.57,1022.34,33.96,359.49
61,118,122,385,355,23.57,1022.35,33.96,359.89
62,118,122,386,355,23.57,1022.36,33.97,361.06
63,117,122,386,356,23.57,1022.38,33.95,360.28
64,117,122,385,356,23.58,1022.39,33.95,361.86
65,118,122,385,355,23.58,1022.37,33.95,359.49
66,117,121,385,355,23.58,1022.37,33.95,360.67
67,117,121,384,355,23.58,1022.37,33.95,362.65
68,117,122,384,355,23.58,1022.37,33.95,361.06
69,117,121,384,355,23.58,1022.37,33.94,362.65
70,117,121,384,355,23.58,1022.36,33.94,362.25
71,117,121,384,354,23.58,1022.35,33.93,363.85
72,118,121,384,355,23.58,1022.35,33.93,361.86
73,117,121,384,355,23.58,1022.34,33.91,362.65
74,117,121,384,355,23.58,1022.33,33.91,363.45
75,117,121,384,355,23.58,1022.33,33.91,365.86
76,117,121,384,355,23.58,1022.34,33.91,363.05
77,116,121,384,355,23.58,1022.36,33.91,363.85
78,117,120,383,355,23.58,1022.35,33.90,364.25
79,117,121,383,355,23.58,1022.36,33.90,367.08
80,117,121,383,355,23.58,1022.36,33.89,363.45
81,117,120,383,355,23.58,1022.36,33.87,364.65
82,117,121,383,355,23.58,1022.36,33.88,365.86
83,117,120,382,355,23.58,1022.35,33.88,368.31
84,116,120,383,355,23.58,1022.34,33.88,365.86
85,116,120,382,354,23.58,1022.34,33.88,367.49
86,117,121,382,355,23.58,1022.34,33.88,369.13
87,117,120,381,355,23.58,1022.34,33.86,367.49
88,117,120,382,355,23.58,1022.33,33.88,365.05
89,117,120,381,355,23.58,1022.35,33.85,366.27
90,117,120,381,354,23.58,1022.36,33.86,367.90
91,116,120,381,354,23.58,1022.39,33.84,367.90
92,116,120,381,355,23.58,1022.41,33.84,368.31
93,116,120,380,354,23.58,1022.43,33.86,368.31
94,116,120,381,354,23.58,1022.42,33.85,368.72
95,116,119,380,355,23.58,1022.42,33.84,368.31
96,117,120,381,354,23.58,1022.45,33.84,369.95
97,117,120,380,355,23.58,1022.46,33.82,369.13
98,116,120,381,355,23.58,1022.49,33.81,369.95
99,116,120,380,355,23.58,1022.50,33.81,369.95
100,117,119,380,355,23.58,1022.52,33.81,370.79
101,117,120,381,355,23.58,1022.52,33.80,369.95
102,117,119,381,355,23.58,1022.53,33.81,369.13
103,117,120,380,355,23.58,1022.45,33.81,368.31
104,117,119,380,354,23.58,1022.41,33.83,371.20
105,117,119,380,355,23.58,1022.39,33.83,371.20
106,117,119,379,355,23.58,1022.35,33.84,371.62
107,117,119,380,355,23.58,1022.34,33.84,369.95
108,116,119,380,355,23.58,1022.32,33.85,370.79
109,117,120,381,355,23.58,1022.30,33.85,368.31
110,117,120,380,355,23.58,1022.29,33.86,370.79
111,117,120,381,355,23.58,1022.29,33.88,371.20
112,117,119,379,355,23.58,1022.28,33.88,369.95
113,117,120,380,356,23.58,1022.27,33.90,369.13
114,117,119,380,355,23.58,1022.27,33.92,371.20
115,117,119,380,355,23.58,1022.27,33.93,370.79
116,117,119,378,355,23.58,1022.26,33.94,371.62
117,117,118,378,355,23.58,1022.26,33.96,372.46
118,117,119,379,355,23.58,1022.25,33.97,371.62
119,117,119,379,355,23.58,1022.25,33.98,373.30
120,117,119,380,355,23.58,1022.25,33.98,374.57
121,117,119,379,356,23.58,1022.24,33.99,369.95
122,117,118,379,356,23.58,1022.24,34.01,371.62
123,117,119,379,356,23.58,1022.24,34.01,370.37
124,118,119,380,356,23.58,1022.24,34.04,372.46
125,118,120,381,358,23.58,1022.24,34.03,369.13
126,119,121,382,370,23.58,1022.24,34.05,351.10
127,120,120,382,375,23.58,1022.25,34.09,338.51
128,123,121,389,407,23.58,1022.26,34.11,286.07
129,134,126,403,505,23.58,1022.26,34.15,182.74
130,146,130,417,590,23.58,1022.25,34.21,115.63
131,156,134,427,642,23.59,1022.25,34.29,84.38
132,163,136,434,673,23.59,1022.26,34.42,69.69
133,166,137,440,690,23.59,1022.26,34.58,63.00
134,169,139,445,696,23.59,1022.26,34.75,60.34
135,170,140,448,699,23.59,1022.26,34.95,59.69
136,171,141,451,700,23.59,1022.26,35.15,60.64
137,171,142,454,699,23.59,1022.26,35.36,62.03
138,171,142,457,699,23.59,1022.27,35.59,63.87
139,172,144,460,699,23.59,1022.26,35.80,65.71
140,172,145,463,697,23.59,1022.51,36.02,67.29
141,172,145,467,703,23.59,1023.01,36.24,68.55
142,172,146,470,711,23.60,1023.40,36.46,70.39
143,172,147,473,718,23.61,1023.69,36.66,71.41
144,172,147,476,721,23.61,1023.90,36.87,72.58
145,172,148,478,724,23.62,1024.07,37.07,73.79
146,171,148,481,726,23.63,1024.19,37.24,74.64
147,172,149,484,727,23.64,1024.28,37.41,75.44
148,171,149,485,727,23.65,1024.34,37.57,75.99
149,171,149,488,727,23.65,1024.39,37.72,77.03
150,171,151,490,728,23.66,1024.43,37.86,77.10
151,170,151,492,727,23.66,1024.45,37.97,77.89
152,170,151,494,727,23.67,1024.47,38.09,78.18
153,171,151,496,727,23.67,1024.49,38.20,78.99
154,170,153,497,727,23.68,1024.50,38.30,79.44
155,170,152,498,726,23.68,1024.52,38.39,79.81
156,169,153,500,725,23.68,1024.52,38.47,80.19
157,169,154,502,725,23.69,1024.53,38.52,80.42
158,169,154,504,724,23.69,1024.53,38.60,80.50
159,169,155,505,723,23.70,1024.53,38.66,80.89
160,168,156,506,723,23.70,1024.53,38.70,80.89
161,169,156,507,723,23.70,1024.54,38.75,81.36
162,169,156,509,722,23.71,1024.55,38.80,81.59
163,169,157,510,722,23.71,1024.54,38.82,81.91
164,168,157,511,721,23.71,1024.54,38.86,81.91
165,169,158,512,721,23.71,1024.54,38.88,82.39
166,168,158,513,720,23.71,1024.54,38.90,82.56
167,168,159,514,720,23.72,1024.54,38.93,82.88
168,168,160,516,720,23.72,1024.55,38.94,83.05
169,167,160,517,719,23.72,1024.54,38.96,83.37
170,167,161,518,718,23.72,1024.54,38.97,83.87
171,167,161,519,718,23.72,1024.54,38.98,83.54
172,167,162,520,717,23.73,1024.54,38.97,83.62
173,168,161,520,716,23.73,1024.55,38.98,83.62
174,167,162,522,716,23.73,1024.55,38.98,84.04
175,167,163,522,715,23.73,1024.54,38.97,83.87
176,167,163,524,714,23.73,1024.54,38.98,84.55
177,167,163,524,714,23.73,1024.53,38.99,84.55
178,167,164,525,714,23.74,1024.54,38.98,84.46
179,166,165,526,713,23.74,1024.55,38.97,84.63
180,167,165,527,713,23.74,1024.55,38.95,84.81
181,167,165,527,712,23.74,1024.54,38.93,84.81
182,166,166,529,712,23.74,1024.54,38.93,84.89
183,167,166,529,711,23.74,1024.54,38.91,84.81
184,167,167,530,711,23.74,1024.56,38.91,85.93
185,166,167,531,710,23.74,1024.55,38.89,85.41
186,166,167,531,710,23.75,1024.55,38.87,85.32
187,167,168,533,709,23.75,1024.55,38.86,85.41
188,166,168,533,709,23.75,1024.55,38.83,85.50
189,167,168,534,708,23.75,1024.55,38.83,85.67
190,166,169,535,708,23.75,1024.55,38.82,85.41
191,167,169,535,708,23.75,1024.54,38.80,85.58
192,167,170,536,707,23.75,1024.55,38.77,86.20
193,166,170,536,707,23.75,1024.55,38.76,86.11
194,166,170,537,706,23.75,1024.55,38.75,86.11
195,166,171,538,706,23.75,1024.56,38.73,86.20
196,166,171,538,705,23.75,1024.56,38.72,86.28
197,166,172,539,705,23.76,1024.55,38.69,86.28
198,166,172,539,704,23.75,1024.55,38.67,86.28
199,166,171,540,705,23.75,1024.54,38.65,86.55
200,167,173,540,704,23.76,1024.55,38.64,86.20
201,166,173,540,703,23.76,1024.55,38.61,86.82
202,166,173,542,703,23.76,1024.55,38.59,87.00
203,166,174,542,703,23.76,1024.55,38.57,86.64
204,166,173,543,703,23.76,1024.55,38.56,87.00
205,165,175,543,702,23.76,1024.55,38.53,86.55
206,166,174,544,701,23.76,1024.56,38.50,87.09
207,166,175,544,702,23.76,1024.55,38.48,87.00
208,165,175,545,701,23.76,1024.55,38.46,87.54
209,166,175,545,701,23.76,1024.54,38.45,86.82
210,166,176,546,700,23.76,1024.54,38.43,87.45
211,166,176,546,700,23.76,1024.54,38.41,87.18
212,166,176,546,700,23.76,1024.54,38.41,87.54
213,166,177,547,699,23.76,1024.55,38.38,87.27
214,166,177,547,699,23.76,1024.55,38.36,87.63
215,166,177,548,699,23.76,1024.54,38.35,87.54
216,165,178,548,698,23.76,1024.54,38.33,87.72
217,166,178,548,699,23.76,1024.53,38.31,87.63
218,165,178,549,698,23.76,1024.53,38.28,87.45
219,166,178,550,698,23.76,1024.53,38.26,87.91
220,166,178,549,698,23.76,1024.53,38.25,88.19
221,166,179,550,697,23.76,1024.53,38.22,87.72
222,166,179,550,697,23.76,1024.54,38.20,87.91
223,165,179,551,697,23.76,1024.54,38.19,87.91
224,166,180,552,697,23.76,1024.53,38.17,88.00
225,166,179,552,696,23.76,1024.54,38.16,87.91
226,166,180,552,696,23.76,1024.54,38.14,88.00
227,165,180,552,696,23.76,1024.54,38.12,87.63
228,166,181,553,695,23.76,1024.55,38.11,88.28
229,166,180,554,696,23.76,1024.54,38.10,88.09
230,166,181,554,695,23.76,1024.54,38.09,88.37
231,166,181,554,694,23.76,1024.54,38.06,88.28
232,165,182,554,695,23.75,1024.54,38.04,88.56
233,166,182,555,694,23.76,1024.53,38.03,88.46
234,166,182,555,694,23.75,1024.53,38.02,88.46
235,165,183,556,694,23.75,1024.53,38.01,88.46
236,165,182,556,694,23.75,1024.54,37.98,88.65
237,166,182,556,693,23.75,1024.54,37.97,88.65
238,166,183,556,693,23.75,1024.54,37.96,88.65
239,165,183,556,693,23.75,1024.54,37.94,88.65
240,166,183,556,693,23.75,1024.54,37.93,88.84
241,166,184,557,692,23.75,1024.54,37.91,88.84
242,166,184,557,692,23.75,1024.54,37.88,88.65
243,166,184,557,693,23.75,1024.53,37.87,88.65
244,166,184,558,691,23.75,1024.53,37.86,89.12
245,166,184,558,691,23.75,1024.53,37.86,89.03
246,166,185,558,691,23.75,1024.53,37.83,89.59
247,166,185,558,691,23.75,1024.53,37.81,89.40
248,166,185,559,691,23.75,1024.53,37.81,88.93
249,166,185,559,691,23.75,1024.52,37.79,89.03
250,165,185,559,691,23.75,1024.52,37.79,89.21
251,166,185,559,691,23.75,1024.53,37.76,89.12
252,166,186,560,690,23.75,1024.53,37.77,88.84
253,166,186,560,690,23.75,1024.53,37.74,89.12
254,166,186,561,690,23.75,1024.53,37.73,89.21
255,166,186,561,690,23.75,1024.53,37.73,89.31
256,165,186,562,689,23.74,1024.54,37.72,89.40
257,166,186,561,689,23.74,1024.54,37.70,89.59
258,166,187,562,689,23.74,1024.54,37.70,89.40
259,166,186,561,689,23.74,1024.54,37.68,89.40
260,166,187,562,689,23.74,1024.53,37.68,89.40
261,166,187,562,689,23.74,1024.53,37.66,89.59
262,166,187,563,688,23.74,1024.54,37.65,89.69
263,166,187,563,688,23.74,1024.54,37.63,89.50
264,166,187,563,688,23.74,1024.54,37.63,89.31
265,166,188,563,688,23.74,1024.54,37.61,89.69
266,166,188,563,687,23.74,1024.53,37.60,89.98
267,166,188,563,687,23.74,1024.53,37.59,89.88
268,166,189,563,687,23.74,1024.54,37.57,89.98
269,165,189,564,687,23.74,1024.53,37.57,90.07
270,166,189,564,687,23.74,1024.54,37.56,89.50
271,166,189,564,687,23.74,1024.53,37.53,89.88
272,166,189,564,686,23.74,1024.53,37.54,89.98
273,166,189,565,686,23.74,1024.53,37.54,90.07
274,166,190,565,686,23.74,1024.54,37.51,90.37
275,166,189,565,687,23.73,1024.53,37.51,89.88
276,166,189,564,685,23.73,1024.53,37.50,90.17
277,166,190,565,686,23.73,1024.53,37.49,90.17
278,167,190,565,685,23.73,1024.53,37.46,90.37
279,166,190,566,685,23.73,1024.54,37.47,89.98
280,166,190,566,685,23.73,1024.54,37.47,90.17
281,166,190,565,685,23.73,1024.54,37.45,90.17
282,166,190,566,684,23.73,1024.54,37.44,90.17
283,167,190,567,685,23.73,1024.55,37.44,89.79
284,167,191,567,685,23.73,1024.55,37.44,90.37
285,166,191,567,684,23.73,1024.55,37.42,90.17
286,166,191,566,683,23.73,1024.56,37.41,90.56
287,166,191,567,684,23.73,1024.54,37.41,90.66
288,166,191,567,684,23.73,1024.53,37.40,90.17
289,166,191,567,684,23.73,1024.54,37.38,90.07
290,166,191,567,684,23.72,1024.54,37.38,90.66
291,166,191,567,684,23.72,1024.53,37.38,90.37
292,166,192,568,683,23.72,1024.54,37.36,90.56
293,166,192,568,683,23.72,1024.53,37.35,90.76
294,166,192,568,684,23.72,1024.53,37.34,90.85
295,167,192,568,683,23.72,1024.53,37.35,90.17
296,166,192,569,682,23.72,1024.53,37.33,90.46
297,166,192,569,682,23.72,1024.53,37.32,90.46
298,167,192,568,683,23.72,1024.53,37.32,90.76
299,166,193,569,683,23.72,1024.53,37.31,90.66
300,167,193,569,683,23.72,1024.53,37.31,90.37
301,167,193,569,683,23.72,1024.53,37.29,90.95
302,166,192,568,682,23.72,1024.53,37.29,90.56
303,166,192,568,682,23.72,1024.52,37.28,90.95
304,167,193,569,683,23.72,1024.52,37.28,91.15
305,166,192,570,681,23.71,1024.51,37.26,90.95
306,167,192,570,681,23.72,1024.53,37.27,91.35
307,167,193,569,682,23.71,1024.53,37.27,91.15
308,166,193,569,681,23.71,1024.53,37.25,90.95
309,166,193,570,681,23.71,1024.53,37.26,91.25
310,166,194,570,681,23.71,1024.53,37.25,90.95
311,167,194,570,681,23.71,1024.54,37.23,91.35
312,167,194,569,680,23.71,1024.55,37.22,91.15
313,167,194,570,681,23.71,1024.55,37.23,91.25
314,167,195,570,681,23.71,1024.55,37.22,91.25
315,166,194,571,680,23.71,1024.55,37.22,91.25
316,167,194,570,681,23.71,1024.53,37.21,91.15
317,167,194,571,680,23.71,1024.53,37.21,91.35
318,166,194,571,680,23.71,1024.53,37.19,91.15
319,167,195,571,680,23.71,1024.53,37.20,91.45
320,167,195,570,681,23.71,1024.54,37.18,91.75
321,166,195,572,680,23.71,1024.54,37.17,91.45
322,166,195,571,680,23.71,1024.53,37.16,91.35
323,166,194,571,680,23.71,1024.53,37.17,91.65
324,166,195,571,679,23.70,1024.53,37.15,91.65
325,167,195,571,679,23.70,1024.53,37.15,91.25
326,167,194,572,679,23.70,1024.53,37.15,91.15
327,167,195,571,678,23.70,1024.53,37.15,91.75
328,166,195,572,679,23.70,1024.53,37.13,91.75
329,167,195,571,678,23.70,1024.53,37.14,91.95
330,166,195,571,679,23.70,1024.54,37.13,91.95
331,166,196,572,679,23.70,1024.53,37.12,91.55
332,167,196,572,678,23.70,1024.53,37.12,92.25
333,166,196,571,678,23.70,1024.54,37.11,91.75
334,166,196,572,678,23.70,1024.53,37.12,91.65
335,167,196,573,678,23.70,1024.53,37.10,91.75
336,167,196,572,678,23.70,1024.53,37.11,91.75
337,166,196,573,678,23.70,1024.53,37.09,91.95
338,167,196,572,678,23.69,1024.52,37.10,91.85
339,166,196,573,678,23.69,1024.53,37.08,91.85
340,167,197,572,678,23.69,1024.52,37.07,92.05
341,166,197,572,678,23.69,1024.52,37.09,91.85
342,167,196,573,678,23.69,1024.52,37.07,92.25
343,166,196,573,678,23.69,1024.52,37.06,91.75
344,166,196,573,678,23.69,1024.52,37.06,92.35
345,166,197,572,677,23.69,1024.52,37.04,92.45
346,166,196,574,677,23.69,1024.52,37.04,92.25
347,167,197,573,677,23.69,1024.52,37.06,92.35
348,167,197,574,677,23.69,1024.53,37.04,92.45
349,167,196,574,677,23.69,1024.52,37.02,91.95
350,167,196,574,677,23.69,1024.52,37.02,92.35
351,167,197,573,676,23.69,1024.53,37.04,92.15
352,167,197,574,676,23.69,1024.53,37.02,92.66
353,167,197,573,677,23.69,1024.53,37.02,91.85
354,167,197,574,676,23.69,1024.52,37.01,92.35
355,167,197,574,676,23.69,1024.52,37.00,92.35
356,167,196,574,676,23.68,1024.53,37.00,92.35
357,167,197,574,676,23.68,1024.53,37.00,92.45
358,167,197,573,676,23.68,1024.53,37.00,92.15
359,167,198,574,676,23.68,1024.53,37.00,92.56
360,167,197,574,676,23.68,1024.53,37.00,92.45
361,167,197,574,676,23.68,1024.52,36.98,92.76
362,167,198,574,675,23.68,1024.52,36.99,92.35
363,167,197,574,676,23.68,1024.52,36.98,92.35
364,166,197,574,675,23.68,1024.52,36.98,92.56
365,167,198,575,676,23.68,1024.52,36.98,92.56
366,167,198,574,675,23.68,1024.53,36.96,92.76
367,167,197,574,676,23.68,1024.52,36.95,92.45
368,167,197,574,675,23.68,1024.51,36.97,92.96
369,167,198,575,675,23.68,1024.51,36.95,92.56
370,167,198,575,675,23.68,1024.51,36.95,92.96
371,167,197,574,674,23.68,1024.51,36.95,92.96
372,167,198,574,675,23.68,1024.52,36.95,92.96
373,167,198,574,675,23.68,1024.53,36.94,92.96
374,167,198,574,675,23.67,1024.52,36.94,92.86
375,167,198,575,675,23.67,1024.51,36.94,93.17
376,167,199,575,675,23.67,1024.51,36.93,93.38
377,167,198,575,675,23.67,1024.51,36.94,93.58
378,167,198,575,675,23.67,1024.52,36.92,92.76
379,167,198,575,674,23.67,1024.52,36.93,93.17
380,166,198,575,674,23.67,1024.51,36.91,93.17
381,167,198,575,674,23.67,1024.51,36.92,92.86
382,167,198,575,673,23.67,1024.51,36.92,92.76
383,167,198,575,674,23.67,1024.52,36.91,93.38
384,167,198,575,674,23.67,1024.51,36.91,93.27
385,167,198,575,674,23.67,1024.52,36.91,93.27
386,167,198,575,674,23.67,1024.51,36.91,93.38
387,167,199,575,674,23.67,1024.52,36.90,92.96
388,167,199,575,673,23.66,1024.52,36.89,93.38
389,167,199,576,673,23.66,1024.52,36.88,93.17
390,167,199,575,673,23.66,1024.51,36.89,93.48
391,167,198,575,673,23.66,1024.51,36.89,93.07
392,167,199,576,673,23.66,1024.51,36.89,93.38
393,167,199,575,673,23.66,1024.51,36.88,93.58
394,167,199,575,674,23.66,1024.51,36.88,93.69
395,167,199,575,673,23.66,1024.52,36.89,93.48
396,166,199,576,673,23.66,1024.52,36.88,93.38
397,167,199,576,673,23.66,1024.52,36.87,93.38
398,167,199,576,673,23.66,1024.52,36.88,93.58
399,167,199,576,674,23.66,1024.51,36.86,93.48
400,167,198,576,672,23.66,1024.51,36.86,93.79
401,167,199,575,673,23.66,1024.51,36.86,93.90
402,167,199,575,672,23.66,1024.50,36.86,93.58
403,167,199,575,672,23.66,1024.50,36.85,94.00
404,167,199,576,672,23.66,1024.50,36.85,93.69
405,167,200,576,672,23.65,1024.50,36.86,93.79
406,167,199,575,672,23.65,1024.50,36.83,93.79
407,167,199,576,672,23.65,1024.51,36.85,93.38
408,168,199,575,672,23.65,1024.52,36.85,93.58
409,167,200,576,672,23.65,1024.52,36.85,94.00
410,167,199,575,672,23.65,1024.51,36.84,93.58
411,167,199,576,672,23.65,1024.51,36.85,93.58
412,167,200,576,672,23.65,1024.51,36.84,94.00
413,167,199,576,672,23.65,1024.52,36.83,94.00
414,167,199,575,670,23.65,1024.52,36.83,94.11
415,167,200,576,672,23.65,1024.52,36.82,94.11
416,167,199,576,671,23.65,1024.51,36.83,93.58
417,167,199,576,671,23.65,1024.51,36.82,94.21
418,167,200,576,671,23.65,1024.51,36.81,94.11
419,167,199,576,672,23.65,1024.51,36.82,93.90
420,167,199,576,670,23.65,1024.51,36.80,94.00
421,167,200,577,671,23.65,1024.51,36.81,94.64
422,167,200,576,670,23.65,1024.51,36.80,93.90
423,166,199,576,671,23.65,1024.51,36.80,94.11
424,167,200,576,670,23.65,1024.51,36.80,94.11
425,167,200,576,670,23.65,1024.51,36.80,94.64
426,167,200,576,670,23.65,1024.51,36.79,94.75
427,167,200,576,671,23.64,1024.51,36.79,94.43
428,167,200,576,670,23.64,1024.51,36.79,94.43
429,167,200,576,671,23.64,1024.51,36.78,94.32
430,167,200,577,670,23.64,1024.51,36.79,94.21
431,167,200,577,671,23.64,1024.51,36.79,94.00
432,167,200,576,670,23.64,1024.51,36.77,94.43
433,167,200,576,670,23.64,1024.50,36.78,94.11
434,167,200,576,670,23.64,1024.50,36.77,94.53
435,167,200,576,670,23.64,1024.50,36.78,94.32
436,167,200,576,670,23.64,1024.50,36.77,94.85
437,167,200,576,670,23.64,1024.51,36.76,94.85
438,167,200,576,670,23.64,1024.50,36.77,94.43
439,167,200,576,669,23.64,1024.50,36.76,94.53
440,167,200,576,669,23.64,1024.50,36.76,94.85
441,167,200,576,669,23.64,1024.51,36.78,94.75
442,167,200,576,669,23.64,1024.50,36.75,94.96
443,167,200,576,670,23.64,1024.51,36.76,94.85
444,167,201,576,669,23.64,1024.51,36.76,94.96
445,167,200,576,669,23.64,1024.51,36.76,94.64
446,167,200,577,669,23.64,1024.51,36.75,95.07
447,167,200,576,670,23.64,1024.50,36.75,94.53
448,167,201,576,668,23.64,1024.50,36.74,94.85
449,167,201,576,669,23.64,1024.50,36.74,95.07
450,167,201,576,669,23.64,1024.50,36.73,94.75
451,167,200,577,669,23.64,1024.51,36.75,94.85
452,167,201,577,668,23.63,1024.51,36.74,94.64
453,167,201,576,669,23.63,1024.50,36.74,95.07
454,167,200,577,669,23.63,1024.50,36.73,95.28
455,167,201,576,668,23.63,1024.50,36.74,95.07
456,167,200,577,669,23.63,1024.50,36.74,95.17
457,167,200,577,669,23.63,1024.50,36.73,95.39
458,168,200,576,668,23.63,1024.50,36.73,94.96
459,168,200,577,668,23.63,1024.49,36.73,94.96
460,167,200,576,668,23.63,1024.49,36.73,95.17
461,168,201,577,669,23.63,1024.49,36.72,95.17
462,167,201,576,668,23.63,1024.50,36.72,95.07
463,167,201,577,668,23.63,1024.50,36.72,95.28
464,168,201,576,669,23.63,1024.50,36.71,94.85
465,167,201,576,668,23.63,1024.51,36.71,95.39
466,168,201,577,668,23.63,1024.51,36.71,95.07
467,167,200,576,668,23.63,1024.51,36.71,95.17
468,167,201,577,667,23.63,1024.50,36.72,94.03
469,168,200,576,668,23.63,1024.50,36.72,95.28
470,167,201,576,667,23.62,1024.50,36.71,95.50
471,167,201,576,668,23.62,1024.50,36.70,95.50
472,167,200,577,667,23.62,1024.50,36.70,94.35
473,168,200,577,667,23.62,1024.50,36.70,93.98
474,167,201,576,667,23.62,1024.50,36.70,95.39
475,167,201,577,667,23.62,1024.50,36.70,95.50
476,167,200,576,667,23.62,1024.50,36.70,94.13
477,167,201,577,668,23.62,1024.50,36.70,95.50
478,168,201,576,667,23.62,1024.50,36.70,95.50
479,168,201,577,667,23.62,1024.50,36.68,95.50
480,167,201,577,667,23.62,1024.50,36.70,94.08
481,167,200,577,667,23.62,1024.49,36.69,94.40
482,167,200,577,667,23.62,1024.49,36.69,95.50
483,167,201,576,666,23.62,1024.50,36.70,94.24
484,168,200,576,666,23.62,1024.50,36.70,94.29
485,167,201,576,666,23.62,1024.49,36.68,94.50
486,167,201,576,666,23.62,1024.49,36.69,94.56
487,167,200,577,666,23.62,1024.50,36.67,94.08
488,167,201,576,666,23.62,1024.50,36.68,94.50
489,167,201,576,666,23.62,1024.50,36.67,94.72
490,167,201,576,666,23.62,1024.50,36.67,94.50
491,167,201,576,666,23.61,1024.51,36.67,94.66
492,168,201,577,666,23.61,1024.51,36.66,94.56
493,167,201,577,666,23.61,1024.50,36.67,94.61
494,167,201,577,667,23.61,1024.50,36.67,94.56
495,167,200,576,665,23.61,1024.50,36.67,94.66
496,167,200,577,666,23.61,1024.49,36.67,95.25
497,168,200,577,666,23.61,1024.49,36.66,94.19
498,168,201,576,666,23.61,1024.50,36.67,94.93
499,167,201,577,666,23.61,1024.50,36.65,94.56
500,167,201,577,666,23.61,1024.01,36.67,94.88
501,165,199,574,656,23.61,1023.55,36.66,96.29
502,161,197,569,635,23.60,1023.21,36.65,101.59
503,156,196,564,612,23.60,1022.94,36.65,109.53
504,153,194,559,591,23.59,1022.76,36.64,120.26
505,151,193,556,573,23.58,1022.61,36.63,129.43
506,148,193,552,557,23.58,1022.51,36.61,139.29
507,146,191,548,542,23.57,1022.42,36.58,149.31
508,144,190,545,530,23.56,1022.37,36.55,158.01
509,142,189,542,518,23.56,1022.33,36.51,167.29
510,141,187,539,509,23.55,1022.29,36.47,175.68
511,139,187,536,500,23.55,1022.27,36.43,182.15
512,139,187,534,492,23.54,1022.25,36.38,188.73
513,138,185,531,484,23.54,1022.23,36.32,194.28
514,136,184,529,477,23.54,1022.21,36.28,199.92
515,135,184,527,471,23.53,1022.21,36.23,205.25
516,134,183,524,465,23.53,1022.19,36.19,210.08
517,134,182,522,460,23.53,1022.18,36.14,215.14
518,134,181,520,455,23.52,1022.17,36.09,218.99
519,133,181,517,451,23.52,1022.17,36.05,222.23
520,132,180,516,446,23.52,1022.17,35.99,225.25
521,132,179,514,442,23.52,1022.18,35.94,228.68
522,132,179,512,439,23.52,1022.18,35.89,232.54
523,131,178,510,436,23.51,1022.17,35.84,234.19
524,131,178,508,433,23.51,1022.19,35.80,238.07
525,131,176,507,428,23.51,1022.18,35.76,239.97
526,130,175,504,427,23.51,1022.18,35.71,241.73
527,130,175,503,424,23.51,1022.17,35.67,244.59
528,130,175,501,420,23.51,1022.17,35.64,246.04
529,129,174,499,419,23.51,1022.18,35.59,248.45
530,129,174,498,416,23.50,1022.17,35.56,250.52
531,128,173,496,414,23.50,1022.17,35.51,252.43
532,128,172,495,412,23.50,1022.16,35.48,253.21
533,129,172,493,410,23.50,1022.16,35.42,257.55
534,128,171,492,408,23.50,1022.17,35.40,257.55
535,128,170,490,406,23.50,1022.17,35.36,259.57
536,128,170,489,405,23.50,1022.18,35.32,260.80
537,127,169,488,403,23.50,1022.18,35.29,263.29
538,127,169,486,401,23.50,1022.17,35.25,264.34
539,127,168,485,400,23.50,1022.17,35.22,264.55
540,127,168,484,398,23.51,1022.18,35.19,266.26
541,128,168,483,398,23.51,1022.17,35.16,269.73
542,126,167,481,396,23.51,1022.17,35.12,270.84
543,127,166,480,395,23.51,1022.17,35.08,270.84
544,126,166,478,393,23.51,1022.18,35.06,271.28
545,126,165,477,393,23.51,1022.17,35.03,274.44
546,125,165,476,392,23.51,1022.17,35.02,274.67
547,126,164,475,390,23.51,1022.17,34.98,276.04
548,126,165,474,390,23.51,1022.16,34.96,276.73
549,125,164,473,389,23.51,1022.15,34.93,278.83
550,125,163,472,388,23.51,1022.16,34.91,279.54
551,125,163,471,386,23.51,1022.16,34.88,279.07
552,125,162,470,387,23.51,1022.16,34.86,282.17
553,125,162,469,385,23.51,1022.15,34.83,282.65
554,125,162,468,383,23.51,1022.16,34.81,283.62
555,124,162,467,383,23.51,1022.16,34.79,284.60
556,124,161,466,382,23.51,1022.16,34.76,286.07
557,124,161,465,382,23.52,1022.16,34.73,284.84
558,124,160,464,381,23.52,1022.15,34.72,286.57
559,124,159,463,380,23.52,1022.16,34.69,288.57
560,124,159,462,380,23.52,1022.16,34.68,288.07
561,124,158,461,379,23.52,1022.15,34.67,291.63
562,123,159,460,378,23.52,1022.16,34.64,292.14
563,123,158,460,377,23.52,1022.16,34.63,291.63
564,123,157,459,377,23.52,1022.17,34.61,293.70
565,123,157,457,377,23.52,1022.17,34.61,292.40
566,123,157,457,376,23.53,1022.17,34.60,296.07
567,124,156,456,375,23.53,1022.17,34.57,295.27
568,123,156,456,374,23.53,1022.16,34.54,295.80
569,123,155,455,374,23.53,1022.17,34.53,297.67
570,123,156,454,374,23.53,1022.16,34.51,297.40
571,123,155,453,374,23.53,1022.16,34.50,298.47
572,122,155,452,373,23.53,1022.15,34.47,300.37
573,123,154,452,373,23.53,1022.15,34.46,300.10
574,123,154,451,372,23.54,1022.16,34.46,299.55
575,122,154,450,372,23.54,1022.16,34.44,300.37
576,122,154,449,371,23.54,1022.16,34.44,300.92
577,122,152,448,371,23.54,1022.16,34.42,302.57
578,122,153,448,371,23.54,1022.16,34.41,302.29
579,122,153,447,370,23.54,1022.17,34.39,303.96
580,122,152,446,370,23.54,1022.17,34.39,306.21
581,122,152,445,370,23.54,1022.16,34.38,303.96
582,121,152,445,370,23.54,1022.16,34.37,306.21
583,122,151,444,368,23.55,1022.16,34.35,305.93
584,121,151,443,369,23.55,1022.16,34.35,307.35
585,121,151,443,368,23.55,1022.17,34.33,308.21
586,121,151,442,368,23.55,1022.16,34.33,308.79
587,121,150,441,368,23.55,1022.17,34.31,308.50
588,122,150,441,367,23.55,1022.17,34.30,309.08
589,122,150,441,366,23.56,1022.17,34.30,309.95
590,121,149,440,366,23.56,1022.17,34.30,308.79
591,122,149,439,366,23.56,1022.17,34.28,310.82
592,121,149,439,366,23.56,1022.17,34.26,311.41
593,121,149,437,366,23.56,1022.17,34.27,310.82
594,120,148,437,366,23.56,1022.17,34.26,311.70
595,121,148,437,365,23.56,1022.17,34.26,311.99
596,120,147,436,365,23.57,1022.16,34.23,313.18
597,121,147,435,365,23.57,1022.17,34.24,313.18
598,121,147,435,364,23.57,1022.16,34.23,313.77
599,120,147,435,364,23.57,1022.16,34.21,314.67
600,121,146,434,364,23.57,1022.17,34.21,313.47
601,121,146,433,363,23.57,1022.17,34.21,315.57
602,120,146,433,364,23.57,1022.18,34.19,315.57
603,121,146,433,364,23.57,1022.17,34.18,318.00
604,120,146,432,363,23.58,1022.18,34.18,316.47
605,120,145,431,363,23.58,1022.18,34.17,318.00
606,120,145,430,363,23.58,1022.19,34.17,318.30
607,120,145,430,362,23.58,1022.19,34.16,318.92
608,120,145,430,362,23.58,1022.19,34.16,318.30
609,120,145,429,362,23.58,1022.19,34.14,320.15
610,120,144,428,363,23.58,1022.18,34.14,320.77
611,120,144,428,363,23.58,1022.19,34.13,321.08
612,120,144,427,362,23.59,1022.19,34.13,321.08
613,119,144,427,361,23.59,1022.19,34.13,321.71
614,119,144,426,361,23.59,1022.18,34.12,321.71
615,120,143,426,362,23.59,1022.18,34.12,323.92
616,120,143,425,361,23.59,1022.18,34.13,322.02
617,119,142,425,361,23.59,1022.19,34.11,322.34
618,119,142,424,360,23.60,1022.18,34.12,322.97
619,120,143,426,361,23.60,1022.17,34.10,322.34
620,120,143,425,363,23.60,1022.17,34.10,322.34
621,120,143,426,363,23.60,1022.17,34.10,322.97
622,120,142,427,364,23.60,1022.17,34.11,321.40
623,121,142,426,364,23.60,1022.18,34.12,321.71
624,120,142,426,364,23.60,1022.18,34.16,322.34
625,120,141,425,365,23.61,1022.18,34.20,322.02
626,120,142,425,365,23.61,1022.18,34.22,321.71
627,121,141,425,365,23.61,1022.18,34.25,322.02
628,121,141,426,366,23.61,1022.18,34.29,322.65
629,120,142,424,365,23.61,1022.18,34.32,321.71
630,121,141,424,366,23.61,1022.18,34.36,321.40
631,121,141,424,366,23.61,1022.18,34.40,322.34
632,121,142,425,366,23.61,1022.18,34.44,322.34
633,122,141,425,366,23.62,1022.18,34.48,319.53
634,122,141,424,367,23.62,1022.18,34.52,320.15
635,121,140,423,367,23.62,1022.19,34.59,321.08
636,122,141,422,366,23.62,1022.19,34.63,320.46
637,122,140,422,367,23.62,1022.19,34.69,321.40
638,122,140,421,366,23.62,1022.19,34.73,320.15
639,121,139,420,366,23.62,1022.19,34.79,321.71
640,121,139,420,366,23.62,1022.19,34.82,323.60
641,120,139,419,365,23.62,1022.18,34.83,324.23
642,120,139,419,365,23.63,1022.18,34.87,323.28
643,120,138,417,365,23.63,1022.18,34.90,325.51
644,120,138,417,364,23.63,1022.19,34.93,324.55
645,119,138,416,364,23.63,1022.19,34.93,326.48
646,118,138,415,362,23.63,1022.19,34.93,326.80
647,119,138,416,362,23.63,1022.19,34.93,325.83
648,118,137,414,362,23.63,1022.19,34.94,329.08
649,118,137,414,362,23.63,1022.18,34.92,328.75
650,118,137,414,361,23.63,1022.19,34.92,329.08
651,119,137,414,361,23.64,1022.19,34.89,329.73
652,119,137,414,361,23.64,1022.19,34.88,330.39
653,118,136,414,361,23.64,1022.20,34.87,330.39
654,118,137,413,362,23.64,1022.19,34.86,330.39
655,118,136,413,360,23.64,1022.19,34.83,331.05
656,119,136,412,361,23.64,1022.19,34.84,330.39
657,119,136,412,361,23.64,1022.18,34.84,332.38
658,118,136,412,361,23.64,1022.19,34.81,331.72
659,118,135,412,361,23.64,1022.18,34.80,333.39
660,118,135,411,360,23.64,1022.18,34.80,331.38
661,118,135,411,361,23.64,1022.19,34.79,332.72
662,118,135,411,360,23.64,1022.19,34.78,332.38
663,118,135,410,361,23.64,1022.18,34.78,334.06
664,118,135,409,360,23.64,1022.19,34.75,333.73
665,118,134,409,360,23.65,1022.19,34.76,333.39
666,118,135,408,360,23.65,1022.18,34.76,333.39
667,118,134,409,360,23.65,1022.18,34.74,334.06
668,118,134,409,361,23.65,1022.19,34.72,332.38
669,118,135,409,361,23.65,1022.19,34.73,334.06
670,119,135,410,360,23.65,1022.20,34.73,333.73
671,119,135,409,361,23.65,1022.20,34.74,332.72
672,120,135,410,362,23.65,1022.19,34.74,332.38
673,120,135,410,362,23.65,1022.19,34.75,332.05
674,120,135,409,362,23.65,1022.20,34.78,331.05
675,120,135,409,362,23.65,1022.20,34.82,332.72
676,119,134,408,361,23.66,1022.20,34.83,332.72
677,120,134,408,362,23.66,1022.19,34.86,331.72
678,119,134,407,361,23.66,1022.20,34.89,332.38
679,119,133,406,360,23.66,1022.21,34.92,333.05
680,119,133,405,360,23.66,1022.20,34.95,334.74
681,118,133,405,360,23.66,1022.20,34.96,334.40
682,118,132,404,360,23.66,1022.20,34.98,336.79
683,117,132,404,359,23.66,1022.20,34.97,336.44
684,118,132,404,359,23.66,1022.20,34.96,336.10
685,117,132,403,358,23.66,1022.20,34.96,338.86
686,117,132,403,359,23.66,1022.20,34.95,338.17
687,117,131,401,358,23.66,1022.19,34.94,338.86
688,117,132,401,358,23.66,1022.19,34.93,340.95
689,116,131,401,357,23.66,1022.20,34.90,340.25
690,116,131,400,357,23.67,1022.19,34.88,340.25
691,117,131,401,357,23.67,1022.19,34.87,342.01
692,116,130,401,357,23.67,1022.20,34.84,342.72
693,116,130,400,357,23.67,1022.20,34.81,344.15
694,116,130,400,357,23.67,1022.21,34.78,343.79
695,116,130,399,356,23.67,1022.20,34.77,343.08
696,116,130,399,357,23.67,1022.21,34.74,342.37
697,116,130,399,356,23.67,1022.20,34.72,342.37
698,116,129,399,356,23.67,1022.21,34.69,345.59
699,116,129,399,356,23.67,1022.20,34.67,343.08
700,116,129,398,356,23.67,1022.21,34.64,344.51
701,116,129,397,356,23.67,1022.20,34.63,344.87
702,116,129,398,356,23.67,1022.20,34.61,344.51
703,115,129,397,355,23.67,1022.20,34.59,348.50
704,116,129,396,356,23.67,1022.20,34.56,346.31
705,115,128,397,355,23.67,1022.21,34.55,346.31
706,115,129,396,355,23.67,1022.21,34.53,347.04
707,115,129,396,356,23.67,1022.21,34.51,345.95
708,116,128,396,356,23.67,1022.21,34.49,347.04
709,115,128,395,355,23.68,1022.21,34.47,347.40
710,115,128,395,355,23.68,1022.21,34.45,348.14
711,116,128,395,355,23.68,1022.21,34.44,347.40
712,115,128,395,355,23.68,1022.20,34.42,348.50
713,115,127,395,354,23.68,1022.20,34.41,348.14
714,116,128,394,354,23.68,1022.20,34.38,347.04
715,115,128,393,354,23.68,1022.20,34.38,348.87
716,116,128,393,354,23.68,1022.20,34.36,349.24
717,115,128,393,355,23.68,1022.20,34.36,349.61
718,115,127,393,355,23.68,1022.21,34.33,351.47
719,116,127,393,355,23.68,1022.21,34.33,347.40
720,115,128,393,355,23.68,1022.21,34.32,350.35
721,115,127,393,354,23.68,1022.21,34.32,350.35
722,115,127,392,354,23.68,1022.20,34.30,349.24
723,115,127,392,354,23.68,1022.20,34.29,350.35
724,115,127,392,354,23.68,1022.19,34.28,351.10
725,115,126,391,354,23.68,1022.20,34.29,350.35
726,115,126,391,354,23.68,1022.20,34.27,351.10
727,115,126,391,354,23.68,1022.20,34.25,351.47
728,115,126,391,354,23.68,1022.21,34.26,354.48
729,114,126,390,354,23.68,1022.21,34.25,351.84
730,115,125,390,354,23.68,1022.22,34.23,351.10
731,115,126,390,354,23.68,1022.22,34.23,353.72
732,115,126,389,354,23.68,1022.21,34.21,354.10
733,115,125,390,354,23.68,1022.21,34.20,353.35
734,115,125,389,354,23.68,1022.20,34.18,354.10
735,115,125,389,354,23.68,1022.21,34.17,354.10
736,114,125,389,354,23.68,1022.20,34.17,353.72
737,115,125,388,354,23.69,1022.20,34.17,353.72
738,115,125,389,353,23.69,1022.21,34.15,355.25
739,114,124,388,354,23.69,1022.20,34.14,353.35
740,115,125,388,354,23.69,1022.21,34.13,356.01
741,115,125,388,354,23.69,1022.21,34.13,357.16
742,114,125,388,353,23.69,1022.21,34.11,356.39
743,115,125,387,353,23.69,1022.21,34.11,356.01
744,114,125,387,353,23.69,1022.21,34.11,358.71
745,114,124,388,354,23.69,1022.21,34.10,356.01
746,114,124,387,353,23.69,1022.20,34.08,357.16
747,115,124,387,353,23.69,1022.20,34.09,357.55
748,115,124,386,353,23.69,1022.20,34.07,357.94
749,114,123,386,353,23.69,1022.19,34.07,356.78
