Count,S1,S2,S3,S4,S5,S6,S7,S8,S9,S10,Flag
1,2000,1731,1571,1547,2411,829,896,2836,2699,1061,0
2,2008,1730,1573,1548,2413,829,897,2790,2702,1062,0
3,2010,1723,1572,1549,2414,829,897,2792,2700,1062,0
4,2009,1726,1572,1547,2411,827,898,2843,2700,1061,0
5,2008,1728,1572,1548,2410,830,897,2891,2699,1062,0
6,2016,1731,1572,1548,2411,829,897,2899,2700,1062,0
7,2010,1728,1573,1549,2411,829,896,2870,2699,1062,0
8,2019,1734,1572,1548,2411,828,896,2822,2701,1061,0
9,2018,1730,1573,1547,2411,832,898,2786,2701,1062,0
10,2019,1729,1572,1548,2411,828,900,2808,2699,1062,0
11,2013,1743,1572,1539,2411,828,897,2862,2699,1064,0
12,2015,1739,1571,1548,2411,827,898,2902,2700,1062,0
13,2013,1738,1572,1548,2411,828,897,2910,2700,1061,0
14,2003,1729,1574,1549,2412,827,898,2867,2702,1063,0
15,2004,1730,1573,1549,2412,828,899,2808,2702,1063,0
16,2009,1717,1574,1549,2411,828,897,2782,2700,1063,0
17,2011,1720,1571,1548,2411,829,894,2813,2700,1062,0
18,2010,1722,1574,1548,2412,828,896,2866,2703,1063,0
19,2019,1730,1574,1549,2412,826,899,2902,2702,1061,0
20,2019,1733,1573,1548,2411,829,895,2896,2702,1062,0
21,2014,1743,1572,1549,2412,828,898,2853,2702,1062,1
22,2013,1754,1574,1548,2411,829,899,2796,2703,1062,1
23,2012,1744,1573,1548,2412,828,899,2791,2702,1062,1
24,2001,1731,1572,1548,2411,828,897,2837,2702,1062,1
25,2012,1732,1573,1548,2413,827,898,2887,2702,1062,1
26,2007,1728,1574,1549,2412,827,899,2903,2703,1063,1
27,2024,1731,1576,1549,2412,826,897,2890,2702,1062,1
28,2011,1728,1576,1550,2412,828,897,2828,2702,1062,1
29,1982,1731,1574,1548,2412,829,894,2788,2702,1064,1
30,2008,1734,1574,1550,2411,829,899,2790,2702,1063,1
31,2040,1734,1574,1547,2412,827,897,2842,2704,1063,1
32,2011,1733,1573,1548,2413,828,898,2888,2704,1063,1
33,2014,1750,1575,1549,2413,828,898,2906,2704,1064,1
34,2011,1734,1573,1550,2412,828,897,2886,2703,1063,1
35,2010,1723,1574,1549,2411,828,896,2820,2703,1062,1
36,2014,1731,1573,1549,2413,827,897,2788,2702,1062,1
37,2017,1736,1575,1551,2412,830,899,2806,2703,1064,1
38,2010,1734,1574,1550,2410,828,899,2866,2705,1063,1
39,2027,1733,1574,1550,2412,829,898,2897,2704,1064,1
40,2014,1730,1574,1551,2414,829,898,2907,2702,1064,1
41,2011,1733,1574,1551,2414,829,899,2870,2703,1063,1
42,2012,1723,1575,1552,2413,822,900,2804,2704,1063,1
43,2021,1733,1575,1554,2412,828,899,2782,2704,1064,1
44,1993,1730,1576,1554,2412,830,901,2823,2704,1064,1
45,2017,1736,1576,1553,2411,828,901,2868,2705,1062,1
46,2014,1731,1577,1554,2414,828,899,2907,2706,1065,1
47,2021,1735,1575,1555,2414,828,902,2901,2706,1065,1
48,2011,1734,1575,1557,2414,829,904,2856,2706,1066,1
49,2017,1736,1576,1558,2417,829,902,2794,2707,1066,1
50,2017,1742,1576,1557,2414,828,897,2788,2708,1067,1
51,2017,1718,1576,1560,2414,828,902,2834,2708,1067,1
52,2026,1733,1570,1560,2414,829,906,2881,2710,1067,1
53,2019,1750,1577,1561,2414,828,907,2910,2710,1066,1
54,2017,1739,1576,1561,2414,828,904,2888,2710,1068,1
55,2031,1735,1578,1563,2413,830,907,2838,2713,1068,1
56,1994,1732,1576,1562,2415,830,908,2799,2712,1067,1
57,2016,1739,1578,1564,2414,832,902,2798,2714,1071,1
58,2035,1737,1578,1566,2414,829,910,2846,2713,1070,1
59,1995,1734,1577,1565,2416,832,907,2896,2714,1069,1
60,2016,1741,1578,1568,2416,828,909,2903,2715,1070,1
61,2019,1726,1576,1569,2417,829,916,2888,2714,1070,1
62,2003,1734,1578,1570,2416,828,913,2836,2715,1072,1
63,2022,1719,1578,1578,2415,829,914,2797,2716,1071,1
64,2018,1747,1577,1573,2414,828,914,2822,2717,1072,1
65,2010,1737,1579,1573,2416,830,915,2872,2718,1072,1
66,2027,1736,1579,1576,2424,832,916,2900,2719,1072,1
67,2023,1744,1580,1575,2417,829,915,2910,2721,1072,1
68,2020,1737,1578,1578,2416,829,918,2876,2720,1074,1
69,2021,1736,1579,1578,2416,830,916,2818,2721,1073,1
70,2026,1739,1579,1579,2417,827,919,2809,2722,1073,1
71,2015,1738,1579,1579,2418,828,918,2831,2722,1073,1
72,2021,1734,1580,1579,2417,832,920,2881,2724,1074,1
73,2022,1744,1581,1581,2417,829,923,2907,2724,1075,1
74,2034,1739,1578,1580,2417,830,922,2899,2725,1075,1
75,2024,1746,1579,1582,2419,829,920,2866,2726,1075,1
76,2020,1732,1580,1583,2418,834,923,2812,2725,1075,1
77,2024,1736,1581,1583,2416,832,921,2802,2728,1076,1
78,2026,1740,1582,1584,2418,829,923,2844,2727,1077,1
79,2058,1720,1582,1585,2418,829,924,2887,2728,1077,1
80,2024,1730,1580,1584,2419,832,930,2916,2728,1076,1
81,2024,1720,1582,1584,2418,832,925,2896,2729,1075,1
82,2031,1738,1583,1586,2420,834,924,2846,2729,1076,1
83,2029,1741,1581,1587,2418,832,926,2814,2729,1077,1
84,2019,1736,1583,1586,2418,832,928,2816,2729,1077,1
85,2027,1738,1583,1587,2418,832,929,2863,2731,1077,1
86,2026,1743,1582,1588,2420,830,932,2899,2731,1077,1
87,2035,1742,1583,1590,2419,830,927,2908,2731,1078,1
88,2029,1746,1582,1591,2420,833,928,2886,2732,1080,1
89,2020,1738,1584,1591,2420,829,932,2834,2732,1080,1
90,2024,1738,1584,1590,2419,830,933,2808,2732,1080,1
91,2027,1744,1583,1590,2419,830,933,2824,2733,1078,1
92,2035,1742,1586,1592,2420,829,931,2870,2734,1080,1
93,2032,1750,1583,1593,2420,832,932,2911,2734,1081,1
94,2022,1735,1584,1592,2421,833,934,2907,2734,1080,1
95,2025,1736,1584,1594,2422,833,931,2882,2734,1080,1
96,2029,1743,1584,1591,2422,832,934,2826,2734,1080,1
97,2034,1741,1586,1592,2427,832,933,2808,2735,1080,1
98,2035,1747,1585,1595,2422,830,932,2841,2735,1079,1
99,2024,1739,1584,1594,2420,832,933,2881,2734,1081,1
100,2026,1735,1586,1595,2422,832,934,2907,2735,1080,1
101,2034,1746,1585,1594,2422,832,936,2910,2736,1082,1
102,2022,1742,1587,1594,2421,832,935,2880,2735,1080,1
103,2000,1740,1587,1594,2422,832,936,2834,2735,1080,1
104,2048,1721,1587,1596,2422,833,934,2806,2735,1080,1
105,2018,1742,1587,1595,2421,832,936,2824,2735,1080,1
106,2035,1744,1586,1594,2430,833,933,2850,2734,1080,1
107,2028,1744,1588,1594,2424,829,936,2898,2736,1082,1
108,2030,1742,1587,1594,2422,832,934,2912,2735,1080,1
109,2027,1748,1587,1593,2422,832,935,2907,2734,1080,1
110,2031,1739,1587,1594,2424,833,933,2886,2734,1080,1
111,2030,1728,1588,1592,2424,832,928,2828,2734,1082,1
112,2031,1755,1587,1591,2422,832,933,2808,2733,1080,1
113,2026,1736,1587,1590,2424,832,931,2811,2732,1079,1
114,2035,1749,1590,1591,2424,832,932,2846,2734,1080,1
115,2026,1738,1588,1591,2424,832,930,2887,2730,1080,1
116,2025,1745,1587,1588,2426,833,929,2914,2731,1079,1
117,2050,1728,1589,1588,2423,833,928,2909,2730,1081,1
118,2018,1742,1598,1586,2425,832,930,2888,2731,1080,1
119,2034,1746,1588,1585,2429,832,925,2830,2730,1080,1
120,2026,1746,1586,1586,2425,829,924,2807,2730,1080,1
121,2032,1743,1590,1585,2424,829,925,2809,2730,1080,2
122,2040,1750,1592,1586,2428,834,924,2838,2731,1078,2
123,2040,1753,1592,1584,2429,835,926,2887,2730,1080,2
124,2040,1751,1592,1582,2428,835,922,2908,2729,1080,2
125,2038,1749,1592,1579,2428,834,920,2913,2730,1079,2
126,2038,1750,1591,1576,2428,834,919,2890,2728,1078,2
127,2038,1750,1592,1574,2430,834,918,2831,2727,1076,2
128,2039,1752,1590,1572,2428,835,917,2796,2728,1078,2
129,2036,1750,1592,1569,2427,834,916,2795,2728,1077,2
130,2037,1748,1592,1567,2427,834,915,2828,2726,1079,2
131,2035,1750,1592,1565,2428,835,914,2882,2726,1078,2
132,2036,1749,1592,1562,2426,835,913,2907,2724,1077,2
133,2036,1747,1592,1559,2427,835,910,2912,2722,1076,2
134,2036,1749,1592,1556,2427,834,906,2888,2723,1075,2
135,2035,1750,1592,1554,2426,835,906,2825,2722,1076,2
136,2035,1749,1592,1554,2427,832,906,2785,2722,1076,2
137,2036,1749,1592,1550,2427,833,904,2783,2718,1074,2
138,2035,1750,1592,1549,2427,832,902,2814,2719,1074,2
139,2035,1750,1590,1547,2428,835,903,2873,2718,1075,2
140,2035,1750,1590,1543,2426,834,898,2901,2717,1072,2
141,2037,1751,1590,1543,2427,834,897,2910,2715,1072,2
142,2036,1751,1593,1541,2427,833,894,2888,2715,1072,2
143,2038,1750,1590,1539,2426,834,893,2819,2715,1072,2
144,2034,1750,1590,1536,2426,834,890,2778,2712,1071,2
145,2034,1747,1591,1536,2426,835,888,2773,2714,1071,2
146,2034,1747,1590,1532,2424,834,888,2804,2712,1070,2
147,2034,1747,1591,1531,2426,834,886,2867,2711,1071,2
148,2035,1749,1589,1528,2426,833,883,2898,2710,1071,2
149,2034,1746,1590,1526,2426,834,881,2907,2707,1070,2
150,2033,1750,1590,1523,2426,834,880,2888,2707,1070,2
151,2032,1750,1591,1523,2424,834,880,2814,2706,1069,2
152,2034,1746,1590,1521,2424,832,877,2768,2706,1068,2
153,2034,1750,1591,1520,2426,833,876,2762,2704,1067,2
154,2034,1748,1590,1518,2423,834,875,2790,2704,1067,2
155,2037,1747,1590,1517,2426,832,873,2859,2703,1067,2
156,2032,1748,1587,1515,2425,833,869,2891,2700,1067,2
157,2034,1747,1590,1512,2425,832,869,2902,2700,1066,2
158,2034,1746,1589,1512,2424,832,868,2888,2699,1066,2
159,2033,1747,1585,1511,2424,834,866,2808,2697,1064,2
160,2032,1745,1589,1509,2425,833,864,2764,2698,1066,2
161,2031,1745,1588,1507,2424,832,866,2753,2696,1067,2
162,2031,1744,1588,1506,2423,832,862,2779,2695,1063,2
163,2030,1747,1587,1504,2424,833,861,2855,2693,1064,2
164,2032,1746,1587,1505,2424,832,859,2886,2694,1064,2
165,2030,1746,1586,1502,2424,833,857,2902,2691,1062,2
166,2031,1745,1587,1499,2423,832,856,2889,2691,1064,2
167,2030,1745,1588,1499,2421,834,853,2808,2690,1063,2
168,2029,1744,1587,1499,2422,833,853,2761,2690,1064,2
169,2030,1744,1587,1498,2423,833,851,2742,2688,1063,2
170,2031,1743,1587,1496,2423,833,850,2771,2684,1061,2
171,2030,1742,1587,1494,2423,832,850,2845,2686,1062,2
172,2034,1745,1587,1493,2422,833,849,2882,2685,1062,2
173,2030,1745,1586,1495,2422,834,847,2898,2683,1059,2
174,2030,1742,1587,1493,2422,832,845,2886,2683,1061,2
175,2030,1742,1586,1491,2422,832,846,2809,2682,1061,2
176,2030,1746,1586,1490,2421,832,844,2756,2679,1059,2
177,2027,1743,1584,1489,2422,832,842,2731,2678,1059,2
178,2030,1742,1586,1488,2421,830,842,2759,2679,1059,2
179,2026,1743,1585,1488,2422,832,840,2834,2677,1058,2
180,2028,1744,1586,1487,2421,832,840,2872,2676,1059,2
181,2027,1741,1584,1486,2421,832,839,2895,2675,1059,2
182,2029,1739,1585,1485,2421,832,837,2890,2675,1058,2
183,2027,1742,1584,1485,2421,833,836,2810,2674,1055,2
184,2027,1739,1584,1483,2420,832,835,2758,2672,1058,2
185,2025,1744,1582,1483,2419,832,834,2727,2670,1058,2
186,2026,1739,1582,1483,2421,833,834,2747,2670,1057,2
187,2025,1745,1581,1481,2420,832,832,2829,2670,1056,2
188,2026,1739,1582,1481,2420,833,832,2866,2670,1055,2
189,2023,1742,1582,1479,2419,833,830,2895,2666,1056,2
190,2024,1741,1583,1479,2418,832,828,2891,2667,1054,2
191,2022,1739,1582,1478,2420,832,828,2813,2666,1054,2
192,2022,1739,1583,1479,2419,828,827,2758,2666,1054,2
193,2022,1738,1583,1478,2419,830,826,2721,2665,1054,2
194,2020,1739,1582,1477,2419,830,826,2740,2664,1053,2
195,2020,1738,1581,1478,2418,830,823,2821,2662,1053,2
196,2021,1740,1581,1477,2417,833,823,2861,2661,1052,2
197,2020,1737,1580,1476,2418,832,822,2894,2662,1051,2
198,2019,1736,1581,1475,2418,829,822,2895,2659,1051,2
199,2019,1737,1580,1474,2418,829,821,2818,2659,1053,2
200,2022,1735,1580,1475,2418,830,821,2760,2658,1052,2
201,2020,1738,1580,1475,2417,830,820,2714,2658,1051,2
202,2022,1738,1579,1475,2418,829,819,2733,2655,1051,2
203,2019,1737,1579,1475,2418,830,819,2816,2654,1052,2
204,2022,1735,1578,1473,2417,832,818,2858,2653,1051,2
205,2019,1736,1578,1474,2417,830,817,2890,2652,1049,2
206,2020,1736,1579,1472,2416,832,816,2890,2653,1049,2
207,2020,1737,1579,1473,2416,830,815,2819,2650,1051,2
208,2019,1735,1578,1470,2415,829,815,2760,2650,1049,2
209,2015,1736,1577,1468,2416,832,814,2709,2648,1048,2
210,2018,1735,1579,1470,2415,829,811,2725,2649,1050,2
211,2015,1734,1578,1472,2416,829,812,2805,2648,1050,2
212,2014,1737,1576,1470,2416,832,814,2850,2646,1048,2
213,2014,1733,1578,1472,2415,828,813,2890,2646,1048,2
214,2015,1734,1578,1469,2415,829,811,2890,2644,1048,2
215,2015,1733,1574,1469,2414,830,811,2824,2643,1047,2
216,2011,1734,1575,1468,2415,829,810,2762,2642,1046,2
217,2012,1734,1576,1470,2415,829,810,2705,2643,1047,2
218,2010,1734,1575,1468,2414,829,808,2720,2642,1046,2
219,2012,1733,1576,1470,2415,829,808,2798,2641,1045,2
220,2011,1732,1575,1468,2414,829,807,2848,2642,1046,2
221,2012,1733,1575,1468,2414,827,808,2888,2639,1048,2
222,2011,1733,1576,1469,2414,828,808,2889,2636,1045,2
223,2010,1733,1574,1469,2414,828,807,2829,2638,1045,2
224,2011,1732,1574,1469,2414,828,806,2763,2636,1047,2
225,2011,1731,1574,1468,2413,829,806,2704,2634,1044,2
226,2010,1731,1575,1468,2412,828,805,2714,2635,1045,2
227,2010,1730,1574,1470,2414,827,805,2788,2635,1043,2
228,2010,1731,1574,1469,2414,829,803,2840,2634,1045,2
229,2008,1733,1574,1468,2413,828,802,2885,2633,1043,2
230,2007,1730,1572,1466,2412,828,804,2886,2632,1044,2
231,2008,1731,1574,1468,2413,828,802,2834,2631,1045,2
232,2006,1731,1570,1468,2411,830,802,2768,2628,1042,2
233,2006,1730,1571,1470,2411,829,803,2702,2630,1043,2
234,2007,1731,1571,1469,2411,828,801,2710,2630,1043,2
235,2007,1729,1572,1467,2412,828,799,2780,2629,1043,2
236,2004,1730,1570,1468,2411,829,802,2835,2626,1042,2
237,2006,1726,1571,1470,2412,827,801,2884,2627,1041,2
238,2006,1726,1571,1470,2411,827,801,2890,2626,1042,2
239,2006,1729,1570,1467,2410,828,799,2841,2625,1041,2
240,2008,1728,1571,1469,2410,827,798,2774,2624,1041,2
241,2004,1729,1567,1470,2410,829,798,2701,2621,1042,2
242,2008,1728,1569,1469,2410,828,798,2704,2624,1041,2
243,2004,1730,1568,1472,2411,827,798,2772,2619,1042,2
244,2008,1728,1570,1469,2409,828,797,2830,2619,1039,2
245,2005,1725,1568,1469,2410,828,795,2880,2619,1041,2
246,2006,1728,1570,1469,2409,828,797,2888,2620,1041,2
247,2004,1725,1568,1473,2410,827,795,2848,2618,1039,2
248,2005,1728,1568,1472,2409,827,795,2780,2618,1039,2
249,2002,1724,1568,1470,2410,827,795,2702,2616,1040,2
250,2002,1721,1566,1469,2407,827,794,2702,2616,1039,2
251,2003,1724,1568,1470,2408,827,794,2766,2616,1038,2
252,2001,1723,1566,1473,2408,827,795,2825,2614,1039,2
253,2001,1725,1567,1472,2409,827,795,2877,2614,1039,2
254,2000,1723,1565,1474,2406,829,795,2888,2612,1039,2
255,1999,1724,1564,1470,2408,829,794,2855,2610,1038,2
256,1998,1723,1565,1472,2408,827,793,2786,2610,1038,2
257,1998,1724,1567,1472,2406,827,793,2702,2611,1037,2
258,1999,1722,1564,1474,2407,826,793,2698,2610,1039,2
259,1998,1723,1564,1474,2406,826,793,2759,2610,1037,2
260,1998,1719,1564,1474,2407,826,793,2818,2608,1038,2
261,1998,1721,1566,1474,2406,827,792,2874,2607,1037,2
262,1998,1722,1564,1474,2406,826,793,2889,2607,1037,2
263,1997,1723,1563,1474,2406,827,793,2860,2607,1037,2
264,1997,1721,1563,1475,2406,827,792,2789,2606,1037,2
265,1997,1722,1564,1474,2406,827,792,2704,2606,1036,2
266,1995,1721,1562,1475,2406,828,792,2696,2603,1037,2
267,1995,1721,1563,1476,2406,827,793,2752,2603,1035,2
268,1997,1720,1562,1475,2405,828,790,2811,2603,1035,2
269,1995,1721,1562,1476,2405,827,790,2871,2603,1035,2
270,1995,1718,1562,1475,2405,827,791,2887,2602,1035,2
271,1994,1719,1562,1476,2405,827,791,2863,2602,1036,2
272,1995,1719,1562,1476,2404,827,790,2794,2600,1035,2
273,1995,1720,1559,1478,2404,828,789,2707,2599,1034,2
274,1994,1720,1561,1477,2403,827,790,2692,2600,1034,2
275,1995,1718,1560,1477,2404,826,790,2745,2598,1034,2
276,1994,1718,1561,1478,2404,826,790,2807,2599,1035,2
277,1994,1719,1562,1478,2402,828,789,2870,2597,1034,2
278,1994,1718,1560,1479,2403,826,788,2886,2597,1034,2
279,1993,1718,1560,1479,2403,827,789,2868,2595,1033,2
280,1992,1717,1558,1480,2402,826,789,2798,2595,1033,2
281,1992,1718,1559,1478,2402,826,790,2711,2595,1033,2
282,1992,1718,1559,1480,2403,826,790,2690,2595,1035,2
283,1994,1718,1558,1480,2401,827,789,2739,2595,1034,2
284,1991,1720,1556,1480,2402,827,789,2801,2593,1034,2
285,1994,1715,1558,1482,2402,826,789,2866,2592,1033,2
286,1990,1715,1558,1482,2402,826,789,2886,2593,1033,2
287,1992,1716,1556,1481,2402,827,788,2874,2590,1033,2
288,1990,1715,1558,1482,2402,825,789,2806,2590,1033,2
289,1990,1715,1556,1482,2402,825,789,2715,2590,1032,2
290,1990,1717,1557,1482,2402,827,788,2689,2589,1032,2
291,1994,1714,1555,1483,2400,827,787,2734,2588,1031,2
292,1990,1715,1558,1485,2401,825,789,2796,2588,1032,2
293,1990,1716,1556,1483,2401,825,787,2863,2586,1032,2
294,1990,1715,1556,1486,2398,826,786,2886,2586,1032,2
295,1988,1718,1555,1485,2400,827,788,2880,2584,1030,2
296,1989,1713,1555,1486,2401,824,787,2811,2586,1032,2
297,1988,1714,1555,1486,2400,825,789,2718,2585,1032,2
298,1989,1713,1554,1488,2399,825,786,2688,2585,1031,2
299,1987,1714,1555,1488,2398,825,786,2727,2584,1030,2
300,1989,1713,1554,1486,2398,824,787,2790,2584,1030,2
301,1990,1714,1554,1488,2398,825,786,2859,2582,1030,2
302,1990,1715,1554,1490,2399,826,786,2885,2582,1030,2
303,1987,1714,1554,1488,2397,826,787,2882,2582,1031,2
304,1986,1710,1552,1489,2399,826,786,2822,2580,1029,2
305,1989,1713,1553,1490,2396,826,786,2724,2580,1030,2
306,1988,1710,1552,1490,2398,825,786,2689,2582,1030,2
307,1989,1714,1553,1490,2398,824,785,2723,2580,1029,2
308,1987,1713,1552,1490,2398,826,785,2786,2579,1028,2
309,1987,1713,1553,1492,2397,825,786,2856,2578,1030,2
310,1985,1714,1551,1490,2397,824,785,2886,2576,1028,2
311,1986,1712,1552,1493,2395,825,787,2883,2577,1030,2
312,1982,1712,1551,1492,2395,826,787,2830,2578,1028,2
313,1982,1712,1550,1493,2396,826,786,2730,2576,1028,2
314,1981,1713,1549,1492,2395,824,787,2690,2576,1028,2
315,1980,1710,1550,1495,2395,825,786,2718,2574,1028,2
316,1980,1711,1550,1494,2396,825,786,2780,2574,1028,2
317,1981,1709,1550,1495,2395,825,786,2855,2574,1028,2
318,1980,1712,1549,1494,2394,826,786,2883,2574,1026,2
319,1979,1709,1550,1496,2394,825,786,2885,2572,1028,2
320,1984,1709,1548,1497,2394,825,787,2832,2574,1029,2
321,1982,1710,1547,1497,2394,824,785,2732,2571,1027,3
322,1978,1705,1544,1493,2389,823,787,2690,2570,1026,3
323,1972,1699,1546,1496,2390,824,784,2710,2570,1025,3
324,1944,1700,1546,1498,2389,823,789,2776,2571,1027,3
325,1952,1703,1544,1500,2389,823,785,2854,2570,1026,3
326,1973,1714,1546,1506,2390,822,787,2880,2570,1028,3
327,1976,1703,1544,1507,2389,823,788,2887,2570,1028,3
328,1976,1705,1546,1512,2389,822,787,2836,2568,1028,3
329,1970,1700,1544,1514,2390,821,788,2742,2568,1029,3
330,1971,1719,1544,1516,2387,824,786,2693,2569,1029,3
331,1974,1698,1545,1520,2390,823,790,2713,2570,1028,3
332,1998,1704,1544,1526,2388,822,789,2775,2570,1030,3
333,1939,1702,1546,1529,2389,823,790,2846,2568,1028,3
334,1970,1702,1546,1534,2390,822,792,2883,2570,1034,3
335,2007,1705,1546,1540,2390,823,792,2892,2570,1028,3
336,1997,1703,1545,1544,2391,824,794,2855,2569,1030,3
337,1974,1695,1545,1546,2389,823,792,2755,2571,1027,3
338,1980,1704,1544,1551,2389,824,796,2704,2570,1030,3
339,1976,1701,1545,1555,2390,824,799,2722,2570,1028,3
340,1979,1703,1546,1557,2390,822,797,2767,2570,1030,3
341,1977,1712,1547,1558,2390,822,800,2848,2571,1030,3
342,1979,1707,1546,1560,2390,824,800,2880,2570,1029,3
343,1981,1702,1546,1560,2390,824,798,2896,2570,1028,3
344,1972,1706,1548,1560,2392,822,799,2862,2571,1029,3
345,1960,1705,1546,1561,2390,822,799,2763,2572,1029,3
346,1989,1705,1547,1562,2390,823,798,2721,2571,1032,3
347,1987,1707,1546,1561,2392,822,803,2722,2566,1031,3
348,1980,1690,1547,1560,2390,824,801,2767,2571,1030,3
349,1980,1703,1547,1558,2391,824,802,2853,2571,1030,3
350,2018,1710,1548,1558,2391,823,796,2878,2571,1030,3
351,1981,1704,1548,1557,2391,824,810,2895,2572,1031,3
352,1981,1699,1548,1556,2391,823,802,2870,2574,1030,3
353,1966,1705,1548,1553,2390,824,805,2770,2573,1031,3
354,1982,1716,1547,1553,2390,822,805,2730,2574,1032,3
355,1986,1699,1547,1550,2390,822,804,2728,2573,1032,3
356,1987,1710,1546,1549,2392,823,807,2762,2572,1032,3
357,1986,1690,1547,1546,2391,822,806,2843,2575,1031,3
358,1987,1703,1547,1546,2390,824,806,2880,2575,1032,3
359,1986,1709,1547,1545,2391,822,808,2888,2574,1032,3
360,1971,1706,1546,1543,2390,824,806,2868,2575,1032,3
361,1980,1709,1546,1541,2391,824,807,2776,2575,1032,3
362,1982,1708,1548,1540,2390,824,808,2730,2576,1032,3
363,1979,1709,1546,1538,2391,824,809,2723,2577,1032,3
364,1972,1704,1548,1538,2391,823,808,2760,2577,1034,3
365,1986,1708,1547,1537,2390,822,809,2839,2578,1034,3
366,1982,1700,1547,1530,2390,824,810,2878,2578,1033,3
367,1980,1702,1547,1533,2389,824,812,2887,2578,1034,3
368,1963,1704,1546,1530,2389,822,806,2873,2579,1034,3
369,1992,1704,1546,1530,2389,824,811,2791,2578,1033,3
370,1981,1708,1546,1528,2390,825,810,2738,2575,1033,3
371,1995,1704,1547,1527,2390,824,811,2732,2580,1034,3
372,1959,1703,1546,1527,2389,822,814,2760,2580,1034,3
373,1982,1699,1547,1527,2389,823,810,2834,2581,1034,3
374,1981,1702,1545,1525,2390,824,811,2875,2580,1034,3
375,1988,1705,1546,1526,2390,822,814,2895,2581,1034,3
376,1978,1708,1544,1524,2390,823,812,2876,2582,1034,3
377,1984,1683,1546,1522,2390,824,813,2795,2581,1034,3
378,1979,1700,1546,1520,2390,824,813,2741,2582,1034,3
379,1981,1704,1547,1522,2390,824,812,2728,2583,1030,3
380,1978,1703,1546,1522,2390,822,814,2755,2583,1035,3
381,1980,1702,1548,1521,2389,823,815,2832,2584,1034,3
382,1984,1698,1546,1520,2389,823,814,2866,2585,1034,3
383,1985,1707,1546,1519,2389,823,814,2888,2584,1034,3
384,1966,1703,1546,1518,2388,822,815,2876,2584,1036,3
385,1986,1713,1546,1516,2390,824,815,2805,2585,1034,3
386,1990,1707,1546,1517,2390,824,814,2755,2585,1034,3
387,1984,1693,1546,1516,2389,823,816,2730,2586,1036,3
388,1945,1702,1545,1516,2389,824,818,2767,2585,1034,3
389,1991,1704,1546,1515,2389,824,824,2838,2586,1035,3
390,1982,1712,1546,1515,2389,824,818,2868,2585,1035,3
391,1982,1717,1546,1514,2390,824,817,2896,2586,1035,3
392,1985,1699,1546,1512,2390,824,818,2882,2587,1035,3
393,1988,1713,1547,1511,2390,823,815,2809,2588,1035,3
394,1984,1691,1545,1511,2389,823,818,2757,2587,1035,3
395,1987,1702,1546,1511,2389,824,818,2735,2588,1035,3
396,1973,1707,1546,1512,2390,824,819,2758,2589,1034,3
397,1980,1704,1546,1510,2390,824,819,2828,2587,1035,3
398,1986,1717,1546,1510,2390,825,818,2873,2589,1034,3
399,1978,1705,1546,1509,2390,824,820,2890,2590,1035,3
400,1979,1704,1547,1509,2390,822,818,2885,2590,1034,3
401,1988,1704,1546,1508,2391,825,816,2818,2590,1035,3
402,1988,1712,1546,1506,2390,824,818,2760,2589,1036,3
403,1967,1704,1546,1507,2389,824,818,2729,2589,1035,3
404,1985,1709,1546,1507,2390,823,819,2755,2592,1036,3
405,1984,1697,1546,1506,2390,824,820,2827,2592,1035,3
406,1982,1706,1546,1506,2389,824,818,2864,2592,1035,3
407,2004,1708,1540,1506,2399,823,819,2890,2592,1036,3
408,1992,1703,1546,1505,2390,824,818,2891,2592,1035,3
409,1989,1705,1546,1502,2390,825,817,2820,2593,1035,3
410,1987,1704,1547,1504,2390,824,819,2768,2592,1036,3
411,1994,1706,1546,1504,2390,824,818,2736,2592,1036,3
412,1996,1706,1546,1504,2390,824,819,2759,2594,1035,3
413,1994,1705,1546,1500,2390,825,817,2824,2593,1035,3
414,1979,1702,1548,1501,2389,824,820,2862,2593,1036,3
415,1982,1694,1546,1501,2388,824,820,2890,2595,1036,3
416,1985,1707,1547,1500,2390,824,812,2882,2595,1035,3
417,1956,1704,1550,1500,2392,824,822,2826,2595,1036,3
418,1986,1713,1545,1499,2390,824,818,2771,2594,1036,3
419,1986,1704,1546,1501,2389,824,820,2736,2595,1036,3
420,1978,1705,1547,1499,2389,823,820,2749,2595,1035,3
421,1986,1711,1547,1498,2392,824,820,2823,2598,1038,3
422,1992,1708,1546,1499,2390,824,821,2866,2597,1038,3
423,1987,1706,1546,1499,2389,824,832,2894,2597,1036,3
424,1979,1702,1548,1498,2390,823,822,2887,2598,1038,3
425,1973,1705,1546,1498,2390,824,823,2822,2598,1038,3
426,1984,1699,1546,1499,2391,824,824,2778,2599,1036,3
427,1979,1702,1547,1498,2389,823,824,2736,2600,1038,3
428,1972,1702,1546,1498,2389,824,824,2758,2600,1038,3
429,1989,1706,1546,1499,2389,824,822,2824,2601,1037,3
430,1986,1687,1546,1499,2389,824,824,2860,2602,1038,3
431,1990,1710,1545,1499,2390,824,825,2894,2602,1038,3
432,1981,1706,1546,1497,2390,825,824,2889,2603,1039,3
433,1978,1706,1547,1499,2389,824,826,2834,2604,1039,3
434,2006,1707,1546,1499,2387,823,827,2779,2604,1037,3
435,1968,1706,1546,1500,2388,824,829,2747,2604,1038,3
436,1996,1707,1546,1499,2390,824,827,2752,2606,1038,3
437,1970,1704,1546,1502,2388,824,830,2827,2606,1037,3
438,2002,1710,1545,1501,2388,824,827,2856,2607,1039,3
439,1949,1704,1547,1502,2392,825,833,2894,2608,1039,3
440,1979,1704,1548,1504,2388,823,832,2894,2608,1039,3
441,1992,1711,1546,1500,2390,824,833,2837,2610,1039,3
442,1986,1695,1546,1504,2391,824,834,2787,2610,1040,3
443,1990,1702,1546,1504,2390,825,836,2749,2611,1040,3
444,1981,1707,1547,1506,2390,824,835,2754,2611,1040,3
445,2014,1707,1548,1506,2391,825,836,2818,2612,1040,3
446,1990,1712,1547,1507,2391,825,836,2859,2614,1042,3
447,1989,1714,1548,1507,2392,825,832,2886,2615,1040,3
448,1998,1707,1548,1509,2393,824,838,2886,2616,1042,3
449,1994,1706,1547,1510,2392,825,839,2842,2615,1042,3
450,1990,1711,1548,1512,2392,824,832,2790,2616,1041,3
451,2015,1710,1548,1512,2392,823,840,2748,2618,1041,3
452,1992,1718,1549,1510,2392,824,842,2763,2618,1042,3
453,1980,1706,1548,1512,2392,825,842,2829,2618,1040,3
454,1987,1702,1548,1513,2392,824,842,2854,2620,1042,3
455,1995,1707,1548,1514,2390,825,842,2894,2620,1042,3
456,1996,1714,1548,1514,2392,826,844,2894,2622,1042,3
457,1986,1707,1548,1515,2392,825,846,2838,2622,1042,3
458,1992,1699,1550,1515,2391,825,847,2799,2624,1042,3
459,2005,1710,1550,1517,2394,826,846,2752,2625,1043,3
460,1992,1716,1548,1517,2391,825,848,2769,2626,1043,3
461,1998,1708,1548,1518,2392,826,848,2827,2626,1044,3
462,1994,1712,1549,1518,2392,825,850,2858,2626,1042,3
463,1993,1702,1550,1519,2391,821,851,2890,2627,1043,3
464,2018,1710,1550,1520,2392,825,851,2894,2628,1043,3
465,1995,1707,1548,1520,2392,825,850,2851,2627,1042,3
466,1992,1723,1550,1520,2394,825,848,2804,2629,1042,3
467,1998,1710,1550,1520,2392,826,850,2767,2630,1043,3
468,1981,1709,1549,1522,2390,825,851,2771,2631,1043,3
469,1992,1712,1550,1522,2393,824,853,2823,2631,1044,3
470,1992,1694,1549,1520,2392,826,851,2858,2631,1043,3
471,1991,1706,1549,1523,2392,825,856,2892,2633,1046,3
472,1985,1708,1550,1523,2393,826,855,2894,2634,1044,3
473,2005,1711,1550,1523,2394,825,854,2846,2634,1045,3
474,1994,1706,1550,1524,2393,825,856,2810,2635,1046,3
475,1994,1706,1551,1524,2393,825,860,2768,2635,1044,3
476,1991,1734,1552,1526,2393,824,857,2772,2635,1046,3
477,1994,1718,1550,1526,2393,834,858,2831,2635,1046,3
478,1995,1715,1550,1526,2394,825,858,2862,2635,1044,3
479,2002,1714,1551,1526,2394,824,858,2897,2637,1043,3
480,2002,1712,1550,1528,2392,824,860,2899,2638,1045,3
481,2000,1712,1550,1528,2393,824,859,2854,2639,1046,3
482,2003,1710,1550,1527,2393,824,860,2812,2639,1046,3
483,2009,1713,1551,1528,2395,825,860,2768,2639,1045,3
484,2003,1710,1551,1528,2394,824,861,2775,2640,1046,3
485,2002,1714,1552,1529,2393,825,862,2828,2640,1046,3
486,2002,1712,1550,1530,2394,824,862,2862,2642,1046,3
487,2000,1714,1552,1530,2394,825,862,2898,2642,1046,3
488,2001,1716,1552,1530,2394,824,864,2900,2641,1046,3
489,1998,1719,1552,1530,2395,834,864,2858,2642,1048,3
490,1995,1730,1552,1530,2394,826,865,2818,2643,1046,3
491,1996,1706,1551,1530,2394,825,872,2777,2643,1046,3
492,1994,1708,1552,1531,2393,825,866,2775,2645,1042,3
493,2002,1714,1552,1531,2394,825,866,2823,2644,1046,3
494,2010,1714,1554,1531,2394,825,866,2858,2644,1048,3
495,1991,1711,1553,1532,2393,824,868,2894,2645,1048,3
496,1994,1704,1552,1532,2395,825,868,2896,2646,1048,3
497,1996,1693,1552,1531,2394,824,863,2852,2647,1046,3
498,1994,1714,1552,1533,2394,825,868,2811,2647,1051,3
499,1980,1713,1554,1531,2388,825,870,2774,2646,1048,3
500,2003,1714,1552,1532,2394,826,870,2776,2648,1048,3
501,2000,1721,1551,1533,2395,829,867,2832,2649,1047,3
502,1999,1711,1554,1531,2394,825,870,2866,2647,1047,3
503,2007,1713,1554,1534,2395,825,870,2892,2648,1050,3
504,1991,1711,1553,1532,2396,826,868,2898,2648,1048,3
505,1997,1698,1554,1542,2395,825,870,2852,2649,1048,3
506,1996,1715,1555,1534,2394,825,872,2812,2649,1050,3
507,1966,1709,1553,1536,2395,826,870,2774,2650,1047,3
508,2000,1722,1554,1536,2395,825,871,2778,2650,1049,3
509,1999,1711,1554,1533,2395,827,870,2833,2652,1047,3
510,2025,1716,1554,1536,2395,825,872,2859,2651,1048,3
511,2000,1705,1553,1534,2395,826,872,2895,2651,1049,3
512,1994,1715,1554,1537,2394,826,874,2896,2651,1050,3
513,2005,1714,1555,1538,2396,826,873,2858,2653,1050,3
514,1998,1733,1554,1538,2396,826,874,2822,2654,1048,3
515,2010,1714,1554,1538,2401,825,873,2770,2654,1050,3
516,1995,1706,1555,1537,2396,826,876,2774,2654,1050,3
517,2001,1716,1555,1538,2396,824,875,2827,2654,1050,3
518,2002,1713,1554,1536,2396,826,875,2865,2656,1049,3
519,2001,1712,1554,1538,2395,824,874,2902,2654,1050,3
520,2020,1716,1554,1538,2398,826,874,2897,2654,1048,3
521,1998,1694,1554,1538,2396,826,874,2854,2656,1050,3
522,1986,1713,1558,1538,2396,826,874,2822,2655,1050,3
523,1999,1725,1554,1539,2396,825,875,2776,2657,1049,3
524,2008,1714,1556,1538,2395,824,875,2773,2658,1050,3
525,2000,1703,1554,1546,2396,826,874,2829,2658,1050,3
526,1988,1714,1554,1538,2397,824,877,2868,2658,1051,3
527,1999,1726,1555,1538,2396,825,877,2900,2659,1050,3
528,2012,1715,1550,1539,2397,825,877,2898,2658,1050,3
529,2000,1704,1555,1538,2397,826,874,2854,2659,1051,3
530,1962,1712,1554,1537,2397,826,875,2821,2661,1050,3
531,2001,1713,1556,1539,2396,826,875,2777,2659,1051,3
532,1994,1714,1555,1539,2396,826,876,2776,2662,1050,3
533,2000,1718,1556,1539,2397,826,878,2830,2661,1050,3
534,2000,1721,1556,1539,2397,826,878,2868,2661,1052,3
535,2013,1715,1556,1538,2406,826,878,2894,2660,1051,3
536,1999,1714,1557,1538,2396,825,878,2902,2662,1052,3
537,2011,1715,1556,1538,2397,824,879,2858,2661,1051,3
538,2001,1713,1556,1539,2398,826,878,2819,2662,1053,3
539,1998,1709,1555,1539,2399,824,880,2776,2662,1052,3
540,1978,1715,1566,1539,2397,826,878,2782,2663,1051,3
541,2004,1715,1557,1538,2398,826,878,2835,2664,1050,3
542,1995,1710,1558,1540,2398,826,880,2866,2663,1052,3
543,1991,1718,1556,1539,2398,825,880,2906,2664,1053,3
544,2000,1712,1555,1539,2398,825,878,2902,2663,1051,3
545,1999,1711,1557,1542,2396,825,879,2854,2664,1053,3
546,1982,1714,1556,1539,2397,826,881,2822,2665,1052,3
547,2004,1715,1558,1542,2398,826,879,2778,2665,1052,3
548,1998,1707,1558,1539,2398,824,880,2779,2666,1052,3
549,1978,1712,1557,1539,2399,826,882,2840,2664,1052,3
550,2002,1715,1557,1539,2398,826,878,2872,2666,1051,3
551,2002,1705,1557,1536,2398,826,882,2900,2666,1050,3
552,2005,1718,1558,1541,2398,826,880,2904,2666,1053,3
553,2010,1718,1557,1539,2408,825,881,2856,2667,1053,3
554,2000,1717,1557,1541,2398,826,882,2814,2667,1059,3
555,2003,1726,1558,1541,2398,826,882,2779,2667,1053,3
556,1995,1715,1558,1542,2399,826,880,2779,2667,1053,3
557,1989,1716,1556,1542,2400,826,883,2842,2667,1053,3
558,2001,1715,1558,1541,2400,826,880,2872,2668,1053,3
559,2001,1704,1560,1542,2398,827,882,2899,2668,1053,3
560,2006,1722,1558,1542,2399,826,882,2905,2668,1053,3
561,2023,1719,1560,1542,2400,825,883,2854,2670,1052,3
562,1999,1718,1560,1542,2400,824,881,2821,2670,1053,3
563,2003,1714,1558,1540,2401,824,880,2781,2669,1055,3
564,2000,1707,1558,1544,2399,826,882,2782,2670,1054,3
565,2006,1722,1559,1541,2399,826,883,2840,2670,1054,3
566,2027,1719,1559,1540,2400,826,883,2870,2669,1054,3
567,1995,1718,1558,1542,2394,826,884,2907,2670,1054,3
568,2002,1720,1557,1540,2399,826,884,2906,2670,1053,3
569,2003,1723,1558,1539,2400,826,887,2856,2670,1054,3
570,2002,1731,1560,1542,2400,826,883,2818,2671,1054,3
571,2001,1714,1560,1544,2398,826,884,2776,2672,1054,3
572,2007,1718,1558,1543,2400,825,883,2790,2672,1054,3
573,2026,1718,1560,1542,2399,826,883,2838,2672,1053,3
574,1990,1718,1560,1541,2403,825,884,2878,2673,1054,3
575,2007,1720,1559,1541,2402,826,883,2899,2673,1054,3
576,2001,1722,1560,1542,2400,826,886,2899,2673,1056,3
577,2005,1715,1560,1544,2401,825,888,2856,2674,1056,3
578,2002,1698,1560,1542,2401,826,881,2810,2674,1053,3
579,2006,1729,1560,1542,2400,826,885,2781,2673,1056,3
580,1999,1713,1559,1542,2402,826,883,2787,2674,1054,3
581,2010,1721,1560,1540,2401,826,886,2844,2673,1054,3
582,1997,1715,1560,1542,2402,826,886,2872,2674,1054,3
583,1969,1715,1560,1541,2402,826,886,2906,2674,1057,3
584,2028,1720,1559,1541,2402,826,886,2898,2674,1056,3
585,1990,1720,1560,1541,2402,826,884,2856,2674,1056,3
586,2014,1718,1562,1542,2402,826,885,2808,2675,1056,3
587,1997,1718,1560,1542,2397,826,888,2784,2674,1056,3
588,2009,1718,1560,1542,2403,826,886,2787,2675,1055,3
589,2000,1722,1560,1543,2402,826,888,2850,2675,1056,3
590,2007,1717,1561,1542,2403,826,885,2874,2676,1054,3
591,2000,1722,1560,1543,2402,826,886,2907,2676,1056,3
592,2004,1717,1560,1543,2402,825,886,2896,2678,1056,3
593,2002,1720,1562,1544,2401,825,889,2856,2678,1056,3
594,2006,1716,1563,1542,2402,827,887,2813,2677,1054,3
595,1999,1720,1560,1544,2400,826,890,2787,2678,1056,3
596,2005,1718,1562,1543,2403,826,886,2790,2677,1056,3
597,2001,1719,1562,1542,2403,825,888,2852,2678,1058,3
598,2010,1721,1561,1542,2402,826,886,2875,2676,1056,3
599,1998,1722,1561,1542,2401,826,890,2906,2678,1054,3
600,2012,1720,1562,1543,2401,826,887,2898,2678,1054,3
601,1995,1719,1561,1543,2403,827,887,2852,2679,1056,3
602,2022,1721,1562,1542,2402,827,888,2803,2679,1057,3
603,1985,1720,1562,1543,2403,826,887,2783,2680,1056,3
604,2041,1723,1562,1544,2402,826,888,2794,2679,1057,3
605,2014,1723,1562,1543,2402,826,888,2852,2679,1057,3
606,1997,1718,1563,1542,2402,826,889,2880,2680,1056,3
607,2011,1726,1563,1544,2401,826,888,2904,2680,1056,3
608,2002,1715,1562,1544,2403,828,888,2896,2680,1056,3
609,2007,1733,1562,1538,2402,826,888,2846,2680,1057,3
610,2005,1716,1562,1542,2403,827,886,2802,2680,1056,3
611,2004,1716,1562,1544,2404,826,888,2784,2680,1057,3
612,2004,1724,1562,1543,2403,827,890,2795,2682,1057,3
613,2007,1718,1563,1542,2403,826,890,2848,2681,1056,3
614,1996,1720,1562,1544,2399,827,890,2890,2681,1056,3
615,2021,1720,1552,1542,2403,826,890,2900,2681,1058,3
616,2017,1726,1562,1544,2403,826,889,2902,2682,1057,3
617,2001,1718,1562,1544,2403,827,889,2840,2682,1057,3
618,2007,1729,1563,1543,2403,835,888,2806,2682,1057,3
619,2003,1709,1563,1544,2403,827,889,2779,2682,1058,3
620,2006,1720,1563,1544,2403,827,889,2803,2683,1057,3
621,2006,1725,1563,1543,2404,827,889,2862,2683,1057,3
622,2013,1723,1563,1545,2411,826,890,2883,2683,1058,3
623,1986,1720,1563,1544,2404,826,888,2904,2683,1057,3
624,2001,1720,1563,1544,2403,826,889,2894,2684,1056,3
625,2009,1726,1564,1545,2404,826,890,2842,2683,1058,3
626,2006,1705,1558,1544,2403,826,888,2804,2684,1057,3
627,2006,1717,1563,1544,2405,827,890,2786,2684,1056,3
628,2001,1722,1563,1543,2403,825,890,2806,2684,1058,3
629,2020,1724,1560,1543,2405,827,887,2857,2684,1058,3
630,2010,1723,1564,1542,2405,826,889,2891,2686,1057,3
631,2004,1715,1565,1543,2403,828,890,2901,2685,1058,3
632,2008,1732,1564,1545,2403,826,896,2898,2684,1058,3
633,2008,1725,1563,1543,2404,827,890,2835,2688,1057,3
634,2017,1720,1566,1544,2404,825,890,2795,2686,1059,3
635,1969,1722,1566,1542,2404,827,890,2787,2686,1058,3
636,2004,1719,1564,1544,2403,827,890,2799,2688,1058,3
637,2007,1742,1565,1544,2405,826,899,2863,2688,1056,3
638,2007,1725,1564,1544,2405,825,892,2896,2688,1059,3
639,2018,1726,1562,1543,2406,827,889,2899,2686,1058,3
640,2013,1725,1563,1545,2405,827,892,2895,2688,1059,3
641,2004,1715,1564,1544,2405,827,890,2834,2688,1059,3
642,2007,1720,1566,1544,2404,827,891,2802,2688,1060,3
643,2002,1724,1565,1543,2404,826,891,2791,2689,1058,3
644,2034,1726,1566,1544,2405,826,892,2804,2689,1058,3
645,2011,1728,1566,1544,2404,825,892,2866,2690,1058,3
646,2008,1728,1568,1546,2405,827,892,2890,2689,1058,3
647,2008,1723,1566,1545,2406,826,891,2900,2688,1059,3
648,1981,1722,1564,1546,2406,827,892,2894,2690,1058,3
649,2003,1718,1568,1546,2406,826,892,2831,2688,1059,3
650,2006,1718,1564,1544,2405,827,892,2799,2690,1056,3
651,2001,1723,1565,1544,2404,827,892,2790,2690,1058,3
652,2039,1726,1568,1544,2406,827,891,2807,2690,1060,3
653,2010,1729,1565,1544,2405,827,890,2867,2690,1060,3
654,2006,1728,1566,1544,2405,827,893,2892,2690,1060,3
655,2018,1726,1566,1546,2405,827,890,2902,2690,1060,3
656,2010,1730,1568,1544,2406,827,890,2893,2690,1057,3
657,2007,1701,1566,1545,2406,828,888,2827,2690,1058,3
658,2006,1725,1566,1546,2406,827,892,2794,2691,1059,3
659,1969,1722,1566,1544,2406,827,892,2789,2692,1059,3
660,2004,1712,1568,1544,2406,828,891,2810,2691,1059,3
661,2006,1722,1568,1544,2406,827,890,2870,2691,1060,3
662,1987,1724,1566,1544,2406,828,894,2898,2691,1059,3
663,2003,1716,1568,1544,2406,827,892,2904,2692,1060,3
664,2004,1720,1566,1545,2406,826,891,2892,2690,1059,3
665,1992,1720,1566,1545,2408,828,892,2832,2692,1060,3
666,2002,1717,1568,1544,2406,829,892,2790,2692,1059,3
667,2006,1719,1566,1545,2406,827,892,2790,2692,1058,3
668,1995,1723,1566,1543,2406,828,892,2820,2691,1060,3
669,2005,1721,1567,1546,2406,827,896,2865,2692,1060,3
670,2007,1722,1566,1545,2408,827,892,2901,2692,1060,3
671,1992,1724,1566,1546,2407,827,894,2907,2692,1059,3
672,2002,1720,1568,1545,2407,822,892,2882,2693,1059,3
673,2008,1721,1567,1542,2406,828,891,2829,2693,1060,3
674,1992,1723,1570,1545,2406,827,893,2791,2694,1059,3
675,2005,1718,1568,1546,2406,828,893,2786,2694,1059,3
676,2007,1725,1566,1545,2406,828,891,2814,2693,1060,3
677,2007,1726,1568,1545,2408,826,892,2875,2694,1059,3
678,2008,1708,1568,1545,2408,828,888,2898,2694,1060,3
679,2011,1728,1568,1545,2409,827,892,2902,2694,1060,3
680,2012,1731,1568,1545,2407,828,893,2883,2694,1059,3
681,2007,1730,1568,1546,2408,827,894,2819,2694,1062,3
682,2022,1726,1568,1546,2408,827,893,2786,2694,1060,3
683,2010,1736,1568,1543,2408,828,894,2792,2694,1060,3
684,2005,1728,1568,1545,2408,828,894,2830,2694,1060,3
685,2002,1724,1569,1546,2408,827,894,2873,2695,1060,3
686,2008,1724,1569,1546,2408,828,892,2904,2696,1058,3
687,1992,1724,1572,1546,2407,827,894,2906,2695,1060,3
688,2004,1718,1570,1545,2408,829,892,2874,2696,1060,3
689,2009,1725,1568,1545,2408,826,893,2814,2694,1060,3
690,2012,1731,1569,1544,2408,829,893,2790,2695,1060,3
691,2010,1733,1569,1544,2408,832,896,2790,2695,1059,3
692,2027,1729,1570,1546,2408,828,894,2827,2696,1060,3
693,2010,1740,1570,1547,2409,829,898,2880,2696,1060,3
694,2001,1731,1569,1546,2408,829,894,2904,2696,1062,3
695,2005,1723,1570,1546,2408,829,892,2898,2696,1060,3
696,2006,1726,1568,1546,2410,829,897,2873,2695,1060,3
697,2015,1730,1570,1546,2408,829,894,2817,2702,1060,3
698,2008,1731,1570,1546,2408,829,897,2784,2696,1063,3
699,2032,1730,1570,1546,2408,829,894,2794,2697,1061,3
700,2006,1750,1570,1545,2409,829,899,2836,2697,1061,3
701,1998,1726,1572,1546,2408,828,894,2886,2696,1061,3
702,2005,1715,1570,1552,2408,828,896,2899,2696,1060,3
703,2015,1726,1570,1546,2410,827,896,2892,2696,1060,3
704,2011,1735,1569,1547,2409,827,893,2866,2698,1060,3
705,2009,1731,1570,1546,2408,827,894,2811,2698,1061,3
706,2003,1723,1570,1548,2408,827,896,2782,2697,1060,3
707,2010,1723,1570,1546,2408,827,894,2803,2698,1061,3
708,2013,1730,1570,1547,2409,827,894,2840,2700,1060,3
709,2010,1730,1570,1548,2409,828,897,2883,2698,1068,3
710,2040,1732,1572,1547,2408,827,897,2900,2698,1060,3
711,2007,1721,1571,1546,2410,827,893,2901,2699,1058,3
712,1977,1724,1570,1547,2409,827,893,2864,2698,1061,3
713,2008,1735,1569,1545,2410,830,896,2801,2698,1059,3
714,2029,1731,1572,1547,2409,827,894,2782,2698,1061,3
715,2008,1747,1571,1546,2409,827,896,2804,2699,1061,3
716,1988,1726,1570,1546,2410,829,894,2843,2698,1059,3
717,2008,1710,1570,1547,2410,828,892,2886,2699,1062,3
718,2028,1734,1572,1547,2410,828,898,2900,2698,1060,3
719,2008,1744,1571,1547,2409,827,904,2898,2698,1061,3
720,1992,1730,1571,1547,2410,828,896,2859,2699,1060,3
