Count,S1,S2,S3,S4,S5,S6,S7,S8,S9,S10,Flag
1,2096,1796,1657,1605,2522,850,940,2889,2806,1111,0
2,2095,1790,1658,1606,2524,849,941,2914,2808,1114,0
3,2095,1796,1658,1606,2523,849,942,2904,2806,1114,0
4,2086,1790,1658,1604,2522,848,939,2860,2806,1113,0
5,2099,1795,1658,1606,2521,850,941,2824,2806,1114,0
6,2080,1790,1656,1605,2522,849,940,2830,2808,1114,0
7,2100,1799,1658,1605,2522,857,940,2867,2804,1114,0
8,2110,1794,1657,1605,2520,849,940,2906,2806,1114,0
9,2099,1804,1659,1602,2522,849,941,2913,2806,1113,0
10,2097,1779,1658,1615,2523,849,940,2883,2806,1112,0
11,2090,1788,1658,1605,2523,848,941,2838,2806,1115,0
12,2097,1798,1656,1604,2523,850,940,2818,2806,1114,0
13,2094,1794,1658,1605,2521,850,939,2841,2808,1112,0
14,2098,1797,1658,1603,2522,850,940,2874,2807,1113,0
15,2090,1787,1670,1605,2522,848,941,2914,2808,1114,0
16,2092,1794,1658,1604,2522,848,940,2908,2807,1114,0
17,2064,1789,1656,1606,2522,848,942,2869,2807,1113,0
18,2098,1800,1659,1606,2522,850,941,2827,2807,1113,0
19,2103,1796,1658,1604,2523,851,940,2821,2806,1111,0
20,2096,1786,1657,1606,2523,849,940,2858,2808,1112,0
21,2100,1803,1658,1606,2523,847,946,2902,2808,1114,1
22,2095,1788,1658,1604,2522,848,941,2914,2808,1114,1
23,2118,1794,1659,1606,2522,850,942,2891,2808,1114,1
24,2098,1792,1659,1605,2531,850,940,2849,2808,1113,1
25,2115,1798,1657,1606,2523,849,941,2819,2809,1114,1
26,2096,1787,1658,1605,2523,848,939,2828,2807,1113,1
27,2101,1793,1659,1606,2531,850,941,2870,2808,1115,1
28,2106,1794,1649,1604,2523,849,942,2906,2808,1112,1
29,2095,1792,1659,1606,2524,848,942,2915,2807,1113,1
30,2095,1793,1661,1608,2523,850,942,2880,2809,1113,1
31,2103,1795,1659,1604,2522,848,941,2834,2809,1114,1
32,2099,1798,1659,1606,2523,850,942,2822,2810,1115,1
33,2104,1799,1660,1606,2524,848,940,2851,2808,1114,1
34,2094,1794,1658,1606,2522,849,943,2894,2809,1115,1
35,2095,1795,1661,1606,2524,850,941,2916,2810,1113,1
36,2095,1785,1659,1607,2523,840,942,2898,2810,1114,1
37,2090,1787,1657,1608,2525,850,943,2854,2810,1114,1
38,2093,1790,1658,1608,2523,850,943,2821,2810,1114,1
39,2098,1790,1659,1608,2525,850,941,2832,2809,1114,1
40,2098,1788,1658,1608,2524,849,943,2868,2810,1114,1
41,2080,1793,1661,1608,2525,849,943,2909,2810,1115,1
42,2089,1794,1660,1610,2525,848,944,2918,2811,1115,1
43,2094,1796,1659,1609,2525,850,946,2891,2810,1115,1
44,2092,1790,1660,1611,2523,850,946,2842,2811,1116,1
45,2118,1793,1660,1613,2523,848,943,2822,2812,1115,1
46,2098,1789,1662,1613,2524,847,945,2850,2813,1115,1
47,2102,1807,1659,1604,2524,849,948,2888,2813,1118,1
48,2102,1801,1659,1613,2526,850,947,2917,2814,1118,1
49,2098,1801,1661,1615,2524,850,949,2905,2814,1118,1
50,2096,1798,1662,1616,2525,849,950,2866,2816,1118,1
51,2106,1796,1664,1617,2534,850,949,2829,2818,1119,1
52,2098,1796,1664,1618,2526,851,950,2834,2818,1118,1
53,2101,1795,1661,1618,2528,850,948,2869,2817,1121,1
54,2093,1795,1661,1619,2530,850,953,2907,2818,1121,1
55,2100,1799,1662,1619,2526,850,953,2909,2818,1121,1
56,2123,1795,1666,1621,2524,850,952,2891,2819,1122,1
57,2102,1795,1661,1624,2529,850,954,2852,2819,1122,1
58,2102,1795,1664,1624,2528,851,954,2838,2821,1122,1
59,2088,1796,1665,1624,2528,850,955,2851,2822,1123,1
60,2100,1801,1666,1626,2526,850,960,2889,2822,1123,1
61,2134,1800,1666,1627,2526,850,960,2910,2824,1123,1
62,2105,1797,1664,1630,2532,852,958,2909,2824,1126,1
63,2101,1795,1665,1628,2530,850,960,2883,2824,1126,1
64,2091,1795,1671,1630,2530,850,962,2847,2825,1124,1
65,2102,1800,1666,1632,2530,849,963,2841,2826,1126,1
66,2123,1798,1667,1633,2527,849,963,2864,2827,1125,1
67,2104,1795,1666,1636,2529,851,964,2894,2827,1128,1
68,2107,1795,1666,1635,2530,850,966,2918,2827,1129,1
69,2102,1798,1666,1637,2530,850,967,2907,2827,1127,1
70,2106,1802,1667,1637,2530,850,970,2866,2829,1128,1
71,2112,1796,1667,1638,2529,850,969,2835,2830,1128,1
72,2103,1794,1667,1640,2529,851,970,2848,2829,1123,1
73,2099,1799,1668,1639,2530,851,970,2886,2831,1126,1
74,2108,1806,1668,1640,2531,850,971,2912,2831,1134,1
75,2104,1793,1668,1643,2530,850,970,2914,2832,1129,1
76,2106,1796,1667,1643,2530,850,971,2893,2832,1129,1
77,2109,1806,1668,1646,2531,850,974,2854,2832,1130,1
78,2082,1800,1669,1643,2531,851,973,2846,2832,1129,1
79,2107,1795,1670,1646,2530,851,974,2862,2833,1130,1
80,2131,1802,1670,1647,2530,851,975,2896,2834,1130,1
81,2114,1806,1669,1646,2531,854,975,2920,2835,1131,1
82,2093,1800,1669,1649,2532,852,978,2913,2836,1131,1
83,2108,1803,1670,1649,2534,850,979,2884,2835,1132,1
84,2122,1801,1671,1650,2531,852,978,2842,2835,1132,1
85,2114,1800,1670,1650,2532,851,978,2855,2834,1132,1
86,2102,1802,1670,1650,2530,850,979,2886,2838,1131,1
87,2114,1806,1670,1653,2532,852,982,2910,2838,1133,1
88,2107,1795,1671,1651,2531,850,980,2923,2839,1134,1
89,2112,1798,1670,1652,2531,852,980,2900,2838,1135,1
90,2114,1805,1670,1652,2534,851,980,2863,2838,1134,1
91,2114,1810,1670,1652,2534,851,976,2844,2838,1134,1
92,2106,1801,1673,1654,2533,851,982,2858,2838,1134,1
93,2121,1805,1673,1653,2532,850,981,2894,2839,1134,1
94,2124,1805,1672,1654,2533,851,982,2922,2840,1134,1
95,2109,1805,1674,1656,2533,851,984,2920,2841,1134,1
96,2138,1805,1674,1655,2535,851,983,2879,2841,1135,1
97,2113,1803,1672,1656,2534,852,986,2842,2840,1135,1
98,2118,1814,1674,1652,2534,851,986,2851,2841,1135,1
99,2115,1810,1674,1655,2532,850,985,2875,2841,1134,1
100,2084,1802,1672,1657,2536,851,986,2914,2842,1134,1
101,2112,1801,1674,1658,2535,843,986,2919,2840,1134,1
102,2115,1802,1674,1657,2536,852,984,2918,2841,1134,1
103,2113,1807,1674,1655,2534,852,986,2886,2842,1135,1
104,2140,1807,1674,1657,2535,851,986,2853,2840,1135,1
105,2119,1809,1674,1658,2536,852,982,2847,2838,1134,1
106,2116,1810,1675,1658,2536,851,987,2856,2840,1135,1
107,2117,1805,1675,1656,2537,851,982,2888,2840,1134,1
108,2091,1806,1675,1657,2536,851,982,2919,2840,1135,1
109,2113,1802,1674,1656,2536,852,984,2921,2838,1134,1
110,2118,1804,1675,1654,2536,851,982,2914,2838,1135,1
111,2115,1810,1676,1655,2536,851,984,2880,2838,1135,1
112,2133,1809,1677,1654,2536,851,982,2845,2838,1134,1
113,2122,1808,1675,1654,2536,851,980,2842,2838,1134,1
114,2118,1788,1677,1653,2535,851,978,2860,2838,1135,1
115,2117,1806,1677,1651,2535,852,978,2891,2837,1133,1
116,2104,1807,1686,1650,2538,851,978,2922,2838,1134,1
117,2112,1804,1676,1650,2536,851,978,2922,2836,1134,1
118,2120,1819,1676,1649,2538,850,977,2908,2837,1134,1
119,2116,1810,1677,1647,2538,853,976,2863,2835,1134,1
120,2122,1806,1678,1646,2538,853,974,2832,2837,1134,1
121,2081,1805,1675,1644,2537,852,974,2838,2835,1134,2
122,2115,1801,1678,1642,2535,852,971,2858,2835,1134,2
123,2118,1802,1678,1641,2538,850,971,2900,2835,1133,2
124,2115,1807,1678,1640,2538,852,970,2921,2834,1132,2
125,2136,1810,1679,1640,2538,851,969,2915,2834,1133,2
126,2122,1813,1678,1637,2538,850,969,2897,2833,1133,2
127,2118,1804,1678,1635,2538,851,963,2850,2834,1133,2
128,2118,1804,1679,1634,2537,851,967,2826,2832,1133,2
129,2102,1805,1686,1633,2537,852,965,2838,2831,1133,2
130,2108,1807,1677,1632,2538,851,964,2861,2830,1132,2
131,2116,1819,1678,1628,2538,852,963,2903,2830,1131,2
132,2115,1810,1678,1627,2537,851,963,2916,2830,1133,2
133,2123,1804,1678,1626,2546,853,960,2909,2830,1132,2
134,2127,1808,1679,1625,2537,851,958,2890,2830,1131,2
135,2112,1800,1680,1625,2537,852,960,2840,2829,1131,2
136,2114,1804,1677,1622,2538,852,955,2828,2827,1131,2
137,2112,1808,1678,1622,2538,851,955,2838,2827,1132,2
138,2134,1808,1678,1621,2537,851,956,2859,2827,1131,2
139,2121,1812,1682,1626,2541,854,955,2906,2826,1132,2
140,2122,1814,1682,1622,2541,854,954,2918,2826,1131,2
141,2121,1813,1682,1619,2540,853,952,2909,2827,1130,2
142,2122,1813,1682,1615,2539,853,951,2882,2826,1130,2
143,2122,1813,1682,1614,2539,854,951,2834,2826,1130,2
144,2122,1815,1680,1611,2540,853,947,2820,2826,1131,2
145,2119,1813,1682,1609,2539,854,947,2834,2825,1130,2
146,2122,1815,1680,1608,2541,853,943,2863,2823,1130,2
147,2122,1812,1680,1604,2539,853,944,2906,2823,1129,2
148,2122,1811,1680,1602,2539,854,943,2915,2823,1129,2
149,2122,1815,1680,1598,2540,852,939,2901,2822,1128,2
150,2121,1810,1679,1594,2539,853,936,2868,2822,1128,2
151,2120,1812,1679,1594,2539,855,936,2819,2819,1127,2
152,2118,1812,1679,1590,2540,854,935,2809,2818,1125,2
153,2119,1809,1679,1590,2541,853,933,2831,2818,1126,2
154,2120,1810,1679,1587,2539,854,931,2865,2818,1126,2
155,2118,1809,1679,1586,2540,854,930,2907,2816,1124,2
156,2118,1810,1679,1584,2539,853,927,2914,2814,1125,2
157,2119,1808,1679,1582,2540,852,926,2893,2816,1125,2
158,2120,1809,1679,1580,2540,853,926,2854,2814,1124,2
159,2119,1810,1678,1578,2539,854,922,2803,2811,1124,2
160,2120,1810,1678,1576,2539,852,922,2799,2811,1123,2
161,2119,1810,1678,1573,2539,853,918,2831,2810,1122,2
162,2118,1811,1678,1572,2539,854,915,2867,2810,1122,2
163,2120,1811,1678,1569,2538,853,914,2907,2810,1121,2
164,2118,1811,1679,1566,2537,854,911,2906,2807,1119,2
165,2115,1807,1675,1566,2539,854,912,2883,2806,1120,2
166,2118,1808,1678,1563,2538,853,911,2838,2806,1121,2
167,2118,1808,1676,1562,2538,853,908,2790,2805,1120,2
168,2118,1808,1677,1559,2538,853,905,2787,2803,1119,2
169,2117,1809,1677,1560,2538,853,906,2832,2802,1119,2
170,2120,1809,1678,1555,2538,853,904,2867,2802,1119,2
171,2118,1809,1675,1555,2537,853,900,2906,2798,1116,2
172,2118,1808,1676,1554,2538,852,901,2907,2799,1116,2
173,2117,1805,1676,1551,2538,853,898,2866,2798,1116,2
174,2118,1806,1677,1549,2538,854,896,2825,2798,1117,2
175,2117,1807,1675,1549,2538,853,894,2779,2797,1116,2
176,2118,1808,1676,1547,2536,852,891,2781,2796,1115,2
177,2115,1806,1675,1545,2537,853,892,2837,2795,1114,2
178,2116,1808,1674,1543,2534,852,889,2872,2794,1113,2
179,2117,1807,1673,1541,2536,854,887,2907,2793,1114,2
180,2117,1805,1675,1541,2536,853,886,2906,2792,1114,2
181,2114,1806,1674,1539,2538,851,885,2858,2790,1114,2
182,2115,1809,1674,1539,2535,853,885,2813,2790,1113,2
183,2114,1808,1674,1537,2536,853,882,2771,2789,1112,2
184,2115,1806,1675,1536,2534,852,878,2776,2787,1111,2
185,2114,1806,1672,1533,2536,853,880,2839,2787,1112,2
186,2115,1806,1674,1531,2536,852,877,2872,2786,1110,2
187,2113,1803,1673,1530,2536,851,876,2901,2785,1111,2
188,2114,1805,1673,1530,2536,852,875,2901,2782,1110,2
189,2112,1803,1672,1529,2534,852,874,2843,2782,1110,2
190,2110,1803,1673,1527,2534,851,873,2795,2781,1110,2
191,2108,1805,1672,1525,2534,852,870,2762,2779,1110,2
192,2107,1805,1672,1525,2534,851,871,2776,2778,1108,2
193,2108,1804,1669,1523,2534,851,868,2840,2776,1107,2
194,2107,1803,1670,1523,2534,852,867,2875,2776,1109,2
195,2106,1803,1671,1522,2534,851,868,2902,2776,1107,2
196,2106,1803,1670,1521,2534,851,867,2896,2775,1107,2
197,2106,1801,1670,1519,2534,851,864,2829,2774,1106,2
198,2106,1802,1670,1519,2534,852,862,2779,2772,1106,2
199,2106,1802,1670,1518,2534,852,862,2758,2771,1105,2
200,2106,1802,1668,1518,2532,852,861,2779,2770,1106,2
201,2106,1801,1668,1516,2532,852,860,2848,2770,1105,2
202,2106,1803,1667,1515,2531,853,858,2882,2768,1106,2
203,2106,1801,1668,1514,2532,852,856,2899,2768,1103,2
204,2105,1800,1668,1515,2532,850,856,2889,2767,1104,2
205,2104,1799,1667,1514,2532,851,856,2814,2766,1103,2
206,2104,1800,1667,1513,2531,851,855,2768,2766,1101,2
207,2102,1797,1667,1513,2531,851,853,2755,2763,1103,2
208,2104,1798,1667,1512,2531,851,853,2782,2763,1103,2
209,2102,1798,1665,1510,2530,850,852,2855,2762,1104,2
210,2098,1799,1666,1510,2531,851,852,2887,2760,1102,2
211,2098,1795,1666,1510,2530,851,850,2898,2761,1102,2
212,2098,1800,1664,1510,2530,852,848,2880,2759,1102,2
213,2100,1798,1666,1510,2529,852,849,2802,2758,1099,2
214,2096,1796,1664,1508,2530,851,846,2755,2756,1099,2
215,2096,1795,1665,1507,2530,850,847,2750,2758,1099,2
216,2096,1795,1664,1507,2530,851,846,2786,2756,1099,2
217,2094,1795,1662,1507,2528,850,844,2855,2755,1098,2
218,2096,1795,1662,1506,2529,850,843,2886,2753,1098,2
219,2095,1796,1659,1506,2529,850,844,2895,2752,1098,2
220,2095,1796,1662,1505,2529,850,842,2868,2753,1099,2
221,2095,1795,1660,1506,2528,851,842,2786,2749,1098,2
222,2095,1797,1661,1502,2526,851,841,2744,2749,1097,2
223,2094,1795,1660,1503,2528,850,840,2749,2749,1097,2
224,2094,1794,1660,1503,2528,850,840,2792,2747,1098,2
225,2094,1793,1659,1503,2528,851,840,2859,2746,1097,2
226,2094,1795,1660,1504,2526,850,838,2890,2746,1096,2
227,2091,1790,1658,1503,2527,850,837,2893,2745,1097,2
228,2091,1792,1659,1501,2526,850,836,2856,2744,1096,2
229,2090,1789,1658,1502,2526,850,836,2775,2742,1096,2
230,2091,1794,1658,1501,2526,850,835,2738,2742,1096,2
231,2092,1795,1658,1502,2524,852,834,2750,2740,1096,2
232,2090,1794,1658,1501,2525,848,833,2800,2741,1095,2
233,2091,1794,1657,1499,2525,850,835,2865,2739,1095,2
234,2089,1790,1656,1502,2526,849,834,2891,2738,1095,2
235,2090,1789,1657,1501,2524,849,832,2890,2738,1094,2
236,2088,1790,1655,1500,2524,851,832,2843,2736,1094,2
237,2089,1789,1654,1499,2525,850,832,2763,2734,1092,2
238,2088,1788,1656,1499,2523,850,829,2732,2735,1093,2
239,2088,1789,1654,1499,2525,850,829,2758,2735,1091,2
240,2090,1790,1654,1498,2523,850,827,2809,2733,1090,2
241,2089,1789,1654,1498,2523,850,828,2870,2734,1091,2
242,2088,1786,1655,1499,2522,850,827,2893,2733,1091,2
243,2085,1790,1653,1499,2523,851,827,2884,2731,1091,2
244,2089,1788,1656,1499,2522,849,827,2830,2730,1091,2
245,2087,1786,1654,1498,2522,849,825,2754,2730,1091,2
246,2088,1786,1653,1499,2521,849,826,2730,2729,1090,2
247,2086,1787,1653,1497,2522,850,823,2764,2729,1090,2
248,2086,1790,1651,1498,2522,850,824,2819,2728,1090,2
249,2085,1786,1652,1499,2521,850,825,2876,2726,1089,2
250,2082,1785,1652,1499,2521,847,823,2894,2726,1088,2
251,2082,1787,1652,1497,2521,850,824,2878,2726,1089,2
252,2082,1784,1651,1499,2520,849,822,2822,2724,1088,2
253,2081,1787,1651,1498,2522,850,820,2743,2722,1088,2
254,2079,1784,1650,1498,2520,849,822,2727,2723,1088,2
255,2081,1786,1652,1498,2519,850,820,2768,2722,1088,2
256,2082,1784,1650,1499,2519,848,821,2823,2722,1089,2
257,2079,1786,1651,1498,2521,848,821,2880,2720,1089,2
258,2082,1782,1651,1498,2521,850,821,2894,2720,1085,2
259,2078,1783,1649,1499,2520,850,819,2870,2718,1085,2
260,2080,1782,1648,1498,2517,848,819,2810,2718,1085,2
261,2078,1784,1648,1498,2519,850,818,2736,2717,1083,2
262,2080,1779,1647,1499,2519,849,817,2728,2716,1084,2
263,2077,1783,1648,1499,2519,848,818,2777,2715,1083,2
264,2076,1782,1646,1498,2519,849,818,2831,2714,1084,2
265,2078,1782,1649,1499,2519,849,817,2884,2714,1083,2
266,2076,1782,1646,1499,2517,848,808,2891,2714,1084,2
267,2075,1783,1647,1499,2518,849,817,2862,2713,1083,2
268,2075,1779,1646,1499,2517,848,817,2800,2712,1083,2
269,2074,1781,1647,1499,2518,848,817,2730,2711,1083,2
270,2075,1780,1645,1499,2517,848,814,2726,2711,1083,2
271,2075,1780,1646,1499,2518,848,815,2782,2710,1083,2
272,2075,1780,1645,1499,2519,849,813,2836,2710,1083,2
273,2074,1780,1643,1499,2516,848,815,2885,2710,1083,2
274,2075,1779,1644,1500,2516,848,814,2890,2708,1082,2
275,2074,1778,1643,1501,2517,846,814,2848,2707,1082,2
276,2072,1779,1642,1501,2515,848,814,2784,2705,1082,2
277,2075,1780,1642,1500,2517,849,813,2722,2706,1080,2
278,2073,1781,1643,1499,2516,848,813,2729,2706,1081,2
279,2072,1776,1642,1501,2516,848,814,2793,2703,1080,2
280,2070,1778,1641,1500,2514,849,812,2843,2702,1078,2
281,2070,1776,1642,1502,2516,847,813,2888,2703,1081,2
282,2072,1776,1642,1502,2515,848,812,2890,2702,1080,2
283,2071,1778,1641,1502,2515,847,811,2838,2699,1078,2
284,2070,1774,1640,1501,2514,847,811,2775,2702,1080,2
285,2068,1774,1641,1503,2514,847,811,2719,2701,1081,2
286,2069,1774,1640,1505,2514,847,811,2732,2699,1078,2
287,2070,1777,1640,1503,2514,847,812,2802,2699,1077,2
288,2070,1774,1642,1503,2512,847,811,2850,2698,1078,2
289,2068,1775,1639,1503,2512,848,811,2889,2698,1079,2
290,2069,1775,1639,1503,2512,848,810,2888,2698,1077,2
291,2066,1775,1641,1505,2514,847,809,2824,2696,1078,2
292,2066,1775,1637,1506,2512,848,810,2764,2695,1078,2
293,2070,1774,1638,1505,2511,848,810,2716,2696,1077,2
294,2067,1775,1638,1505,2512,847,809,2734,2696,1077,2
295,2066,1773,1639,1507,2514,846,810,2811,2694,1077,2
296,2066,1774,1635,1506,2513,848,810,2855,2692,1076,2
297,2070,1773,1637,1507,2512,846,808,2890,2692,1076,2
298,2064,1774,1636,1506,2511,847,808,2889,2692,1078,2
299,2065,1774,1635,1506,2512,848,808,2814,2690,1076,2
300,2066,1771,1635,1507,2511,847,808,2757,2690,1076,2
301,2066,1774,1635,1508,2511,846,808,2716,2690,1075,2
302,2065,1774,1635,1507,2510,847,807,2736,2690,1075,2
303,2064,1772,1634,1507,2510,846,808,2818,2689,1075,2
304,2066,1773,1634,1508,2511,846,807,2859,2688,1074,2
305,2066,1772,1634,1509,2510,847,807,2890,2685,1075,2
306,2065,1771,1634,1510,2511,846,808,2887,2686,1075,2
307,2065,1769,1635,1508,2510,846,806,2805,2686,1075,2
308,2064,1772,1632,1510,2511,847,808,2750,2683,1076,2
309,2064,1768,1634,1509,2509,846,809,2716,2683,1075,2
310,2061,1770,1634,1510,2508,847,805,2742,2683,1073,2
311,2062,1769,1633,1510,2508,847,808,2825,2682,1075,2
312,2060,1769,1632,1512,2510,847,806,2864,2682,1073,2
313,2060,1769,1634,1512,2508,847,806,2890,2682,1075,2
314,2060,1769,1630,1512,2508,846,807,2882,2682,1073,2
315,2059,1768,1630,1512,2507,846,806,2795,2678,1072,2
316,2062,1766,1630,1512,2507,847,806,2738,2680,1072,2
317,2058,1768,1630,1514,2507,845,806,2718,2680,1073,2
318,2058,1768,1630,1513,2507,845,807,2752,2679,1071,2
319,2058,1769,1629,1514,2507,847,806,2832,2678,1073,2
320,2060,1770,1630,1513,2506,847,803,2869,2678,1070,2
321,2056,1766,1630,1516,2506,845,806,2890,2677,1072,3
322,2051,1750,1625,1510,2502,844,804,2869,2674,1072,3
323,2050,1755,1625,1512,2502,844,806,2787,2676,1072,3
324,2052,1779,1624,1515,2500,844,805,2728,2675,1072,3
325,2045,1777,1624,1519,2501,844,806,2720,2675,1072,3
326,2051,1767,1624,1518,2502,844,806,2758,2674,1072,3
327,2055,1756,1624,1523,2501,844,797,2838,2674,1072,3
328,2051,1753,1624,1526,2500,844,806,2880,2674,1072,3
329,2043,1777,1624,1530,2500,843,807,2894,2673,1072,3
330,2074,1762,1624,1536,2502,844,808,2874,2673,1072,3
331,2043,1782,1624,1538,2501,843,808,2782,2674,1072,3
332,2051,1754,1624,1543,2502,844,809,2730,2674,1073,3
333,2051,1763,1624,1547,2501,843,810,2730,2674,1073,3
334,2056,1760,1624,1553,2500,841,812,2770,2674,1074,3
335,2052,1769,1624,1558,2502,844,812,2848,2674,1073,3
336,2048,1758,1623,1562,2501,845,813,2880,2674,1071,3
337,2054,1762,1624,1568,2501,844,816,2892,2674,1073,3
338,2054,1741,1624,1570,2502,842,814,2870,2675,1074,3
339,2056,1758,1626,1573,2501,845,819,2787,2674,1073,3
340,2053,1755,1626,1576,2503,844,818,2744,2674,1072,3
341,2055,1762,1626,1578,2502,843,816,2747,2675,1072,3
342,2061,1761,1625,1582,2502,844,818,2783,2675,1074,3
343,2054,1762,1626,1582,2502,844,818,2862,2676,1074,3
344,2020,1778,1626,1583,2502,845,820,2888,2675,1073,3
345,2058,1752,1626,1583,2502,842,820,2896,2676,1073,3
346,2075,1761,1626,1583,2502,844,821,2866,2678,1074,3
347,2066,1762,1626,1583,2502,843,822,2785,2676,1074,3
348,2063,1759,1626,1581,2502,844,822,2746,2676,1074,3
349,2056,1763,1625,1580,2502,845,824,2755,2675,1074,3
350,2060,1750,1627,1581,2501,844,822,2791,2677,1074,3
351,2065,1763,1630,1578,2502,844,823,2859,2676,1075,3
352,2072,1763,1626,1578,2502,843,824,2894,2676,1074,3
353,2031,1777,1626,1575,2502,845,824,2890,2677,1074,3
354,2056,1758,1618,1576,2501,843,824,2858,2678,1074,3
355,2061,1778,1626,1573,2501,843,824,2782,2679,1074,3
356,2030,1778,1624,1571,2501,844,824,2741,2678,1074,3
357,2055,1763,1626,1570,2503,841,826,2758,2677,1076,3
358,2060,1766,1626,1568,2502,843,826,2806,2678,1076,3
359,2061,1764,1626,1575,2501,843,827,2866,2678,1076,3
360,2055,1763,1626,1566,2500,845,828,2891,2680,1076,3
361,2065,1762,1626,1563,2500,844,832,2889,2680,1076,3
362,2059,1770,1626,1563,2500,843,828,2851,2680,1076,3
363,2056,1762,1625,1562,2500,845,829,2778,2681,1077,3
364,2050,1758,1626,1562,2501,843,829,2745,2681,1077,3
365,2064,1762,1626,1560,2501,843,832,2771,2686,1076,3
366,2059,1763,1625,1558,2500,844,833,2816,2682,1076,3
367,2070,1761,1624,1560,2501,845,834,2876,2682,1078,3
368,2021,1779,1625,1558,2501,846,832,2890,2682,1076,3
369,2059,1750,1624,1557,2501,844,835,2882,2683,1076,3
370,2068,1763,1626,1557,2500,843,835,2845,2682,1076,3
371,2060,1770,1626,1555,2501,845,834,2775,2684,1077,3
372,2066,1761,1626,1555,2501,843,837,2750,2684,1076,3
373,2038,1777,1625,1554,2501,844,838,2775,2684,1076,3
374,2054,1762,1626,1554,2499,843,838,2828,2684,1075,3
375,2051,1758,1626,1554,2501,844,829,2874,2685,1078,3
376,2046,1778,1626,1554,2501,844,840,2892,2688,1078,3
377,2067,1763,1627,1553,2502,843,839,2887,2688,1078,3
378,2060,1769,1625,1552,2501,845,839,2839,2688,1078,3
379,2067,1761,1624,1551,2501,843,841,2777,2689,1078,3
380,2056,1756,1624,1551,2500,845,840,2753,2689,1078,3
381,2051,1762,1625,1550,2500,845,833,2782,2690,1078,3
382,2062,1774,1624,1550,2500,844,838,2831,2690,1078,3
383,2058,1758,1625,1550,2501,844,841,2876,2690,1078,3
384,2039,1779,1624,1550,2499,843,843,2892,2691,1078,3
385,2076,1762,1626,1549,2501,843,840,2883,2691,1078,3
386,2054,1762,1625,1548,2499,844,844,2832,2691,1080,3
387,2076,1760,1626,1547,2501,844,842,2774,2692,1079,3
388,2034,1778,1634,1548,2497,843,844,2757,2690,1079,3
389,2059,1755,1626,1547,2500,843,842,2790,2694,1079,3
390,2060,1779,1626,1547,2500,843,843,2840,2693,1079,3
391,2051,1761,1624,1546,2501,846,845,2884,2694,1077,3
392,2058,1758,1626,1547,2501,843,843,2891,2693,1079,3
393,2064,1761,1626,1545,2500,842,846,2875,2694,1080,3
394,2063,1763,1625,1546,2501,844,845,2831,2694,1080,3
395,2051,1757,1624,1546,2500,845,846,2764,2694,1079,3
396,2061,1765,1626,1544,2500,844,845,2762,2695,1078,3
397,2064,1756,1623,1546,2500,844,846,2798,2695,1080,3
398,2052,1759,1624,1544,2501,843,846,2842,2694,1080,3
399,2078,1765,1626,1544,2501,844,846,2894,2695,1080,3
400,2070,1762,1626,1543,2498,843,846,2897,2696,1078,3
401,2068,1759,1626,1543,2500,845,846,2869,2696,1078,3
402,2070,1759,1624,1543,2500,844,846,2822,2697,1080,3
403,2077,1763,1625,1542,2502,844,845,2770,2697,1079,3
404,2093,1764,1624,1542,2499,844,847,2762,2697,1079,3
405,2060,1756,1626,1542,2501,844,847,2807,2697,1080,3
406,2064,1742,1625,1540,2501,838,848,2850,2697,1079,3
407,2058,1761,1626,1540,2501,843,849,2890,2696,1079,3
408,2073,1761,1624,1540,2500,843,850,2899,2697,1080,3
409,2064,1783,1624,1538,2501,844,848,2863,2698,1078,3
410,2072,1758,1627,1541,2501,844,848,2822,2698,1080,3
411,2062,1750,1626,1538,2501,844,848,2763,2699,1080,3
412,2048,1758,1625,1539,2497,843,850,2776,2699,1080,3
413,2064,1768,1626,1539,2502,845,847,2821,2699,1080,3
414,2056,1756,1625,1538,2501,844,850,2855,2699,1080,3
415,2058,1761,1624,1538,2501,844,851,2891,2698,1080,3
416,2064,1782,1626,1536,2499,845,848,2896,2700,1080,3
417,2059,1757,1624,1537,2501,844,850,2850,2701,1080,3
418,2038,1774,1624,1537,2500,844,851,2818,2702,1079,3
419,2070,1758,1625,1536,2501,844,851,2770,2702,1080,3
420,2060,1762,1624,1536,2499,845,852,2770,2702,1080,3
421,2062,1758,1624,1538,2501,844,853,2828,2702,1080,3
422,2062,1762,1626,1537,2499,843,851,2859,2703,1080,3
423,2064,1759,1626,1536,2501,845,850,2898,2704,1081,3
424,2064,1762,1624,1537,2499,845,852,2894,2704,1081,3
425,2064,1758,1624,1537,2500,846,859,2856,2705,1081,3
426,2062,1762,1626,1536,2500,845,854,2806,2704,1081,3
427,2071,1762,1626,1536,2501,844,852,2775,2706,1077,3
428,2042,1780,1629,1536,2500,844,854,2782,2707,1082,3
429,2060,1758,1626,1536,2500,844,856,2830,2707,1082,3
430,2065,1770,1624,1538,2501,844,856,2869,2709,1082,3
431,2064,1764,1625,1538,2501,845,858,2893,2708,1082,3
432,2076,1762,1626,1538,2500,843,858,2891,2710,1083,3
433,2068,1764,1624,1538,2501,845,856,2850,2710,1082,3
434,2064,1762,1626,1541,2499,845,850,2803,2712,1083,3
435,2088,1762,1627,1541,2500,844,858,2774,2712,1084,3
436,2065,1774,1625,1541,2501,846,860,2790,2713,1083,3
437,2057,1760,1626,1541,2501,846,862,2835,2714,1084,3
438,2075,1763,1626,1542,2500,846,861,2866,2715,1083,3
439,2070,1761,1626,1543,2501,845,862,2899,2715,1082,3
440,2068,1767,1626,1544,2502,845,864,2895,2717,1085,3
441,2054,1763,1626,1546,2499,846,867,2850,2717,1083,3
442,2066,1746,1626,1550,2501,845,867,2806,2718,1085,3
443,2103,1766,1626,1546,2500,845,866,2781,2720,1084,3
444,2066,1758,1625,1548,2502,846,866,2793,2720,1084,3
445,2067,1770,1626,1548,2501,845,869,2850,2722,1086,3
446,2043,1782,1626,1548,2500,845,868,2882,2722,1088,3
447,2066,1765,1626,1550,2501,846,872,2894,2723,1088,3
448,2067,1747,1626,1552,2501,846,874,2887,2723,1088,3
449,2064,1762,1626,1552,2502,846,874,2838,2724,1088,3
450,2080,1762,1617,1554,2500,846,874,2803,2726,1089,3
451,2070,1762,1627,1554,2501,845,875,2792,2727,1086,3
452,2068,1758,1627,1556,2502,845,878,2806,2727,1089,3
453,2068,1771,1628,1556,2501,845,876,2858,2728,1088,3
454,2072,1770,1626,1556,2502,844,876,2886,2728,1089,3
455,2075,1764,1627,1558,2502,845,878,2898,2730,1089,3
456,2030,1779,1627,1558,2501,844,879,2891,2730,1089,3
457,2041,1779,1627,1560,2501,846,882,2846,2730,1090,3
458,2054,1759,1628,1560,2502,845,882,2814,2731,1090,3
459,2056,1758,1629,1560,2502,846,882,2802,2733,1090,3
460,2058,1763,1628,1561,2490,845,882,2818,2732,1091,3
461,2054,1762,1626,1562,2502,845,885,2866,2734,1092,3
462,2055,1766,1635,1562,2502,846,886,2892,2734,1091,3
463,2041,1780,1627,1564,2503,846,886,2905,2736,1091,3
464,2031,1779,1626,1564,2503,846,886,2891,2736,1092,3
465,2075,1763,1627,1566,2502,845,888,2843,2736,1091,3
466,2073,1770,1628,1566,2502,846,887,2810,2736,1092,3
467,2072,1774,1627,1568,2504,848,888,2803,2737,1091,3
468,2072,1763,1628,1568,2502,846,891,2822,2738,1090,3
469,2073,1762,1630,1568,2502,847,890,2870,2738,1092,3
470,2082,1766,1630,1569,2510,846,891,2890,2739,1092,3
471,2102,1767,1630,1570,2502,845,893,2899,2739,1091,3
472,2069,1758,1630,1570,2502,847,893,2883,2740,1092,3
473,2073,1770,1630,1570,2502,846,891,2835,2742,1093,3
474,2067,1770,1628,1572,2503,845,897,2811,2741,1092,3
475,2048,1762,1629,1571,2504,846,893,2804,2742,1093,3
476,2074,1770,1630,1574,2502,845,896,2822,2744,1093,3
477,2075,1763,1630,1574,2504,846,898,2874,2744,1092,3
478,2083,1767,1632,1573,2503,847,897,2893,2746,1091,3
479,2072,1766,1630,1576,2504,847,898,2899,2742,1092,3
480,2075,1769,1630,1574,2504,845,900,2880,2746,1092,3
481,2062,1766,1630,1575,2504,846,900,2838,2746,1094,3
482,2078,1772,1632,1576,2502,845,899,2809,2747,1094,3
483,2075,1763,1630,1576,2504,845,898,2806,2746,1094,3
484,2069,1764,1630,1577,2504,846,902,2830,2748,1092,3
485,2074,1772,1630,1578,2504,845,902,2872,2748,1094,3
486,2061,1763,1642,1576,2502,846,904,2904,2750,1094,3
487,2074,1776,1634,1579,2504,846,902,2905,2749,1094,3
488,2083,1766,1630,1578,2504,847,903,2874,2750,1093,3
489,2073,1761,1632,1578,2504,844,905,2830,2752,1095,3
490,2070,1766,1633,1578,2504,846,904,2810,2752,1096,3
491,2076,1770,1634,1579,2504,849,903,2813,2754,1094,3
492,2080,1766,1634,1578,2503,846,905,2837,2752,1096,3
493,2074,1757,1633,1579,2505,846,907,2880,2753,1096,3
494,2066,1768,1633,1579,2505,846,905,2906,2754,1096,3
495,2074,1780,1633,1580,2505,846,910,2903,2754,1097,3
496,2094,1770,1632,1581,2504,846,907,2868,2755,1096,3
497,2077,1773,1633,1580,2506,848,908,2825,2755,1095,3
498,2081,1771,1633,1582,2505,848,910,2808,2761,1096,3
499,2081,1768,1633,1583,2504,847,909,2811,2755,1096,3
500,2075,1758,1634,1582,2505,847,908,2843,2758,1096,3
501,2043,1787,1633,1583,2506,847,908,2890,2758,1096,3
502,2077,1769,1633,1583,2506,846,910,2908,2758,1096,3
503,2076,1763,1634,1583,2506,846,910,2896,2758,1095,3
504,2058,1765,1633,1582,2506,847,912,2874,2758,1096,3
505,2077,1767,1634,1583,2506,846,910,2826,2758,1097,3
506,2076,1762,1634,1584,2506,847,913,2806,2759,1098,3
507,2040,1786,1635,1583,2506,846,910,2822,2760,1098,3
508,2080,1770,1635,1585,2505,846,912,2844,2760,1096,3
509,2082,1750,1635,1584,2504,847,910,2890,2760,1098,3
510,2083,1773,1635,1585,2506,847,911,2907,2760,1098,3
511,2096,1770,1626,1586,2506,846,914,2894,2760,1096,3
512,2075,1771,1636,1585,2506,846,915,2867,2762,1099,3
513,2081,1790,1634,1586,2506,846,918,2826,2762,1099,3
514,2075,1766,1634,1586,2505,847,914,2806,2762,1099,3
515,2051,1769,1635,1586,2507,845,914,2827,2762,1099,3
516,2085,1772,1636,1586,2512,846,914,2851,2763,1098,3
517,2082,1779,1635,1586,2507,847,918,2893,2763,1099,3
518,2078,1787,1635,1587,2506,847,918,2909,2763,1097,3
519,2080,1769,1635,1586,2506,847,917,2894,2764,1099,3
520,2086,1771,1635,1587,2507,847,915,2867,2763,1098,3
521,2097,1774,1638,1588,2507,847,917,2816,2764,1099,3
522,2074,1771,1636,1586,2505,845,919,2812,2766,1099,3
523,2082,1771,1636,1588,2507,846,916,2834,2766,1100,3
524,2080,1776,1636,1587,2507,847,918,2858,2766,1100,3
525,2082,1786,1635,1588,2506,847,918,2902,2767,1098,3
526,2080,1763,1636,1586,2506,848,918,2905,2768,1098,3
527,2084,1774,1636,1588,2507,846,918,2894,2766,1100,3
528,2074,1771,1637,1589,2507,846,918,2855,2766,1099,3
529,2093,1776,1638,1588,2507,847,918,2818,2768,1098,3
530,2107,1777,1637,1587,2506,848,918,2809,2769,1100,3
531,2067,1772,1638,1590,2507,847,918,2838,2767,1099,3
532,2091,1772,1638,1590,2506,845,920,2864,2768,1100,3
533,2075,1774,1637,1590,2505,846,918,2907,2768,1101,3
534,2081,1782,1637,1588,2507,846,920,2907,2768,1099,3
535,2081,1777,1638,1590,2506,846,920,2890,2770,1100,3
536,2083,1771,1638,1588,2508,847,917,2850,2770,1100,3
537,2081,1776,1638,1590,2508,847,920,2819,2769,1101,3
538,2082,1771,1638,1590,2507,847,920,2808,2770,1101,3
539,2082,1776,1638,1590,2508,848,921,2846,2770,1099,3
540,2083,1770,1638,1589,2509,845,922,2866,2771,1102,3
541,2081,1777,1638,1590,2508,848,922,2908,2771,1102,3
542,2087,1774,1638,1590,2509,846,922,2904,2771,1101,3
543,2078,1776,1638,1588,2506,849,922,2887,2771,1101,3
544,2093,1771,1638,1590,2508,846,922,2848,2772,1102,3
545,2070,1775,1641,1590,2508,847,923,2818,2772,1102,3
546,2106,1778,1638,1590,2508,847,920,2810,2772,1100,3
547,2049,1770,1640,1591,2509,846,922,2850,2772,1102,3
548,2078,1773,1639,1590,2507,847,922,2870,2772,1101,3
549,2091,1778,1640,1590,2509,846,923,2907,2774,1102,3
550,2086,1767,1640,1590,2508,848,923,2905,2774,1101,3
551,2084,1786,1639,1582,2510,847,923,2880,2773,1102,3
552,2082,1778,1638,1590,2508,847,925,2846,2774,1104,3
553,2084,1769,1639,1592,2508,848,923,2817,2773,1101,3
554,2079,1775,1640,1592,2509,848,923,2818,2774,1102,3
555,2091,1774,1640,1591,2509,847,923,2848,2774,1103,3
556,2051,1773,1640,1592,2509,848,923,2880,2776,1102,3
557,2078,1772,1639,1592,2509,848,925,2906,2775,1102,3
558,2086,1781,1640,1590,2509,852,924,2912,2776,1102,3
559,2083,1755,1640,1593,2509,848,920,2870,2775,1103,3
560,2084,1774,1638,1593,2510,848,923,2850,2775,1102,3
561,2078,1777,1641,1592,2509,847,925,2818,2776,1104,3
562,2099,1777,1642,1592,2508,847,926,2811,2777,1104,3
563,2091,1777,1641,1593,2509,847,926,2858,2779,1102,3
564,2082,1769,1640,1592,2510,849,924,2880,2777,1103,3
565,2084,1773,1640,1592,2511,847,925,2910,2778,1104,3
566,2082,1778,1641,1592,2510,848,923,2902,2778,1102,3
567,2099,1778,1638,1592,2510,848,924,2868,2778,1102,3
568,2090,1776,1641,1593,2510,847,926,2842,2778,1104,3
569,2085,1766,1642,1601,2510,847,925,2811,2779,1103,3
570,2084,1771,1641,1594,2510,848,926,2824,2776,1104,3
571,2081,1778,1642,1593,2511,848,928,2862,2779,1104,3
572,2078,1774,1642,1592,2511,849,928,2886,2779,1105,3
573,2089,1786,1642,1592,2510,846,926,2910,2779,1104,3
574,2085,1779,1641,1592,2511,848,930,2902,2779,1109,3
575,2097,1778,1642,1594,2508,847,929,2862,2779,1103,3
576,2090,1781,1642,1593,2511,847,925,2838,2784,1104,3
577,2089,1768,1640,1603,2511,849,926,2810,2780,1104,3
578,2086,1777,1641,1594,2510,848,930,2819,2781,1103,3
579,2066,1774,1649,1593,2510,849,930,2868,2779,1104,3
580,2083,1770,1643,1594,2511,848,930,2890,2780,1105,3
581,2086,1776,1643,1595,2513,847,928,2910,2782,1100,3
582,2073,1778,1642,1594,2511,849,928,2906,2781,1105,3
583,2083,1777,1642,1595,2511,848,930,2858,2782,1103,3
584,2083,1770,1642,1594,2511,848,936,2834,2782,1103,3
585,2082,1779,1642,1594,2510,847,929,2820,2782,1106,3
586,2081,1776,1642,1594,2511,847,930,2824,2782,1105,3
587,2090,1795,1643,1595,2511,848,936,2874,2782,1104,3
588,2078,1778,1644,1595,2506,848,930,2899,2782,1106,3
589,2085,1778,1643,1595,2511,847,930,2906,2786,1104,3
590,2088,1772,1642,1595,2512,848,931,2905,2782,1104,3
591,2077,1778,1642,1594,2513,848,931,2860,2784,1106,3
592,2082,1774,1643,1596,2512,848,932,2826,2784,1106,3
593,2088,1775,1643,1594,2512,849,926,2818,2785,1104,3
594,2066,1778,1642,1595,2512,848,931,2832,2784,1106,3
595,2085,1771,1645,1596,2512,848,930,2870,2785,1106,3
596,2087,1775,1644,1596,2511,847,929,2894,2784,1105,3
597,2095,1780,1643,1594,2512,849,930,2910,2790,1106,3
598,2086,1782,1643,1594,2512,848,932,2894,2786,1106,3
599,2096,1781,1643,1596,2512,849,930,2851,2786,1104,3
600,2088,1782,1644,1595,2512,848,930,2826,2786,1106,3
601,2091,1782,1645,1594,2512,847,931,2821,2786,1106,3
602,2081,1777,1645,1596,2512,848,931,2830,2787,1106,3
603,2087,1778,1646,1595,2513,847,931,2882,2787,1102,3
604,2066,1781,1645,1595,2513,849,931,2901,2786,1106,3
605,2088,1770,1646,1600,2512,848,931,2908,2787,1107,3
606,2093,1780,1644,1595,2515,848,930,2890,2788,1106,3
607,2091,1782,1646,1595,2512,849,930,2854,2787,1106,3
608,2085,1781,1646,1596,2512,848,933,2826,2788,1106,3
609,2086,1779,1643,1597,2512,848,931,2813,2787,1105,3
610,2088,1775,1644,1596,2513,847,930,2841,2787,1105,3
611,2049,1776,1646,1596,2513,848,931,2882,2788,1106,3
612,2088,1784,1645,1597,2513,849,934,2901,2789,1110,3
613,2107,1781,1646,1595,2514,848,931,2907,2788,1105,3
614,2088,1800,1646,1596,2513,848,940,2894,2788,1106,3
615,2072,1779,1646,1595,2512,849,930,2850,2789,1106,3
616,2087,1766,1646,1598,2512,848,930,2818,2790,1107,3
617,2098,1782,1646,1596,2513,847,931,2814,2790,1106,3
618,2088,1795,1646,1597,2513,847,934,2846,2790,1107,3
619,2078,1781,1646,1595,2514,849,933,2889,2790,1107,3
620,2089,1766,1646,1597,2513,848,933,2904,2790,1107,3
621,2098,1782,1646,1598,2513,849,933,2904,2790,1106,3
622,2090,1796,1646,1598,2514,847,938,2891,2790,1106,3
623,2075,1779,1644,1596,2514,849,933,2846,2790,1107,3
624,2090,1763,1646,1596,2514,849,930,2813,2790,1106,3
625,2105,1784,1647,1597,2513,848,936,2819,2790,1107,3
626,2087,1778,1646,1600,2514,848,934,2851,2790,1106,3
627,2061,1780,1647,1595,2514,848,936,2890,2792,1107,3
628,2090,1787,1647,1597,2514,849,934,2904,2791,1107,3
629,2080,1778,1648,1597,2513,848,932,2902,2791,1107,3
630,2094,1784,1646,1596,2514,848,933,2887,2792,1106,3
631,2094,1782,1647,1600,2514,849,932,2842,2791,1107,3
632,2089,1782,1647,1597,2514,846,934,2822,2792,1108,3
633,2088,1776,1646,1597,2515,849,934,2822,2792,1107,3
634,2100,1783,1646,1597,2515,848,934,2850,2792,1107,3
635,2090,1797,1647,1598,2515,849,939,2896,2793,1108,3
636,2062,1778,1648,1597,2515,849,936,2907,2794,1107,3
637,2090,1783,1649,1598,2514,848,936,2900,2793,1108,3
638,2087,1782,1647,1597,2514,848,935,2875,2793,1107,3
639,2091,1782,1647,1600,2516,849,934,2832,2792,1108,3
640,2094,1788,1647,1595,2515,849,934,2819,2792,1107,3
641,2080,1782,1658,1601,2514,847,935,2832,2793,1109,3
642,2091,1787,1647,1601,2515,848,936,2854,2794,1115,3
643,2080,1782,1647,1600,2514,850,934,2894,2794,1108,3
644,2094,1780,1647,1598,2515,848,936,2904,2793,1108,3
645,2096,1790,1648,1600,2514,849,936,2906,2794,1108,3
646,2076,1782,1649,1600,2514,849,934,2878,2794,1108,3
647,2090,1785,1648,1601,2515,848,937,2829,2794,1107,3
648,2088,1777,1648,1600,2515,848,933,2816,2794,1108,3
649,2093,1782,1649,1600,2518,848,936,2827,2794,1110,3
650,2090,1806,1650,1601,2514,848,936,2862,2794,1108,3
651,2098,1783,1649,1598,2515,848,936,2902,2795,1109,3
652,2088,1784,1648,1600,2515,848,936,2915,2795,1110,3
653,2089,1774,1650,1600,2514,849,935,2898,2795,1109,3
654,2107,1783,1650,1600,2514,849,936,2869,2795,1109,3
655,2089,1779,1650,1602,2515,849,936,2831,2795,1109,3
656,2093,1790,1650,1600,2515,848,937,2822,2796,1107,3
657,2074,1780,1656,1598,2516,848,938,2838,2795,1109,3
658,2090,1788,1648,1600,2515,850,936,2862,2795,1110,3
659,2088,1776,1650,1602,2515,846,937,2902,2796,1108,3
660,2102,1782,1650,1600,2515,847,937,2907,2796,1109,3
661,2091,1781,1649,1601,2516,849,936,2898,2795,1110,3
662,2094,1788,1648,1601,2516,850,934,2867,2796,1110,3
663,2074,1779,1660,1600,2516,848,938,2827,2796,1110,3
664,2090,1785,1650,1600,2515,849,938,2816,2797,1110,3
665,2090,1775,1649,1602,2517,849,938,2837,2795,1110,3
666,2110,1783,1650,1601,2514,849,936,2868,2796,1108,3
667,2094,1780,1651,1600,2517,848,935,2900,2798,1110,3
668,2098,1787,1650,1601,2515,849,938,2906,2796,1112,3
669,2099,1787,1649,1601,2516,850,936,2892,2797,1110,3
670,2091,1783,1651,1601,2514,848,937,2864,2798,1111,3
671,2091,1794,1651,1600,2515,849,939,2819,2798,1110,3
672,2088,1778,1650,1600,2515,848,936,2817,2797,1111,3
673,2104,1786,1650,1602,2517,850,938,2842,2798,1110,3
674,2092,1782,1652,1600,2515,849,936,2881,2797,1110,3
675,2096,1795,1651,1592,2517,849,938,2909,2798,1110,3
676,2054,1782,1650,1602,2518,849,936,2912,2798,1110,3
677,2088,1784,1650,1601,2515,850,937,2890,2798,1110,3
678,2094,1789,1651,1601,2516,848,938,2855,2799,1115,3
679,2088,1779,1651,1601,2516,843,937,2819,2798,1109,3
680,2108,1786,1652,1602,2515,848,936,2818,2798,1110,3
681,2093,1782,1651,1602,2517,848,937,2846,2799,1109,3
682,2091,1780,1651,1602,2518,848,936,2882,2799,1110,3
683,2096,1787,1652,1601,2517,847,937,2912,2799,1109,3
684,2074,1783,1651,1601,2516,848,938,2914,2800,1110,3
685,2090,1786,1650,1602,2516,849,938,2886,2798,1110,3
686,2090,1789,1651,1602,2518,848,938,2851,2799,1110,3
687,2089,1779,1653,1601,2516,845,938,2818,2800,1110,3
688,2110,1785,1651,1603,2517,850,937,2814,2800,1109,3
689,2094,1785,1651,1602,2518,849,937,2850,2800,1110,3
690,2092,1779,1652,1602,2518,848,938,2886,2799,1110,3
691,2093,1794,1654,1602,2518,848,937,2914,2800,1112,3
692,2060,1782,1651,1602,2518,848,937,2915,2802,1110,3
693,2083,1785,1652,1602,2518,849,938,2882,2800,1110,3
694,2092,1790,1652,1602,2519,850,937,2845,2801,1110,3
695,2093,1773,1651,1604,2517,849,931,2814,2800,1110,3
696,2090,1780,1654,1602,2518,843,936,2819,2801,1111,3
697,2118,1789,1652,1602,2519,849,940,2856,2800,1110,3
698,2095,1786,1653,1602,2526,848,937,2883,2801,1109,3
699,2093,1786,1654,1602,2518,849,937,2914,2802,1112,3
700,2091,1800,1654,1602,2518,848,942,2914,2801,1110,3
701,2101,1787,1652,1602,2519,849,938,2881,2802,1110,3
702,2061,1783,1651,1603,2518,849,937,2848,2802,1110,3
703,2090,1786,1654,1603,2511,849,939,2824,2802,1112,3
704,2092,1788,1653,1601,2518,847,938,2831,2802,1112,3
705,2095,1768,1654,1602,2518,849,938,2858,2802,1110,3
706,2090,1779,1654,1602,2518,849,938,2890,2801,1110,3
707,2083,1786,1653,1602,2518,849,938,2907,2802,1110,3
708,2106,1787,1647,1601,2518,849,938,2903,2802,1110,3
709,2094,1785,1654,1602,2520,849,939,2866,2802,1112,3
710,2093,1783,1653,1602,2519,848,938,2842,2803,1110,3
711,2094,1797,1653,1602,2520,849,940,2820,2802,1112,3
712,2097,1794,1654,1601,2518,849,940,2830,2802,1112,3
713,2101,1790,1653,1604,2519,848,938,2870,2806,1112,3
714,2075,1784,1652,1602,2520,849,942,2898,2803,1112,3
715,2091,1787,1652,1601,2520,850,938,2914,2803,1111,3
716,2092,1790,1654,1602,2518,848,940,2909,2803,1112,3
717,2094,1779,1655,1603,2520,849,938,2865,2803,1111,3
718,2094,1778,1655,1603,2519,849,937,2832,2803,1112,3
719,2089,1783,1654,1603,2519,848,940,2819,2803,1112,3
720,2126,1788,1654,1603,2520,850,939,2827,2803,1112,3
