Count,S1,S2,S3,S4,S5,S6,S7,S8,S9,S10,Flag
1,2140,1832,1712,1635,2592,856,979,2850,2875,1146,0
2,2163,1835,1714,1637,2594,854,981,2880,2876,1152,0
3,2165,1839,1714,1638,2594,855,981,2912,2872,1149,0
4,2136,1833,1714,1638,2592,855,981,2919,2875,1149,0
5,2123,1831,1713,1637,2592,854,980,2899,2875,1152,0
6,2122,1833,1712,1638,2592,854,979,2862,2875,1149,0
7,2141,1825,1714,1637,2594,854,978,2846,2875,1145,0
8,2138,1829,1713,1638,2593,854,979,2864,2875,1152,0
9,2159,1834,1712,1636,2594,856,982,2891,2875,1152,0
10,2145,1839,1712,1638,2593,860,982,2922,2876,1149,0
11,2144,1839,1712,1637,2594,856,982,2915,2875,1150,0
12,2138,1834,1713,1637,2594,856,980,2877,2875,1148,0
13,2138,1830,1713,1637,2594,854,982,2847,2874,1149,0
14,2138,1827,1714,1637,2594,855,981,2840,2878,1150,0
15,2139,1836,1713,1638,2590,854,982,2880,2876,1152,0
16,2137,1833,1714,1637,2594,854,982,2913,2876,1149,0
17,2145,1842,1714,1633,2593,855,984,2922,2877,1149,0
18,2148,1833,1715,1635,2592,854,984,2898,2878,1148,0
19,2151,1833,1704,1638,2594,854,983,2865,2877,1152,0
20,2141,1817,1714,1638,2592,856,984,2840,2876,1150,0
21,2143,1840,1714,1635,2594,856,983,2850,2875,1155,1
22,2114,1832,1715,1636,2593,857,982,2890,2876,1148,1
23,2140,1831,1714,1638,2594,853,984,2922,2877,1152,1
24,2141,1834,1715,1638,2594,855,980,2922,2877,1147,1
25,2152,1835,1710,1638,2594,857,982,2887,2878,1152,1
26,2147,1833,1714,1638,2594,854,979,2848,2878,1152,1
27,2138,1833,1714,1637,2594,857,984,2840,2875,1150,1
28,2141,1816,1715,1636,2594,856,982,2870,2876,1149,1
29,2139,1827,1714,1639,2594,857,982,2901,2877,1152,1
30,2142,1840,1715,1637,2594,858,983,2919,2876,1152,1
31,2142,1830,1714,1636,2594,857,980,2905,2876,1150,1
32,2141,1838,1714,1638,2593,856,982,2869,2878,1152,1
33,2142,1836,1714,1639,2594,856,984,2848,2878,1152,1
34,2142,1840,1716,1639,2595,856,985,2850,2880,1154,1
35,2142,1837,1715,1640,2595,855,983,2891,2878,1150,1
36,2143,1824,1714,1639,2594,855,980,2914,2877,1149,1
37,2142,1842,1715,1638,2594,856,983,2918,2880,1149,1
38,2143,1838,1715,1639,2594,854,984,2900,2878,1152,1
39,2142,1826,1715,1640,2594,856,982,2856,2878,1152,1
40,2146,1840,1715,1640,2595,857,986,2843,2881,1153,1
41,2139,1833,1716,1642,2595,854,987,2864,2882,1153,1
42,2142,1832,1715,1643,2595,857,986,2896,2880,1154,1
43,2143,1826,1717,1643,2596,856,984,2919,2881,1153,1
44,2161,1839,1716,1643,2596,856,985,2912,2880,1153,1
45,2185,1839,1718,1645,2595,855,987,2878,2883,1153,1
46,2142,1836,1716,1645,2596,856,986,2846,2882,1154,1
47,2147,1835,1716,1648,2597,856,987,2846,2883,1155,1
48,2149,1839,1716,1647,2598,856,989,2878,2882,1156,1
49,2145,1852,1717,1647,2595,858,992,2918,2883,1154,1
50,2146,1858,1718,1649,2595,856,995,2920,2883,1156,1
51,2122,1838,1717,1650,2595,856,992,2902,2885,1156,1
52,2107,1836,1717,1651,2595,857,991,2869,2886,1156,1
53,2153,1838,1718,1652,2595,855,994,2854,2891,1157,1
54,2146,1843,1719,1653,2596,857,995,2870,2886,1157,1
55,2148,1841,1720,1656,2597,855,997,2901,2888,1158,1
56,2147,1834,1720,1654,2597,857,996,2918,2888,1158,1
57,2142,1836,1719,1655,2598,856,1000,2923,2890,1159,1
58,2151,1847,1718,1657,2597,857,998,2901,2888,1160,1
59,2149,1848,1718,1662,2598,858,1002,2868,2890,1160,1
60,2148,1846,1719,1660,2599,857,1002,2859,2890,1160,1
61,2149,1835,1720,1664,2598,858,1005,2863,2891,1159,1
62,2152,1837,1721,1664,2600,856,1003,2878,2890,1162,1
63,2148,1838,1720,1667,2598,858,1003,2908,2891,1162,1
64,2152,1842,1720,1666,2598,854,1007,2923,2894,1162,1
65,2150,1843,1721,1668,2597,856,1006,2921,2893,1162,1
66,2153,1840,1721,1670,2598,856,1005,2900,2894,1164,1
67,2150,1841,1722,1670,2598,856,1006,2866,2895,1165,1
68,2151,1843,1721,1671,2595,855,1009,2866,2896,1161,1
69,2149,1842,1721,1674,2600,856,1011,2872,2896,1166,1
70,2158,1841,1722,1675,2599,855,1012,2885,2896,1166,1
71,2155,1840,1723,1675,2601,857,1011,2915,2898,1167,1
72,2143,1841,1722,1674,2601,857,1014,2929,2898,1166,1
73,2149,1844,1722,1676,2594,857,1014,2922,2898,1161,1
74,2160,1843,1723,1679,2600,855,1014,2899,2899,1167,1
75,2156,1840,1725,1679,2603,856,1014,2869,2899,1168,1
76,2144,1842,1722,1679,2600,857,1012,2866,2899,1167,1
77,2154,1843,1724,1680,2592,856,1018,2876,2901,1168,1
78,2162,1844,1728,1682,2599,855,1017,2891,2902,1170,1
79,2161,1843,1724,1682,2601,857,1017,2921,2902,1171,1
80,2150,1844,1724,1682,2595,857,1019,2932,2901,1169,1
81,2155,1844,1725,1683,2601,857,1021,2922,2903,1170,1
82,2158,1844,1725,1684,2603,857,1018,2898,2902,1169,1
83,2158,1840,1728,1685,2601,858,1021,2869,2904,1171,1
84,2155,1845,1729,1686,2600,858,1024,2863,2904,1170,1
85,2159,1847,1725,1688,2602,855,1027,2875,2903,1171,1
86,2158,1843,1730,1687,2602,856,1021,2896,2906,1172,1
87,2162,1846,1728,1687,2602,858,1027,2916,2906,1170,1
88,2159,1848,1730,1690,2604,856,1027,2922,2906,1171,1
89,2161,1849,1726,1689,2603,856,1028,2913,2906,1173,1
90,2159,1843,1728,1689,2603,857,1027,2890,2906,1171,1
91,2158,1841,1728,1690,2603,859,1028,2861,2906,1172,1
92,2160,1852,1728,1690,2603,857,1032,2865,2906,1173,1
93,2159,1832,1728,1690,2603,858,1026,2881,2907,1170,1
94,2162,1870,1730,1694,2603,856,1035,2894,2907,1172,1
95,2162,1858,1729,1693,2604,858,1030,2918,2907,1171,1
96,2162,1836,1731,1692,2604,858,1029,2923,2907,1172,1
97,2157,1841,1729,1694,2603,852,1031,2907,2907,1174,1
98,2166,1856,1730,1692,2604,857,1028,2888,2907,1173,1
99,2166,1849,1731,1694,2604,858,1032,2860,2907,1173,1
100,2148,1846,1738,1694,2604,857,1031,2863,2909,1173,1
101,2159,1849,1732,1693,2602,858,1031,2883,2908,1174,1
102,2166,1850,1731,1692,2606,858,1031,2893,2907,1175,1
103,2164,1848,1732,1694,2606,858,1031,2918,2908,1173,1
104,2160,1852,1732,1694,2606,858,1030,2927,2907,1173,1
105,2165,1854,1733,1694,2605,857,1033,2906,2907,1174,1
106,2160,1848,1733,1694,2606,857,1030,2884,2907,1172,1
107,2163,1843,1733,1691,2606,859,1027,2857,2908,1174,1
108,2161,1856,1734,1691,2606,858,1029,2854,2908,1173,1
109,2162,1840,1733,1692,2606,858,1028,2882,2909,1174,1
110,2164,1862,1731,1691,2606,858,1028,2898,2904,1171,1
111,2172,1858,1733,1690,2607,858,1026,2920,2906,1173,1
112,2160,1846,1733,1690,2607,850,1026,2927,2906,1172,1
113,2160,1850,1736,1688,2606,859,1021,2910,2906,1173,1
114,2170,1852,1733,1686,2608,857,1024,2877,2904,1171,1
115,2148,1848,1736,1687,2606,858,1020,2858,2906,1171,1
116,2182,1852,1735,1685,2607,857,1018,2866,2904,1172,1
117,2176,1848,1736,1683,2606,858,1019,2884,2904,1171,1
118,2155,1851,1734,1683,2607,858,1018,2914,2902,1171,1
119,2162,1853,1734,1682,2607,857,1018,2932,2902,1171,1
120,2163,1853,1734,1680,2606,858,1014,2927,2902,1171,1
121,2164,1850,1734,1678,2607,858,1013,2899,2901,1172,2
122,2171,1858,1739,1682,2611,859,1015,2878,2899,1171,2
123,2178,1856,1738,1678,2610,860,1013,2857,2902,1171,2
124,2170,1858,1738,1675,2610,861,1010,2861,2901,1170,2
125,2176,1856,1739,1674,2610,859,1010,2889,2900,1171,2
126,2171,1859,1740,1670,2610,859,1009,2912,2899,1169,2
127,2177,1856,1737,1668,2611,859,1007,2927,2898,1169,2
128,2170,1858,1738,1664,2612,859,1003,2924,2898,1169,2
129,2173,1858,1737,1660,2610,860,1003,2891,2898,1168,2
130,2170,1858,1739,1658,2610,858,1003,2864,2896,1168,2
131,2170,1859,1738,1655,2610,860,997,2845,2895,1168,2
132,2170,1858,1738,1654,2611,859,997,2851,2896,1167,2
133,2170,1858,1737,1648,2610,860,995,2888,2894,1167,2
134,2169,1858,1738,1647,2610,859,990,2910,2893,1166,2
135,2170,1858,1737,1646,2610,860,992,2922,2892,1166,2
136,2168,1859,1738,1641,2610,861,986,2919,2891,1166,2
137,2170,1858,1738,1641,2609,860,984,2876,2891,1163,2
138,2167,1857,1738,1638,2611,858,981,2848,2890,1165,2
139,2170,1859,1737,1635,2610,860,980,2834,2889,1164,2
140,2169,1858,1738,1634,2610,858,978,2846,2890,1163,2
141,2170,1857,1736,1629,2609,860,978,2888,2888,1162,2
142,2168,1858,1738,1627,2610,859,973,2913,2887,1163,2
143,2168,1860,1736,1626,2609,859,972,2920,2886,1162,2
144,2167,1858,1738,1621,2610,859,969,2908,2886,1162,2
145,2168,1856,1737,1622,2608,860,968,2862,2883,1161,2
146,2167,1854,1737,1618,2610,859,966,2829,2882,1161,2
147,2170,1856,1737,1617,2608,859,961,2822,2882,1160,2
148,2167,1857,1738,1614,2608,859,960,2842,2882,1160,2
149,2170,1856,1736,1611,2609,858,957,2888,2880,1158,2
150,2168,1857,1734,1609,2608,858,958,2914,2876,1158,2
151,2168,1854,1735,1607,2609,859,954,2922,2875,1158,2
152,2166,1858,1736,1606,2607,858,952,2899,2875,1157,2
153,2168,1857,1735,1602,2609,858,950,2850,2874,1155,2
154,2166,1856,1736,1602,2609,858,947,2818,2874,1155,2
155,2167,1854,1733,1597,2608,860,947,2812,2871,1155,2
156,2166,1858,1733,1596,2608,860,944,2845,2870,1153,2
157,2168,1856,1733,1594,2608,858,942,2889,2869,1155,2
158,2166,1859,1734,1594,2607,858,940,2912,2870,1154,2
159,2168,1856,1734,1590,2606,858,939,2913,2869,1155,2
160,2165,1857,1734,1590,2607,857,937,2886,2867,1153,2
161,2166,1856,1732,1589,2608,858,936,2832,2866,1154,2
162,2165,1851,1734,1586,2607,858,933,2801,2866,1154,2
163,2168,1856,1733,1583,2606,860,931,2810,2864,1149,2
164,2163,1852,1733,1583,2607,858,929,2843,2863,1153,2
165,2163,1853,1732,1582,2607,860,928,2891,2861,1150,2
166,2162,1851,1731,1580,2606,858,926,2914,2859,1148,2
167,2163,1852,1732,1578,2605,858,923,2906,2860,1147,2
168,2160,1851,1731,1576,2606,859,920,2874,2858,1149,2
169,2163,1851,1731,1576,2606,858,922,2816,2858,1147,2
170,2162,1850,1731,1574,2605,858,920,2792,2858,1147,2
171,2163,1852,1731,1573,2606,859,916,2808,2855,1146,2
172,2158,1851,1730,1571,2606,858,914,2843,2855,1146,2
173,2159,1851,1731,1569,2604,858,914,2897,2853,1146,2
174,2160,1850,1728,1568,2606,857,913,2914,2851,1146,2
175,2161,1850,1730,1566,2603,858,913,2902,2851,1146,2
176,2158,1850,1730,1564,2605,857,910,2863,2850,1145,2
177,2162,1850,1729,1564,2604,858,907,2799,2848,1144,2
178,2159,1848,1730,1563,2603,858,907,2782,2848,1142,2
179,2158,1850,1730,1562,2603,857,906,2806,2847,1144,2
180,2158,1849,1730,1560,2603,857,905,2845,2846,1144,2
181,2160,1849,1727,1560,2603,856,904,2896,2845,1142,2
182,2158,1847,1728,1558,2604,856,901,2907,2844,1142,2
183,2158,1848,1726,1558,2603,857,901,2891,2843,1143,2
184,2156,1847,1729,1556,2604,856,899,2850,2842,1141,2
185,2157,1845,1726,1556,2603,856,895,2786,2842,1139,2
186,2155,1849,1729,1555,2602,857,897,2778,2842,1139,2
187,2158,1844,1725,1552,2603,858,891,2809,2840,1139,2
188,2154,1847,1728,1554,2603,856,893,2852,2839,1138,2
189,2154,1849,1725,1552,2602,858,890,2900,2838,1138,2
190,2153,1843,1725,1550,2602,856,890,2907,2838,1139,2
191,2152,1847,1723,1551,2602,858,888,2883,2836,1138,2
192,2150,1844,1723,1549,2602,856,889,2838,2834,1137,2
193,2152,1845,1724,1547,2601,858,885,2776,2835,1135,2
194,2150,1843,1723,1548,2602,856,887,2774,2833,1138,2
195,2151,1845,1723,1547,2601,857,886,2813,2832,1135,2
196,2148,1845,1723,1547,2602,856,884,2858,2830,1137,2
197,2150,1845,1722,1546,2599,858,882,2900,2830,1135,2
198,2147,1842,1722,1546,2601,856,883,2906,2830,1135,2
199,2149,1844,1721,1546,2600,858,879,2870,2827,1135,2
200,2150,1842,1722,1544,2602,855,879,2822,2827,1135,2
201,2150,1841,1720,1545,2600,857,878,2766,2827,1135,2
202,2149,1843,1720,1542,2602,855,877,2770,2826,1135,2
203,2151,1841,1721,1542,2600,856,876,2819,2825,1134,2
204,2147,1841,1720,1541,2599,855,876,2861,2824,1133,2
205,2149,1840,1720,1542,2599,856,874,2898,2823,1131,2
206,2146,1841,1720,1539,2598,856,874,2902,2823,1131,2
207,2149,1840,1721,1539,2599,856,871,2856,2822,1131,2
208,2144,1839,1719,1538,2599,855,872,2810,2820,1131,2
209,2147,1838,1717,1538,2599,856,872,2761,2819,1131,2
210,2142,1839,1718,1540,2597,855,871,2768,2819,1130,2
211,2143,1840,1716,1538,2598,856,871,2827,2818,1131,2
212,2142,1839,1718,1538,2598,854,870,2867,2818,1130,2
213,2145,1838,1717,1537,2597,856,867,2900,2816,1129,2
214,2140,1839,1718,1536,2598,855,870,2903,2816,1130,2
215,2140,1838,1717,1536,2597,856,866,2846,2811,1130,2
216,2138,1837,1717,1536,2598,855,866,2801,2811,1126,2
217,2139,1835,1716,1534,2598,856,865,2756,2810,1130,2
218,2139,1838,1716,1533,2596,856,865,2767,2810,1127,2
219,2139,1837,1715,1532,2596,856,864,2831,2809,1128,2
220,2138,1835,1715,1536,2595,854,862,2870,2809,1126,2
221,2138,1838,1715,1531,2597,856,862,2901,2807,1128,2
222,2136,1838,1715,1532,2597,854,860,2900,2808,1127,2
223,2138,1834,1714,1531,2595,856,859,2837,2806,1126,2
224,2136,1835,1714,1531,2595,854,859,2790,2805,1127,2
225,2136,1835,1714,1530,2595,856,858,2754,2804,1124,2
226,2134,1835,1713,1531,2594,854,858,2771,2804,1126,2
227,2136,1835,1714,1531,2595,854,857,2836,2803,1124,2
228,2136,1834,1714,1531,2593,854,857,2875,2803,1124,2
229,2135,1834,1712,1530,2594,854,857,2901,2801,1124,2
230,2134,1832,1711,1530,2594,854,853,2895,2800,1124,2
231,2134,1835,1710,1529,2594,856,854,2827,2799,1126,2
232,2133,1834,1711,1529,2594,854,854,2779,2798,1123,2
233,2133,1834,1709,1530,2594,856,854,2752,2797,1123,2
234,2131,1832,1710,1530,2594,855,852,2775,2798,1124,2
235,2134,1835,1710,1529,2593,855,851,2844,2796,1122,2
236,2131,1831,1708,1530,2593,854,852,2882,2797,1123,2
237,2132,1831,1709,1530,2590,854,852,2901,2794,1123,2
238,2130,1831,1707,1528,2592,853,851,2890,2795,1123,2
239,2132,1830,1710,1529,2590,854,849,2813,2794,1119,2
240,2128,1830,1707,1529,2593,855,848,2766,2792,1122,2
241,2130,1830,1709,1530,2590,852,848,2754,2792,1122,2
242,2130,1829,1709,1530,2592,854,848,2781,2792,1121,2
243,2129,1831,1707,1528,2590,854,847,2852,2790,1118,2
244,2130,1828,1707,1528,2592,854,848,2886,2790,1119,2
245,2128,1828,1706,1530,2588,854,847,2898,2788,1120,2
246,2128,1829,1706,1529,2588,854,847,2881,2789,1119,2
247,2130,1828,1706,1529,2589,855,846,2799,2788,1118,2
248,2125,1827,1704,1529,2589,854,846,2755,2787,1118,2
249,2127,1828,1705,1530,2590,853,847,2750,2785,1117,2
250,2124,1826,1706,1530,2590,852,845,2784,2786,1117,2
251,2125,1827,1703,1530,2589,854,847,2856,2785,1118,2
252,2123,1827,1705,1529,2589,854,845,2888,2784,1117,2
253,2124,1828,1704,1527,2587,854,844,2895,2784,1116,2
254,2123,1826,1705,1528,2588,852,843,2872,2782,1117,2
255,2123,1822,1703,1529,2587,853,843,2790,2781,1117,2
256,2123,1827,1702,1529,2589,856,843,2749,2779,1115,2
257,2122,1824,1701,1530,2587,854,842,2752,2779,1115,2
258,2122,1824,1703,1530,2587,853,843,2792,2778,1115,2
259,2122,1824,1703,1528,2587,854,842,2859,2779,1114,2
260,2122,1823,1702,1530,2587,853,843,2890,2778,1114,2
261,2121,1823,1701,1530,2586,854,841,2894,2776,1114,2
262,2120,1824,1700,1529,2586,855,840,2862,2776,1114,2
263,2120,1822,1699,1531,2586,853,841,2780,2775,1114,2
264,2118,1824,1701,1530,2586,853,841,2742,2775,1115,2
265,2119,1821,1699,1530,2586,854,840,2752,2774,1114,2
266,2120,1822,1699,1530,2586,853,840,2800,2775,1114,2
267,2119,1823,1699,1530,2586,853,840,2864,2773,1114,2
268,2117,1824,1699,1530,2584,852,838,2892,2774,1112,2
269,2119,1823,1698,1530,2586,854,839,2894,2771,1114,2
270,2118,1819,1698,1530,2586,852,840,2853,2770,1113,2
271,2119,1823,1697,1530,2584,854,838,2771,2770,1112,2
272,2118,1818,1698,1531,2586,853,837,2738,2771,1112,2
273,2118,1822,1698,1530,2584,854,836,2756,2770,1111,2
274,2117,1821,1697,1530,2586,854,836,2808,2768,1110,2
275,2118,1821,1697,1531,2583,853,838,2867,2768,1112,2
276,2117,1822,1697,1531,2584,853,836,2895,2766,1110,2
277,2118,1821,1697,1531,2584,852,835,2890,2766,1112,2
278,2114,1817,1696,1532,2583,851,836,2840,2767,1110,2
279,2116,1818,1694,1533,2582,853,835,2762,2765,1110,2
280,2114,1820,1693,1531,2583,852,835,2736,2764,1110,2
281,2114,1819,1693,1533,2582,854,835,2763,2762,1111,2
282,2113,1818,1691,1533,2582,851,834,2818,2763,1110,2
283,2114,1818,1694,1531,2582,854,834,2875,2763,1107,2
284,2112,1817,1693,1532,2582,850,835,2896,2763,1109,2
285,2113,1817,1691,1532,2582,854,834,2883,2762,1109,2
286,2110,1818,1692,1534,2582,851,833,2832,2762,1107,2
287,2113,1819,1692,1532,2579,852,833,2756,2761,1108,2
288,2107,1815,1692,1533,2582,852,834,2734,2760,1107,2
289,2112,1814,1692,1533,2579,853,833,2770,2760,1106,2
290,2109,1818,1690,1536,2580,851,832,2823,2758,1107,2
291,2110,1816,1692,1536,2579,852,832,2880,2759,1104,2
292,2107,1817,1690,1534,2580,851,830,2896,2758,1107,2
293,2108,1814,1690,1538,2580,852,833,2880,2758,1107,2
294,2107,1817,1688,1536,2579,853,832,2825,2755,1106,2
295,2107,1816,1690,1538,2579,852,832,2744,2755,1106,2
296,2106,1816,1688,1538,2579,853,832,2734,2754,1106,2
297,2105,1815,1690,1538,2580,852,832,2777,2755,1106,2
298,2104,1815,1689,1538,2579,852,829,2830,2755,1105,2
299,2106,1811,1687,1539,2578,852,832,2884,2754,1106,2
300,2107,1810,1688,1538,2579,851,830,2898,2754,1105,2
301,2105,1814,1687,1539,2579,852,833,2870,2752,1104,2
302,2106,1811,1688,1540,2578,851,828,2813,2752,1103,2
303,2103,1813,1687,1540,2579,852,832,2739,2750,1106,2
304,2104,1812,1687,1541,2577,853,828,2734,2752,1104,2
305,2104,1813,1685,1539,2577,852,828,2786,2749,1103,2
306,2104,1811,1686,1540,2578,851,829,2838,2749,1103,2
307,2104,1814,1686,1540,2577,853,828,2888,2747,1103,2
308,2104,1812,1684,1541,2576,851,830,2897,2746,1103,2
309,2102,1811,1684,1540,2577,850,828,2863,2746,1105,2
310,2101,1811,1685,1542,2577,851,828,2805,2745,1102,2
311,2103,1809,1684,1542,2575,851,829,2737,2746,1103,2
312,2100,1810,1683,1544,2576,851,829,2737,2746,1102,2
313,2104,1811,1681,1543,2576,852,832,2792,2744,1102,2
314,2099,1810,1682,1543,2576,851,827,2843,2746,1103,2
315,2102,1808,1683,1543,2575,852,829,2891,2744,1102,2
316,2099,1808,1683,1544,2577,851,829,2896,2743,1101,2
317,2101,1809,1682,1544,2575,853,827,2854,2742,1102,2
318,2096,1806,1682,1544,2575,851,829,2795,2743,1101,2
319,2099,1809,1681,1546,2574,852,827,2731,2741,1102,2
320,2098,1810,1682,1545,2574,851,828,2739,2741,1102,2
321,2098,1810,1681,1546,2575,851,827,2803,2742,1101,3
322,2098,1809,1681,1546,2574,850,827,2850,2740,1100,3
323,2096,1808,1680,1546,2574,850,826,2895,2740,1100,3
324,2096,1804,1680,1546,2573,850,827,2898,2739,1099,3
325,2096,1807,1680,1546,2575,850,828,2843,2739,1101,3
326,2096,1804,1680,1548,2573,850,826,2786,2738,1100,3
327,2094,1806,1678,1546,2574,851,827,2731,2738,1099,3
328,2094,1803,1679,1550,2574,850,827,2742,2737,1100,3
329,2094,1806,1678,1547,2573,851,826,2812,2737,1099,3
330,2094,1805,1677,1548,2572,850,826,2852,2736,1099,3
331,2094,1808,1678,1548,2572,851,826,2896,2735,1099,3
332,2092,1803,1678,1549,2573,850,826,2896,2735,1100,3
333,2093,1806,1678,1550,2571,851,826,2834,2734,1098,3
334,2091,1803,1676,1550,2572,850,826,2778,2734,1100,3
335,2093,1804,1678,1548,2571,850,825,2731,2732,1098,3
336,2092,1802,1677,1550,2571,850,825,2744,2733,1098,3
337,2093,1802,1676,1550,2571,851,826,2821,2733,1098,3
338,2091,1802,1676,1552,2570,850,825,2862,2732,1098,3
339,2091,1804,1675,1552,2571,849,826,2898,2731,1098,3
340,2090,1800,1675,1552,2570,849,826,2897,2730,1097,3
341,2091,1802,1676,1552,2570,850,825,2827,2730,1097,3
342,2088,1801,1676,1554,2569,848,824,2771,2731,1097,3
343,2076,1796,1670,1547,2566,848,826,2727,2730,1096,3
344,2078,1789,1672,1551,2565,847,824,2744,2729,1097,3
345,2083,1794,1670,1552,2566,849,826,2824,2729,1096,3
346,2044,1808,1670,1557,2565,848,826,2868,2728,1098,3
347,2082,1794,1667,1558,2565,849,824,2901,2729,1095,3
348,2082,1798,1675,1563,2566,849,827,2890,2728,1097,3
349,2079,1795,1670,1566,2563,848,825,2826,2726,1097,3
350,2081,1778,1670,1570,2566,847,828,2770,2728,1098,3
351,2083,1800,1670,1574,2566,849,826,2738,2728,1098,3
352,2080,1795,1670,1578,2564,848,828,2762,2727,1099,3
353,2086,1796,1669,1582,2566,850,830,2831,2728,1096,3
354,2085,1789,1670,1588,2566,847,834,2869,2728,1100,3
355,2087,1789,1671,1592,2566,849,834,2897,2729,1099,3
356,2066,1793,1670,1600,2565,847,834,2890,2728,1099,3
357,2089,1793,1668,1604,2566,846,836,2819,2730,1098,3
358,2087,1790,1670,1609,2566,848,838,2770,2729,1098,3
359,2095,1797,1670,1611,2566,848,837,2747,2729,1099,3
360,2095,1795,1671,1616,2566,848,838,2777,2729,1099,3
361,2098,1800,1672,1618,2566,847,839,2848,2730,1101,3
362,2094,1797,1670,1621,2566,847,842,2882,2729,1100,3
363,2096,1797,1671,1624,2567,847,841,2904,2731,1099,3
364,2093,1794,1672,1624,2566,846,842,2896,2730,1098,3
365,2083,1798,1672,1624,2566,847,843,2819,2731,1100,3
366,2096,1801,1674,1624,2564,850,846,2772,2731,1099,3
367,2080,1797,1672,1624,2565,847,843,2755,2731,1099,3
368,2101,1796,1674,1624,2565,849,845,2787,2732,1101,3
369,2107,1801,1672,1622,2566,849,845,2854,2731,1099,3
370,2100,1800,1674,1620,2565,848,846,2882,2732,1100,3
371,2102,1798,1673,1618,2566,850,846,2903,2733,1099,3
372,2096,1811,1674,1618,2565,847,846,2891,2732,1100,3
373,2096,1789,1672,1615,2566,849,848,2813,2732,1102,3
374,2096,1803,1672,1614,2565,848,846,2768,2733,1101,3
375,2110,1800,1673,1611,2566,847,848,2768,2734,1101,3
376,2097,1794,1674,1610,2565,849,848,2786,2733,1102,3
377,2092,1800,1674,1608,2566,849,850,2863,2734,1100,3
378,2082,1800,1671,1607,2565,848,849,2888,2734,1102,3
379,2086,1798,1672,1606,2564,847,849,2899,2735,1102,3
380,2091,1797,1672,1602,2565,848,850,2883,2734,1100,3
381,2098,1790,1672,1602,2566,846,851,2809,2736,1102,3
382,2112,1798,1674,1600,2564,848,852,2776,2736,1102,3
383,2099,1776,1672,1600,2566,847,851,2766,2738,1103,3
384,2095,1794,1674,1597,2564,847,852,2806,2737,1102,3
385,2104,1800,1672,1594,2567,847,853,2861,2736,1102,3
386,2099,1802,1672,1594,2564,848,854,2890,2738,1103,3
387,2099,1790,1672,1592,2565,848,853,2898,2738,1102,3
388,2093,1799,1674,1592,2563,849,854,2875,2740,1103,3
389,2094,1796,1672,1590,2574,849,854,2816,2739,1102,3
390,2096,1798,1672,1589,2564,847,856,2774,2738,1103,3
391,2097,1790,1672,1588,2564,848,856,2773,2740,1104,3
392,2105,1800,1672,1587,2565,848,857,2804,2742,1104,3
393,2105,1802,1680,1588,2563,850,858,2865,2742,1104,3
394,2096,1798,1673,1586,2563,848,858,2898,2747,1104,3
395,2096,1796,1672,1585,2566,849,859,2898,2742,1104,3
396,2100,1812,1672,1585,2564,849,859,2875,2743,1105,3
397,2104,1800,1671,1583,2565,850,859,2816,2744,1104,3
398,2103,1801,1672,1582,2565,848,861,2782,2745,1105,3
399,2103,1802,1672,1583,2565,849,862,2784,2745,1106,3
400,2099,1810,1672,1582,2565,848,862,2821,2744,1105,3
401,2094,1796,1673,1582,2564,847,864,2865,2747,1102,3
402,2116,1802,1672,1581,2564,849,862,2898,2747,1106,3
403,2091,1797,1672,1582,2564,847,866,2896,2748,1106,3
404,2083,1798,1672,1579,2564,848,866,2866,2747,1105,3
405,2114,1799,1672,1578,2563,848,866,2813,2747,1106,3
406,2095,1798,1672,1580,2564,848,866,2776,2748,1105,3
407,2101,1806,1672,1579,2563,850,865,2790,2750,1106,3
408,2102,1798,1673,1578,2564,848,868,2828,2749,1106,3
409,2109,1802,1674,1577,2564,848,868,2882,2750,1106,3
410,2099,1795,1673,1578,2563,848,867,2901,2752,1106,3
411,2106,1800,1672,1578,2564,848,870,2899,2751,1106,3
412,2104,1800,1672,1578,2565,847,867,2866,2752,1106,3
413,2100,1816,1671,1576,2566,848,868,2809,2754,1106,3
414,2097,1790,1672,1576,2564,849,869,2778,2754,1106,3
415,2093,1799,1672,1576,2565,848,868,2790,2753,1107,3
416,2107,1799,1672,1576,2565,847,870,2838,2754,1108,3
417,2078,1797,1673,1574,2560,850,872,2888,2754,1110,3
418,2096,1796,1673,1574,2564,848,869,2895,2754,1107,3
419,2094,1800,1672,1574,2565,848,870,2890,2755,1106,3
420,2101,1806,1672,1573,2564,849,872,2859,2754,1106,3
421,2100,1794,1672,1574,2565,849,871,2803,2754,1107,3
422,2083,1797,1672,1572,2564,848,873,2778,2755,1107,3
423,2106,1802,1672,1572,2565,849,872,2803,2758,1108,3
424,2098,1802,1672,1571,2565,848,870,2834,2757,1108,3
425,2112,1802,1672,1571,2566,849,872,2890,2755,1106,3
426,2099,1803,1672,1571,2563,850,872,2903,2757,1107,3
427,2106,1800,1672,1571,2565,850,874,2892,2758,1107,3
428,2088,1798,1672,1571,2564,849,876,2852,2758,1106,3
429,2100,1796,1673,1570,2563,849,874,2799,2758,1107,3
430,2104,1806,1672,1566,2564,849,874,2784,2758,1107,3
431,2132,1803,1674,1569,2563,848,874,2802,2758,1107,3
432,2119,1799,1673,1570,2564,848,874,2835,2760,1110,3
433,2097,1800,1672,1570,2564,848,877,2888,2760,1109,3
434,2099,1804,1673,1568,2563,849,876,2896,2759,1108,3
435,2104,1800,1672,1566,2564,849,876,2889,2761,1108,3
436,2104,1800,1674,1566,2564,848,875,2851,2762,1109,3
437,2102,1800,1674,1566,2564,850,876,2791,2762,1108,3
438,2081,1796,1672,1564,2560,849,875,2790,2762,1108,3
439,2138,1804,1672,1565,2563,850,878,2808,2762,1108,3
440,2102,1796,1674,1565,2564,848,878,2843,2762,1108,3
441,2102,1792,1671,1566,2565,849,876,2895,2764,1108,3
442,2112,1801,1674,1563,2564,850,876,2904,2763,1108,3
443,2110,1801,1672,1564,2566,849,878,2883,2766,1110,3
444,2102,1794,1674,1568,2565,847,878,2847,2766,1110,3
445,2095,1802,1672,1565,2563,850,880,2800,2766,1113,3
446,2103,1808,1673,1566,2565,849,881,2795,2766,1111,3
447,2099,1801,1674,1564,2565,849,882,2819,2768,1110,3
448,2102,1810,1674,1566,2564,849,881,2861,2768,1112,3
449,2095,1800,1673,1564,2564,850,884,2895,2770,1110,3
450,2102,1822,1672,1566,2565,850,882,2903,2770,1110,3
451,2071,1799,1672,1565,2566,849,884,2882,2771,1111,3
452,2107,1798,1674,1568,2565,849,884,2846,2771,1111,3
453,2107,1812,1673,1566,2565,851,886,2801,2773,1112,3
454,2099,1799,1674,1568,2564,848,886,2795,2773,1112,3
455,2115,1802,1674,1570,2566,850,884,2827,2771,1112,3
456,2103,1803,1674,1570,2565,849,889,2862,2774,1112,3
457,2107,1806,1674,1570,2566,850,888,2897,2776,1112,3
458,2105,1811,1674,1570,2564,854,889,2902,2777,1113,3
459,2112,1805,1674,1571,2563,849,890,2875,2776,1112,3
460,2101,1800,1675,1571,2565,850,891,2841,2777,1113,3
461,2142,1803,1674,1573,2564,849,892,2800,2778,1112,3
462,2112,1800,1673,1574,2566,850,894,2805,2779,1114,3
463,2081,1798,1673,1576,2565,849,894,2842,2781,1114,3
464,2101,1800,1676,1578,2565,849,896,2866,2782,1114,3
465,2103,1802,1675,1578,2564,850,897,2898,2783,1114,3
466,2108,1804,1676,1579,2564,849,897,2904,2784,1115,3
467,2110,1810,1674,1578,2566,850,898,2874,2784,1116,3
468,2106,1806,1676,1582,2565,849,902,2840,2786,1116,3
469,2108,1805,1674,1582,2566,850,905,2805,2786,1116,3
470,2117,1803,1675,1583,2565,848,903,2800,2788,1116,3
471,2136,1804,1675,1584,2567,850,904,2843,2787,1116,3
472,2114,1810,1675,1584,2566,850,904,2873,2791,1115,3
473,2109,1796,1675,1585,2566,849,908,2904,2790,1118,3
474,2102,1802,1675,1586,2566,849,909,2906,2791,1118,3
475,2116,1804,1675,1587,2566,851,908,2873,2791,1117,3
476,2112,1781,1678,1588,2566,850,910,2840,2793,1117,3
477,2104,1804,1676,1589,2567,849,912,2822,2792,1118,3
478,2104,1799,1675,1590,2566,850,910,2810,2795,1118,3
479,2109,1808,1675,1591,2566,850,908,2848,2794,1118,3
480,2140,1805,1676,1592,2566,849,915,2875,2796,1118,3
481,2108,1785,1677,1603,2566,850,914,2902,2798,1120,3
482,2127,1803,1678,1594,2566,849,916,2902,2797,1121,3
483,2112,1788,1675,1594,2568,850,916,2869,2798,1122,3
484,2128,1804,1679,1596,2566,849,922,2845,2798,1120,3
485,2112,1785,1676,1605,2567,848,919,2813,2799,1120,3
486,2100,1800,1678,1597,2566,849,921,2821,2801,1121,3
487,2112,1807,1677,1598,2567,850,915,2857,2800,1120,3
488,2109,1801,1677,1600,2566,850,923,2885,2801,1121,3
489,2108,1807,1678,1602,2567,850,923,2913,2803,1123,3
490,2110,1782,1680,1602,2566,850,923,2902,2803,1120,3
491,2085,1806,1677,1602,2570,849,924,2872,2802,1122,3
492,2107,1806,1679,1604,2566,848,926,2845,2805,1121,3
493,2116,1819,1678,1603,2568,850,924,2818,2804,1123,3
494,2119,1806,1678,1606,2567,849,925,2830,2806,1122,3
495,2118,1807,1678,1604,2568,849,925,2862,2806,1123,3
496,2113,1800,1678,1606,2568,848,927,2888,2807,1123,3
497,2112,1798,1680,1606,2568,849,931,2905,2807,1123,3
498,2107,1805,1680,1607,2566,850,929,2902,2808,1123,3
499,2104,1803,1679,1607,2562,849,932,2867,2809,1123,3
500,2109,1803,1680,1608,2566,850,933,2845,2809,1123,3
501,2116,1800,1679,1607,2569,849,932,2822,2810,1126,3
502,2115,1816,1680,1610,2568,850,933,2835,2811,1124,3
503,2114,1804,1681,1610,2569,848,933,2869,2811,1124,3
504,2114,1803,1681,1610,2570,850,935,2894,2811,1125,3
505,2094,1805,1679,1611,2570,850,934,2914,2811,1124,3
506,2099,1805,1680,1611,2568,851,934,2906,2813,1126,3
507,2121,1806,1680,1612,2570,850,936,2859,2814,1126,3
508,2119,1803,1680,1612,2570,850,936,2832,2814,1126,3
509,2120,1807,1680,1612,2570,849,939,2823,2814,1125,3
510,2118,1808,1682,1614,2568,850,939,2835,2816,1126,3
511,2120,1806,1682,1614,2570,850,936,2878,2814,1126,3
512,2121,1802,1682,1614,2569,850,938,2903,2817,1127,3
513,2118,1808,1682,1614,2569,851,940,2907,2817,1126,3
514,2118,1807,1682,1615,2569,850,942,2898,2818,1128,3
515,2120,1807,1682,1616,2570,850,940,2865,2819,1128,3
516,2123,1807,1682,1615,2568,850,941,2835,2818,1128,3
517,2115,1807,1682,1616,2570,851,942,2831,2819,1128,3
518,2105,1807,1682,1615,2570,850,942,2846,2820,1128,3
519,2136,1810,1679,1615,2570,850,942,2875,2819,1127,3
520,2113,1806,1683,1617,2570,850,944,2904,2821,1128,3
521,2126,1811,1682,1616,2570,851,942,2915,2822,1128,3
522,2120,1814,1683,1618,2570,850,946,2902,2821,1128,3
523,2121,1792,1683,1616,2570,850,943,2857,2823,1127,3
524,2118,1808,1684,1618,2571,850,945,2834,2822,1128,3
525,2122,1806,1682,1618,2570,850,944,2825,2824,1128,3
526,2143,1808,1684,1618,2570,851,947,2848,2823,1129,3
527,2126,1810,1683,1618,2571,851,947,2891,2822,1129,3
528,2122,1818,1684,1619,2571,850,947,2911,2825,1130,3
529,2122,1812,1685,1619,2571,851,947,2912,2826,1128,3
530,2113,1808,1683,1619,2566,851,947,2902,2825,1128,3
531,2147,1810,1683,1620,2571,851,947,2857,2824,1130,3
532,2120,1801,1686,1620,2571,852,950,2834,2826,1129,3
533,2121,1806,1683,1620,2571,850,947,2835,2827,1129,3
534,2131,1810,1685,1621,2569,850,950,2850,2827,1130,3
535,2128,1812,1683,1619,2571,851,949,2895,2826,1130,3
536,2123,1825,1685,1620,2571,850,952,2914,2827,1129,3
537,2120,1812,1685,1619,2571,851,951,2911,2827,1129,3
538,2131,1811,1685,1622,2572,851,952,2895,2828,1130,3
539,2121,1802,1686,1622,2571,846,953,2854,2830,1130,3
540,2119,1813,1684,1622,2571,850,952,2841,2830,1131,3
541,2152,1814,1685,1621,2571,851,952,2834,2828,1130,3
542,2123,1789,1686,1622,2572,851,950,2858,2830,1132,3
543,2124,1810,1685,1620,2571,851,952,2892,2830,1130,3
544,2116,1808,1686,1622,2572,850,954,2910,2830,1131,3
545,2121,1807,1685,1622,2573,850,952,2915,2830,1131,3
546,2147,1814,1686,1623,2571,851,952,2888,2831,1132,3
547,2124,1820,1685,1623,2573,851,954,2855,2831,1131,3
548,2131,1811,1686,1624,2572,852,956,2837,2832,1132,3
549,2128,1814,1687,1622,2574,851,953,2843,2832,1131,3
550,2120,1810,1686,1624,2572,851,954,2867,2832,1134,3
551,2131,1813,1688,1622,2574,853,954,2902,2832,1131,3
552,2121,1809,1687,1624,2573,851,956,2918,2834,1132,3
553,2087,1811,1687,1623,2573,851,957,2912,2833,1132,3
554,2121,1810,1688,1624,2573,850,955,2891,2834,1129,3
555,2097,1812,1686,1622,2574,851,955,2851,2834,1132,3
556,2123,1809,1688,1623,2572,852,955,2834,2834,1134,3
557,2093,1812,1687,1622,2574,851,956,2843,2834,1134,3
558,2124,1811,1688,1623,2573,852,956,2868,2834,1132,3
559,2135,1815,1688,1623,2574,851,956,2903,2835,1132,3
560,2125,1811,1688,1624,2573,852,957,2918,2835,1134,3
561,2128,1817,1689,1624,2574,852,955,2912,2836,1133,3
562,2126,1813,1688,1624,2575,852,960,2882,2836,1133,3
563,2130,1821,1687,1625,2574,858,958,2849,2836,1133,3
564,2137,1814,1689,1624,2573,850,958,2830,2838,1134,3
565,2126,1829,1688,1626,2574,850,961,2848,2838,1134,3
566,2120,1810,1690,1626,2573,851,960,2866,2837,1134,3
567,2127,1812,1690,1626,2574,851,961,2909,2838,1134,3
568,2123,1805,1690,1626,2572,852,963,2911,2838,1135,3
569,2133,1816,1689,1624,2578,852,958,2903,2838,1133,3
570,2126,1818,1689,1626,2574,852,962,2881,2839,1134,3
571,2120,1814,1690,1624,2574,851,962,2840,2839,1134,3
572,2120,1813,1691,1625,2568,851,962,2838,2840,1134,3
573,2126,1804,1691,1626,2574,851,961,2846,2839,1135,3
574,2132,1814,1689,1626,2574,852,962,2874,2841,1134,3
575,2125,1817,1691,1626,2574,852,963,2915,2840,1133,3
576,2126,1828,1690,1626,2575,851,962,2918,2840,1134,3
577,2088,1813,1690,1626,2575,851,962,2905,2841,1134,3
578,2131,1818,1691,1627,2576,851,963,2874,2841,1134,3
579,2126,1832,1690,1625,2574,851,962,2843,2842,1136,3
580,2124,1822,1692,1627,2574,850,961,2838,2842,1134,3
581,2133,1816,1690,1626,2578,853,962,2848,2842,1136,3
582,2124,1818,1691,1626,2575,851,966,2874,2843,1136,3
583,2125,1812,1691,1625,2575,843,964,2906,2843,1135,3
584,2141,1818,1691,1627,2575,851,963,2919,2843,1136,3
585,2126,1817,1691,1626,2575,853,963,2905,2843,1136,3
586,2128,1814,1692,1626,2575,851,964,2864,2842,1135,3
587,2131,1820,1691,1626,2576,851,963,2842,2843,1136,3
588,2162,1818,1693,1626,2576,852,966,2832,2843,1135,3
589,2129,1815,1692,1627,2576,851,964,2853,2845,1136,3
590,2126,1819,1691,1627,2575,852,966,2880,2845,1137,3
591,2128,1811,1691,1626,2576,853,966,2909,2845,1136,3
592,2131,1818,1691,1627,2574,852,964,2918,2845,1136,3
593,2118,1816,1697,1627,2578,853,966,2899,2845,1136,3
594,2130,1816,1693,1626,2576,853,966,2866,2844,1136,3
595,2129,1813,1691,1627,2577,852,964,2842,2847,1136,3
596,2125,1806,1693,1627,2575,852,965,2834,2846,1136,3
597,2125,1816,1692,1627,2578,853,967,2859,2847,1136,3
598,2089,1815,1693,1626,2576,853,968,2886,2848,1138,3
599,2125,1818,1692,1627,2574,853,966,2919,2848,1136,3
600,2131,1816,1694,1627,2576,852,966,2910,2846,1138,3
601,2129,1814,1694,1629,2577,853,966,2896,2849,1136,3
602,2130,1803,1694,1630,2577,852,964,2866,2848,1138,3
603,2126,1814,1694,1629,2576,854,966,2836,2848,1136,3
604,2135,1819,1693,1627,2577,853,966,2838,2850,1137,3
605,2107,1819,1693,1629,2576,852,966,2867,2848,1137,3
606,2146,1820,1696,1628,2576,853,969,2882,2849,1138,3
607,2131,1818,1694,1629,2578,853,966,2910,2850,1138,3
608,2130,1821,1694,1629,2577,852,968,2922,2850,1138,3
609,2130,1822,1695,1630,2576,852,968,2889,2850,1137,3
610,2129,1814,1696,1628,2577,853,970,2870,2848,1138,3
611,2134,1826,1694,1624,2578,852,966,2839,2850,1138,3
612,2128,1811,1696,1629,2576,854,970,2838,2851,1136,3
613,2128,1818,1695,1629,2578,854,968,2864,2850,1138,3
614,2134,1821,1696,1629,2578,852,968,2890,2850,1138,3
615,2095,1820,1695,1629,2578,853,968,2918,2851,1138,3
616,2156,1821,1697,1630,2577,852,968,2914,2851,1140,3
617,2147,1820,1696,1628,2579,853,968,2886,2853,1140,3
618,2109,1818,1696,1630,2578,853,970,2867,2851,1140,3
619,2125,1819,1696,1630,2578,852,969,2841,2851,1138,3
620,2139,1819,1690,1630,2578,852,969,2833,2851,1140,3
621,2136,1822,1697,1629,2579,853,968,2863,2852,1139,3
622,2120,1822,1697,1630,2579,853,970,2896,2854,1140,3
623,2133,1822,1696,1630,2579,851,970,2921,2851,1140,3
624,2134,1820,1697,1630,2584,852,969,2913,2854,1139,3
625,2134,1819,1698,1630,2578,853,969,2883,2853,1139,3
626,2123,1821,1697,1632,2570,853,969,2866,2853,1139,3
627,2131,1823,1697,1630,2578,853,970,2840,2853,1140,3
628,2134,1818,1698,1633,2587,852,970,2835,2854,1140,3
629,2136,1820,1698,1630,2579,852,970,2867,2854,1140,3
630,2122,1818,1697,1630,2579,851,972,2898,2855,1141,3
631,2125,1818,1697,1629,2578,853,970,2919,2854,1140,3
632,2144,1822,1700,1631,2578,853,970,2910,2854,1139,3
633,2139,1822,1695,1632,2579,853,970,2881,2854,1139,3
634,2105,1816,1698,1632,2579,852,970,2862,2856,1140,3
635,2108,1821,1697,1630,2579,853,972,2840,2854,1140,3
636,2125,1819,1699,1632,2579,852,972,2840,2856,1142,3
637,2123,1818,1699,1633,2579,851,972,2872,2855,1140,3
638,2135,1829,1699,1632,2579,852,972,2899,2856,1140,3
639,2136,1826,1698,1633,2579,852,972,2920,2856,1139,3
640,2131,1810,1699,1635,2580,854,971,2909,2856,1142,3
641,2131,1810,1699,1641,2579,853,970,2880,2856,1142,3
642,2131,1818,1699,1634,2579,852,970,2858,2856,1141,3
643,2131,1818,1698,1632,2580,853,972,2841,2858,1142,3
644,2131,1825,1701,1633,2579,853,972,2842,2856,1140,3
645,2131,1826,1699,1634,2580,853,972,2883,2857,1141,3
646,2144,1825,1694,1634,2580,854,973,2898,2856,1142,3
647,2146,1825,1699,1634,2581,853,974,2914,2858,1142,3
648,2138,1826,1699,1634,2581,853,974,2914,2858,1142,3
649,2137,1825,1700,1634,2580,854,972,2880,2858,1142,3
650,2131,1810,1700,1634,2580,852,973,2851,2858,1142,3
651,2132,1805,1701,1632,2579,854,975,2840,2858,1141,3
652,2131,1819,1700,1634,2581,852,972,2846,2859,1141,3
653,2133,1822,1701,1633,2581,853,972,2877,2858,1142,3
654,2115,1818,1710,1634,2581,852,972,2907,2858,1141,3
655,2114,1820,1700,1633,2582,853,972,2919,2858,1142,3
656,2128,1817,1702,1634,2581,851,973,2909,2858,1144,3
657,2130,1818,1701,1634,2580,854,973,2875,2859,1142,3
658,2131,1818,1700,1634,2581,853,973,2855,2860,1143,3
659,2134,1824,1701,1634,2580,853,973,2842,2858,1141,3
660,2122,1821,1701,1634,2582,852,972,2851,2861,1143,3
661,2118,1822,1702,1634,2582,854,974,2887,2859,1142,3
662,2129,1821,1702,1634,2583,853,974,2904,2859,1142,3
663,2132,1816,1702,1635,2582,852,974,2915,2859,1142,3
664,2132,1821,1702,1634,2581,852,971,2914,2862,1142,3
665,2134,1822,1700,1633,2582,852,972,2870,2859,1144,3
666,2112,1819,1702,1634,2582,852,974,2853,2860,1144,3
667,2099,1822,1701,1634,2582,852,973,2843,2860,1142,3
668,2134,1814,1702,1634,2582,852,972,2848,2862,1143,3
669,2134,1830,1702,1634,2582,853,975,2883,2862,1142,3
670,2138,1825,1702,1628,2582,853,975,2908,2861,1144,3
671,2146,1827,1691,1634,2582,853,974,2915,2860,1142,3
672,2139,1827,1702,1634,2582,852,976,2913,2862,1142,3
673,2138,1837,1702,1634,2582,853,976,2878,2860,1142,3
674,2133,1826,1703,1635,2582,853,976,2855,2861,1144,3
675,2132,1826,1702,1634,2584,852,974,2843,2862,1144,3
676,2129,1822,1702,1634,2583,852,974,2851,2862,1144,3
677,2134,1821,1702,1635,2583,853,978,2889,2862,1144,3
678,2135,1822,1703,1635,2582,852,976,2917,2862,1145,3
679,2139,1828,1702,1633,2586,853,976,2918,2862,1144,3
680,2139,1827,1704,1634,2582,852,976,2912,2864,1144,3
681,2138,1834,1702,1632,2582,853,974,2874,2862,1142,3
682,2133,1828,1704,1635,2584,853,976,2854,2864,1144,3
683,2130,1826,1703,1635,2584,853,972,2840,2864,1144,3
684,2130,1822,1703,1634,2582,854,975,2851,2864,1143,3
685,2135,1814,1703,1634,2584,853,975,2887,2864,1143,3
686,2135,1822,1705,1635,2584,851,976,2910,2864,1144,3
687,2146,1829,1706,1635,2584,853,976,2918,2863,1144,3
688,2137,1831,1703,1636,2584,853,976,2910,2864,1145,3
689,2134,1822,1704,1635,2584,854,976,2874,2863,1140,3
690,2124,1825,1703,1634,2582,854,975,2846,2864,1146,3
691,2142,1828,1704,1635,2584,854,974,2842,2864,1144,3
692,2136,1835,1704,1634,2584,853,976,2854,2865,1144,3
693,2135,1830,1704,1635,2583,854,976,2899,2864,1145,3
694,2131,1824,1705,1637,2584,852,978,2913,2865,1145,3
695,2136,1820,1703,1638,2584,854,978,2919,2864,1144,3
696,2136,1824,1707,1636,2584,853,976,2899,2864,1146,3
697,2152,1830,1705,1634,2584,853,976,2867,2864,1144,3
698,2138,1836,1705,1635,2584,854,978,2850,2865,1146,3
699,2136,1826,1705,1637,2583,853,976,2845,2865,1144,3
700,2108,1827,1706,1635,2584,853,978,2862,2865,1146,3
701,2139,1834,1705,1635,2584,853,976,2897,2864,1146,3
702,2136,1827,1706,1635,2589,854,975,2909,2866,1145,3
703,2120,1827,1704,1635,2585,853,978,2923,2866,1146,3
704,2138,1817,1705,1635,2585,853,976,2902,2866,1146,3
705,2136,1828,1704,1636,2585,853,978,2875,2866,1146,3
706,2130,1827,1706,1636,2585,853,978,2843,2866,1145,3
707,2138,1818,1705,1635,2584,854,975,2839,2866,1144,3
708,2144,1828,1706,1635,2590,852,978,2860,2866,1145,3
709,2131,1827,1706,1635,2584,854,977,2895,2867,1145,3
710,2135,1826,1706,1637,2585,853,977,2918,2866,1146,3
711,2147,1832,1706,1636,2584,852,977,2918,2867,1144,3
712,2138,1832,1706,1637,2584,853,978,2904,2868,1144,3
713,2139,1825,1707,1636,2586,853,976,2870,2866,1146,3
714,2098,1826,1706,1638,2585,853,978,2846,2870,1146,3
715,2142,1836,1707,1634,2586,852,978,2846,2866,1146,3
716,2130,1828,1706,1638,2587,851,980,2866,2866,1147,3
717,2146,1831,1707,1635,2586,854,978,2902,2866,1146,3
718,2135,1830,1707,1636,2585,853,978,2923,2868,1146,3
719,2127,1828,1711,1635,2587,853,976,2921,2866,1146,3
720,2137,1814,1707,1637,2586,853,974,2895,2866,1148,3
