Count,S1,S2,S3,S4,S5,S6,S7,S8,S9,S10,Flag
1,2032,1749,1587,1559,2434,835,904,2868,2722,1070,0
2,2031,1746,1587,1557,2436,835,904,2906,2722,1072,0
3,2026,1748,1589,1560,2435,835,906,2904,2723,1071,0
4,2021,1746,1587,1559,2433,836,906,2859,2722,1071,0
5,2014,1746,1587,1557,2434,834,903,2807,2721,1072,0
6,2029,1751,1589,1559,2434,836,904,2794,2723,1071,0
7,2026,1747,1588,1558,2435,835,905,2838,2722,1076,0
8,2024,1743,1590,1558,2436,834,906,2888,2722,1072,0
9,2024,1739,1588,1558,2434,836,905,2902,2722,1071,0
10,1989,1743,1587,1560,2435,836,906,2891,2722,1071,0
11,2023,1749,1588,1559,2435,835,905,2840,2722,1072,0
12,2025,1745,1589,1558,2434,834,904,2798,2723,1073,0
13,2022,1746,1589,1558,2436,835,907,2810,2723,1072,0
14,2026,1751,1588,1558,2436,835,906,2855,2723,1072,0
15,2026,1750,1589,1558,2435,836,906,2895,2723,1071,0
16,2021,1742,1590,1558,2434,835,906,2901,2724,1072,0
17,2026,1738,1589,1557,2434,835,905,2863,2723,1072,0
18,2026,1735,1589,1556,2435,835,905,2810,2724,1072,0
19,2054,1728,1590,1558,2434,832,905,2794,2723,1072,0
20,2021,1746,1589,1560,2435,836,907,2824,2722,1073,0
21,2030,1747,1589,1558,2438,836,904,2872,2726,1071,1
22,2042,1746,1590,1557,2435,835,907,2902,2723,1071,1
23,2049,1729,1589,1560,2435,836,907,2891,2724,1072,1
24,2024,1743,1589,1558,2436,836,903,2846,2723,1071,1
25,2026,1742,1587,1558,2436,835,905,2802,2723,1072,1
26,1994,1743,1588,1557,2437,835,904,2802,2723,1072,1
27,2011,1745,1589,1558,2435,836,904,2849,2723,1072,1
28,2018,1748,1589,1558,2435,835,902,2891,2723,1072,1
29,2023,1739,1590,1558,2435,832,906,2901,2725,1073,1
30,2019,1746,1590,1558,2435,836,906,2874,2720,1073,1
31,2031,1741,1590,1559,2436,835,904,2826,2726,1072,1
32,2031,1754,1588,1558,2435,834,906,2797,2725,1073,1
33,2038,1750,1589,1557,2435,836,905,2819,2725,1073,1
34,2028,1726,1590,1559,2436,835,901,2864,2726,1074,1
35,2022,1742,1590,1560,2438,835,906,2901,2724,1072,1
36,2031,1742,1590,1559,2437,835,906,2903,2726,1072,1
37,2032,1752,1589,1558,2437,835,906,2857,2726,1073,1
38,2010,1746,1590,1559,2437,835,906,2803,2726,1074,1
39,2024,1740,1590,1560,2437,834,907,2794,2726,1074,1
40,2044,1748,1590,1560,2438,835,907,2842,2725,1074,1
41,2034,1751,1589,1561,2438,836,907,2892,2726,1074,1
42,2020,1747,1589,1560,2436,837,908,2907,2726,1074,1
43,2028,1750,1590,1562,2436,836,908,2886,2728,1076,1
44,2032,1749,1589,1562,2438,836,909,2831,2727,1074,1
45,2031,1756,1590,1563,2438,837,916,2804,2726,1074,1
46,2027,1752,1590,1563,2438,836,910,2812,2728,1075,1
47,2027,1737,1592,1565,2438,835,910,2860,2730,1075,1
48,2045,1751,1590,1564,2437,836,911,2904,2729,1075,1
49,2035,1750,1592,1567,2438,836,911,2907,2730,1076,1
50,2026,1748,1591,1570,2438,835,912,2874,2730,1077,1
51,2043,1748,1592,1569,2439,836,912,2817,2730,1076,1
52,2029,1746,1592,1570,2438,836,912,2806,2731,1074,1
53,2037,1752,1591,1570,2438,836,914,2840,2736,1077,1
54,2028,1739,1592,1572,2440,837,915,2878,2733,1078,1
55,2040,1750,1586,1572,2439,836,913,2904,2731,1077,1
56,2001,1747,1593,1574,2440,835,914,2899,2734,1078,1
57,2029,1752,1592,1574,2439,835,918,2846,2734,1078,1
58,2030,1743,1593,1575,2438,837,918,2807,2735,1079,1
59,2033,1757,1593,1574,2438,836,918,2817,2735,1079,1
60,2019,1751,1602,1577,2440,835,920,2862,2736,1081,1
61,2063,1732,1594,1579,2440,835,920,2897,2738,1080,1
62,2031,1746,1593,1579,2440,836,920,2910,2737,1080,1
63,2040,1752,1594,1581,2438,836,920,2880,2739,1081,1
64,2030,1743,1594,1582,2440,832,921,2831,2739,1080,1
65,2036,1751,1594,1583,2443,835,921,2809,2739,1082,1
66,2023,1748,1596,1583,2441,836,925,2838,2738,1082,1
67,2035,1754,1595,1586,2441,835,918,2873,2740,1084,1
68,2034,1754,1594,1587,2441,833,925,2909,2742,1083,1
69,2044,1750,1595,1587,2441,836,928,2903,2742,1083,1
70,2033,1753,1595,1587,2440,835,930,2859,2743,1084,1
71,2035,1750,1595,1588,2440,834,930,2819,2744,1084,1
72,2039,1755,1596,1587,2442,836,929,2818,2744,1085,1
73,2035,1744,1596,1590,2442,837,932,2853,2746,1086,1
74,2042,1751,1596,1592,2442,836,930,2890,2745,1086,1
75,2038,1759,1596,1591,2442,836,930,2912,2746,1085,1
76,2036,1742,1594,1592,2443,836,931,2888,2747,1085,1
77,2048,1734,1587,1592,2442,835,931,2842,2746,1086,1
78,2016,1752,1598,1595,2443,835,933,2818,2747,1088,1
79,2038,1760,1598,1595,2443,836,939,2828,2748,1089,1
80,2058,1734,1601,1595,2442,834,936,2871,2750,1089,1
81,2008,1752,1596,1595,2443,836,935,2910,2749,1088,1
82,2041,1760,1600,1596,2444,838,935,2905,2750,1088,1
83,2064,1737,1597,1597,2443,837,936,2869,2750,1088,1
84,2035,1752,1600,1600,2442,836,938,2831,2752,1089,1
85,2042,1760,1601,1601,2443,836,940,2823,2753,1090,1
86,2040,1752,1601,1600,2443,836,938,2855,2754,1090,1
87,2050,1740,1601,1602,2444,836,938,2891,2754,1090,1
88,2040,1761,1600,1602,2443,838,939,2914,2754,1091,1
89,2040,1756,1598,1602,2443,836,938,2901,2755,1091,1
90,2048,1737,1602,1601,2443,838,940,2856,2754,1090,1
91,2035,1751,1600,1603,2445,837,942,2818,2755,1092,1
92,2040,1754,1602,1603,2445,838,942,2832,2755,1090,1
93,2053,1741,1603,1604,2446,837,942,2874,2754,1091,1
94,2036,1754,1602,1604,2443,837,944,2906,2757,1091,1
95,2042,1754,1602,1604,2445,836,939,2914,2758,1091,1
96,2042,1759,1603,1604,2446,836,944,2880,2758,1092,1
97,2032,1752,1603,1604,2445,836,943,2832,2757,1091,1
98,2043,1754,1603,1606,2445,836,943,2823,2758,1093,1
99,2043,1761,1602,1607,2446,837,943,2842,2758,1093,1
100,2038,1755,1602,1606,2442,836,945,2891,2758,1091,1
101,2048,1738,1603,1606,2454,835,944,2909,2758,1092,1
102,2032,1755,1603,1608,2447,836,943,2914,2758,1094,1
103,2054,1738,1604,1608,2445,836,945,2877,2757,1093,1
104,2027,1754,1603,1606,2448,837,944,2852,2756,1092,1
105,2059,1739,1604,1606,2447,837,943,2817,2756,1091,1
106,2018,1755,1603,1606,2447,836,945,2827,2758,1091,1
107,2066,1743,1604,1607,2447,836,942,2859,2757,1092,1
108,2007,1754,1603,1606,2448,836,943,2893,2758,1093,1
109,2082,1742,1604,1606,2447,836,945,2912,2758,1093,1
110,2053,1743,1606,1604,2449,837,941,2913,2754,1092,1
111,2037,1757,1606,1606,2446,837,942,2867,2757,1091,1
112,2052,1745,1606,1603,2448,838,940,2840,2754,1092,1
113,2040,1758,1606,1602,2449,837,939,2811,2754,1092,1
114,2051,1747,1600,1602,2447,837,941,2826,2756,1092,1
115,2040,1756,1606,1602,2447,835,940,2865,2754,1094,1
116,2052,1746,1606,1602,2447,837,937,2899,2754,1093,1
117,2042,1755,1606,1598,2447,838,937,2910,2753,1091,1
118,2051,1747,1606,1598,2448,844,937,2908,2754,1092,1
119,2040,1751,1606,1596,2448,828,936,2856,2752,1092,1
120,2045,1768,1606,1594,2448,843,934,2827,2753,1092,1
121,2043,1750,1607,1592,2449,838,932,2805,2752,1091,2
122,2054,1747,1610,1600,2452,838,936,2825,2752,1091,2
123,2054,1746,1610,1593,2452,839,933,2872,2752,1090,2
124,2057,1748,1610,1592,2452,839,931,2899,2752,1091,2
125,2054,1746,1610,1589,2452,839,931,2912,2750,1091,2
126,2054,1748,1608,1586,2452,839,929,2902,2747,1091,2
127,2054,1747,1609,1585,2451,840,928,2848,2747,1091,2
128,2054,1748,1610,1582,2450,840,928,2811,2746,1090,2
129,2054,1746,1610,1578,2451,840,924,2801,2748,1090,2
130,2054,1748,1610,1576,2452,839,922,2822,2747,1090,2
131,2054,1748,1610,1573,2452,838,921,2873,2746,1088,2
132,2051,1747,1610,1571,2451,839,920,2904,2746,1086,2
133,2051,1745,1610,1571,2453,839,917,2910,2744,1088,2
134,2052,1745,1610,1567,2452,838,917,2893,2743,1086,2
135,2051,1745,1611,1565,2452,838,915,2835,2743,1086,2
136,2051,1746,1609,1562,2451,840,912,2795,2741,1084,2
137,2052,1747,1609,1562,2451,840,911,2794,2739,1086,2
138,2053,1746,1610,1560,2451,838,909,2822,2740,1085,2
139,2054,1746,1610,1555,2450,840,907,2875,2738,1083,2
140,2053,1746,1609,1553,2451,839,905,2902,2738,1083,2
141,2052,1746,1608,1553,2450,839,907,2907,2738,1083,2
142,2052,1747,1608,1551,2450,839,903,2882,2735,1081,2
143,2051,1747,1608,1548,2451,838,902,2819,2734,1082,2
144,2053,1747,1609,1547,2449,838,901,2782,2734,1082,2
145,2052,1745,1610,1545,2450,838,897,2786,2734,1081,2
146,2052,1746,1608,1543,2449,838,893,2824,2732,1081,2
147,2052,1744,1608,1541,2448,838,891,2880,2731,1080,2
148,2051,1745,1607,1538,2449,840,892,2903,2730,1080,2
149,2052,1744,1608,1537,2450,838,889,2902,2730,1079,2
150,2051,1743,1604,1536,2450,839,886,2866,2727,1080,2
151,2052,1745,1609,1532,2448,837,885,2800,2728,1080,2
152,2050,1744,1606,1531,2449,839,884,2768,2726,1080,2
153,2051,1743,1606,1529,2449,840,884,2786,2724,1078,2
154,2050,1743,1606,1527,2449,838,880,2829,2725,1078,2
155,2051,1745,1607,1528,2450,838,879,2882,2723,1078,2
156,2050,1743,1607,1525,2448,838,879,2902,2722,1078,2
157,2051,1744,1607,1523,2448,836,875,2893,2722,1076,2
158,2050,1744,1606,1520,2448,839,874,2851,2720,1077,2
159,2050,1744,1606,1520,2448,838,873,2780,2719,1076,2
160,2048,1743,1604,1518,2448,839,872,2758,2718,1074,2
161,2052,1745,1606,1517,2448,838,872,2785,2717,1075,2
162,2049,1742,1606,1514,2448,838,867,2830,2714,1074,2
163,2050,1743,1606,1514,2448,839,868,2885,2714,1075,2
164,2050,1743,1604,1512,2447,838,865,2900,2714,1075,2
165,2048,1742,1606,1512,2447,838,863,2886,2712,1074,2
166,2046,1762,1606,1511,2446,838,865,2838,2712,1074,2
167,2048,1741,1606,1509,2446,838,861,2765,2710,1072,2
168,2046,1761,1606,1506,2447,838,859,2748,2710,1071,2
169,2045,1760,1604,1507,2446,838,859,2786,2709,1072,2
170,2051,1740,1605,1506,2445,837,857,2834,2708,1070,2
171,2048,1741,1606,1503,2446,836,857,2888,2707,1071,2
172,2048,1739,1604,1502,2447,836,856,2898,2706,1071,2
173,2044,1758,1603,1502,2446,837,855,2876,2706,1071,2
174,2044,1760,1603,1502,2446,837,852,2824,2703,1070,2
175,2045,1758,1603,1499,2445,837,850,2752,2702,1069,2
176,2046,1757,1603,1498,2445,836,851,2744,2702,1070,2
177,2046,1758,1603,1497,2444,835,849,2792,2701,1069,2
178,2043,1758,1602,1497,2445,837,846,2838,2699,1069,2
179,2043,1757,1602,1496,2444,836,847,2888,2698,1068,2
180,2043,1755,1603,1494,2443,835,846,2894,2698,1067,2
181,2040,1758,1602,1494,2446,837,846,2864,2696,1066,2
182,2043,1754,1602,1493,2446,838,843,2805,2694,1069,2
183,2041,1756,1602,1493,2443,835,842,2738,2695,1067,2
184,2043,1754,1602,1491,2443,836,842,2738,2694,1066,2
185,2042,1757,1601,1491,2445,836,841,2794,2693,1067,2
186,2043,1757,1598,1491,2444,837,840,2846,2690,1066,2
187,2042,1758,1601,1490,2443,834,838,2890,2691,1066,2
188,2042,1755,1601,1490,2443,836,839,2894,2690,1066,2
189,2040,1754,1600,1489,2442,836,839,2851,2688,1065,2
190,2038,1753,1602,1488,2443,837,835,2790,2688,1064,2
191,2038,1755,1597,1487,2442,838,835,2731,2685,1064,2
192,2038,1754,1600,1486,2442,836,834,2740,2684,1065,2
193,2037,1752,1595,1485,2442,838,829,2803,2682,1066,2
194,2038,1755,1597,1486,2442,836,833,2851,2682,1064,2
195,2035,1752,1600,1485,2443,835,833,2891,2682,1065,2
196,2035,1753,1598,1484,2444,835,829,2891,2681,1063,2
197,2035,1753,1595,1482,2442,837,828,2837,2680,1062,2
198,2034,1755,1594,1484,2442,837,828,2779,2678,1062,2
199,2034,1753,1595,1482,2442,837,826,2726,2679,1061,2
200,2038,1752,1596,1482,2442,835,826,2738,2678,1061,2
201,2035,1753,1597,1482,2442,835,826,2811,2678,1061,2
202,2037,1753,1595,1482,2441,835,825,2855,2675,1061,2
203,2034,1750,1595,1482,2441,835,824,2891,2675,1061,2
204,2036,1754,1594,1482,2441,836,824,2890,2674,1060,2
205,2034,1752,1595,1480,2441,835,823,2825,2673,1061,2
206,2035,1752,1595,1480,2440,835,821,2768,2672,1060,2
207,2034,1751,1595,1480,2441,835,822,2723,2671,1060,2
208,2035,1753,1594,1481,2439,837,820,2739,2670,1058,2
209,2033,1753,1595,1480,2440,835,819,2819,2670,1060,2
210,2031,1752,1594,1480,2439,836,818,2859,2670,1059,2
211,2029,1751,1593,1479,2439,836,818,2893,2666,1058,2
212,2030,1750,1592,1478,2440,836,817,2888,2666,1059,2
213,2030,1748,1593,1480,2438,834,817,2811,2666,1058,2
214,2030,1748,1592,1478,2440,835,816,2755,2666,1059,2
215,2028,1747,1592,1478,2440,834,814,2718,2666,1057,2
216,2027,1748,1591,1477,2439,835,816,2742,2662,1056,2
217,2028,1747,1592,1477,2438,835,814,2819,2664,1057,2
218,2027,1747,1591,1476,2438,836,814,2861,2661,1055,2
219,2029,1747,1591,1476,2437,835,814,2888,2662,1055,2
220,2026,1748,1590,1475,2438,837,814,2883,2659,1056,2
221,2026,1745,1591,1478,2439,835,812,2798,2659,1058,2
222,2026,1746,1590,1476,2438,835,810,2742,2658,1056,2
223,2028,1748,1590,1477,2436,833,812,2716,2658,1057,2
224,2026,1746,1590,1476,2438,835,811,2747,2658,1054,2
225,2026,1747,1590,1478,2438,835,811,2829,2657,1055,2
226,2026,1746,1590,1478,2438,834,809,2866,2655,1054,2
227,2024,1747,1589,1475,2436,835,810,2890,2654,1053,2
228,2022,1746,1587,1477,2436,835,809,2874,2651,1053,2
229,2024,1744,1588,1477,2437,834,808,2785,2654,1051,2
230,2022,1746,1587,1476,2437,834,807,2731,2650,1052,2
231,2024,1744,1589,1477,2435,835,806,2719,2651,1053,2
232,2026,1746,1587,1476,2436,834,809,2755,2650,1051,2
233,2024,1745,1588,1476,2435,835,808,2835,2650,1052,2
234,2022,1745,1586,1476,2435,834,806,2872,2647,1054,2
235,2024,1746,1585,1476,2435,834,805,2890,2646,1053,2
236,2021,1744,1585,1475,2434,835,805,2865,2646,1051,2
237,2024,1746,1587,1475,2434,834,804,2771,2646,1050,2
238,2020,1745,1585,1476,2434,834,803,2723,2646,1050,2
239,2020,1743,1586,1476,2434,834,804,2721,2646,1051,2
240,2024,1743,1585,1477,2434,833,804,2762,2643,1051,2
241,2020,1745,1584,1476,2434,834,804,2844,2642,1050,2
242,2022,1744,1584,1476,2435,834,804,2875,2642,1050,2
243,2021,1742,1583,1475,2433,834,802,2884,2641,1050,2
244,2021,1742,1584,1476,2433,834,803,2856,2641,1049,2
245,2019,1743,1584,1477,2434,834,802,2762,2641,1050,2
246,2022,1741,1583,1477,2432,834,802,2714,2640,1048,2
247,2019,1742,1584,1477,2434,834,802,2725,2640,1049,2
248,2022,1739,1584,1478,2433,832,801,2770,2638,1050,2
249,2018,1740,1582,1478,2432,834,802,2850,2638,1048,2
250,2017,1740,1584,1478,2432,832,802,2880,2637,1049,2
251,2018,1740,1582,1479,2432,834,802,2886,2636,1048,2
252,2017,1741,1582,1479,2430,832,801,2846,2635,1049,2
253,2016,1741,1580,1478,2430,832,800,2752,2634,1048,2
254,2016,1740,1582,1477,2429,834,798,2706,2634,1047,2
255,2015,1740,1580,1479,2432,833,800,2727,2632,1048,2
256,2016,1739,1581,1480,2430,833,798,2779,2634,1047,2
257,2016,1739,1579,1477,2428,834,798,2855,2631,1046,2
258,2014,1737,1581,1480,2430,832,797,2883,2632,1047,2
259,2013,1735,1579,1479,2430,834,798,2885,2630,1047,2
260,2012,1737,1580,1481,2429,833,799,2833,2630,1046,2
261,2013,1737,1579,1479,2428,833,797,2740,2629,1046,2
262,2011,1736,1579,1480,2430,835,798,2706,2627,1046,2
263,2014,1738,1578,1481,2427,835,797,2731,2628,1045,2
264,2011,1736,1580,1481,2429,833,797,2790,2627,1045,2
265,2013,1738,1578,1481,2428,835,798,2859,2626,1045,2
266,2011,1736,1579,1481,2427,834,795,2884,2626,1044,2
267,2010,1737,1578,1482,2428,832,796,2877,2626,1044,2
268,2011,1738,1580,1482,2427,832,795,2821,2626,1045,2
269,2010,1735,1577,1483,2427,833,796,2732,2624,1046,2
270,2010,1736,1578,1482,2428,832,795,2703,2624,1043,2
271,2011,1735,1578,1482,2426,832,795,2741,2624,1043,2
272,2009,1737,1577,1482,2427,834,793,2799,2620,1042,2
273,2010,1735,1576,1483,2426,833,794,2864,2619,1042,2
274,2010,1734,1576,1483,2426,833,794,2884,2619,1043,2
275,2009,1734,1575,1483,2427,833,794,2871,2617,1043,2
276,2008,1733,1577,1485,2426,833,793,2807,2619,1043,2
277,2008,1733,1578,1484,2426,832,795,2721,2618,1043,2
278,2010,1735,1576,1484,2426,832,793,2703,2616,1043,2
279,2008,1733,1576,1484,2424,833,793,2748,2618,1042,2
280,2006,1734,1574,1486,2426,832,794,2811,2615,1042,2
281,2006,1734,1575,1486,2424,832,794,2869,2615,1043,2
282,2006,1733,1574,1487,2424,834,794,2888,2613,1042,2
283,2003,1733,1574,1486,2424,832,795,2864,2614,1042,2
284,2006,1731,1574,1487,2424,832,793,2797,2614,1042,2
285,2006,1734,1572,1486,2424,834,794,2715,2611,1041,2
286,2003,1732,1573,1488,2424,833,794,2702,2611,1040,2
287,2006,1734,1572,1488,2422,834,791,2757,2611,1041,2
288,2006,1729,1573,1489,2423,830,793,2818,2611,1041,2
289,2006,1732,1573,1489,2422,832,792,2872,2610,1041,2
290,2004,1732,1571,1490,2424,833,794,2890,2608,1040,2
291,2005,1732,1572,1489,2422,830,793,2855,2610,1040,2
292,2003,1729,1572,1489,2423,832,792,2786,2609,1039,2
293,2002,1728,1571,1490,2423,832,792,2707,2607,1039,2
294,2002,1733,1571,1490,2422,833,792,2707,2606,1038,2
295,2006,1731,1572,1491,2421,834,793,2767,2607,1040,2
296,2003,1729,1572,1491,2422,832,790,2825,2606,1039,2
297,2002,1728,1570,1491,2421,832,791,2877,2606,1039,2
298,2001,1735,1569,1494,2422,832,792,2888,2603,1039,2
299,2006,1728,1570,1492,2421,833,791,2843,2605,1036,2
300,2002,1729,1570,1493,2422,829,791,2775,2603,1039,2
301,2002,1730,1570,1494,2420,830,791,2703,2603,1040,2
302,2003,1729,1570,1494,2421,832,792,2709,2603,1039,2
303,2003,1731,1570,1493,2421,832,790,2778,2602,1038,2
304,2002,1725,1570,1494,2420,829,792,2834,2602,1038,2
305,2000,1729,1568,1494,2420,829,792,2883,2602,1039,2
306,1999,1725,1568,1496,2420,833,790,2886,2599,1039,2
307,1999,1725,1568,1496,2420,833,792,2833,2600,1038,2
308,2000,1729,1567,1498,2419,832,792,2764,2598,1036,2
309,2002,1728,1565,1495,2419,830,792,2700,2599,1037,2
310,1995,1724,1568,1498,2420,830,790,2712,2598,1038,2
311,1999,1723,1566,1498,2419,828,791,2789,2599,1037,2
312,1995,1723,1566,1498,2419,829,791,2841,2597,1037,2
313,1996,1723,1564,1498,2420,829,790,2885,2598,1038,2
314,1995,1724,1566,1499,2418,829,790,2885,2597,1037,2
315,1996,1724,1565,1499,2418,829,791,2822,2596,1036,2
316,1994,1723,1564,1499,2418,827,790,2753,2595,1036,2
317,1995,1723,1563,1500,2418,829,792,2699,2594,1037,2
318,1995,1721,1563,1501,2418,828,790,2717,2594,1036,2
319,1998,1723,1563,1501,2417,828,789,2799,2594,1037,2
320,1996,1724,1566,1500,2416,830,789,2848,2594,1037,2
321,1994,1721,1564,1503,2417,829,792,2886,2592,1037,3
322,1990,1716,1560,1496,2411,827,799,2888,2592,1035,3
323,1986,1695,1560,1500,2412,834,790,2807,2592,1036,3
324,1989,1718,1560,1504,2411,827,790,2746,2590,1035,3
325,1984,1717,1560,1506,2412,826,790,2697,2590,1034,3
326,1985,1718,1560,1509,2413,825,792,2718,2590,1037,3
327,2013,1719,1559,1508,2412,826,792,2805,2589,1038,3
328,1986,1716,1560,1515,2412,827,791,2856,2590,1037,3
329,1988,1718,1559,1519,2412,828,792,2884,2590,1036,3
330,1974,1716,1560,1523,2411,827,792,2886,2589,1036,3
331,1994,1715,1558,1525,2412,827,792,2796,2589,1036,3
332,1986,1726,1559,1530,2410,826,792,2739,2588,1038,3
333,1986,1721,1558,1534,2412,828,794,2712,2590,1035,3
334,2025,1720,1559,1542,2412,828,794,2736,2589,1037,3
335,2026,1720,1559,1546,2413,827,796,2820,2589,1038,3
336,1984,1715,1560,1549,2413,830,797,2862,2590,1038,3
337,1979,1720,1560,1552,2413,826,797,2886,2589,1037,3
338,1991,1714,1560,1557,2413,827,801,2883,2592,1038,3
339,1955,1715,1562,1560,2413,827,800,2800,2592,1038,3
340,1990,1708,1561,1561,2413,828,802,2748,2590,1039,3
341,1992,1710,1560,1565,2415,828,802,2721,2590,1039,3
342,1993,1709,1561,1563,2413,828,802,2747,2590,1038,3
343,1975,1718,1561,1567,2413,827,803,2824,2590,1038,3
344,1994,1730,1562,1566,2413,826,804,2864,2592,1038,3
345,1995,1707,1564,1569,2413,826,805,2894,2592,1039,3
346,1995,1733,1562,1568,2414,826,806,2880,2592,1039,3
347,1967,1716,1563,1566,2414,826,806,2798,2594,1038,3
348,1995,1705,1562,1564,2412,827,807,2750,2594,1038,3
349,1996,1713,1562,1564,2413,827,806,2729,2594,1039,3
350,1996,1714,1562,1563,2411,827,808,2762,2594,1039,3
351,1995,1722,1562,1562,2413,828,808,2832,2594,1041,3
352,1975,1718,1562,1561,2413,827,808,2870,2594,1039,3
353,1997,1713,1562,1559,2413,828,810,2894,2594,1040,3
354,1998,1713,1562,1558,2413,827,810,2880,2594,1039,3
355,1999,1722,1561,1555,2413,828,810,2798,2594,1040,3
356,1996,1707,1561,1552,2412,828,809,2737,2594,1041,3
357,2008,1720,1562,1551,2412,828,810,2733,2594,1042,3
358,2002,1722,1562,1550,2414,827,812,2764,2595,1040,3
359,1981,1717,1560,1547,2412,828,809,2841,2595,1042,3
360,1998,1720,1562,1550,2413,826,810,2874,2596,1040,3
361,1997,1720,1562,1547,2412,827,813,2888,2597,1041,3
362,1994,1722,1562,1546,2411,826,812,2869,2598,1041,3
363,1978,1715,1563,1542,2413,826,811,2784,2597,1041,3
364,2001,1718,1560,1542,2412,827,814,2738,2596,1041,3
365,2001,1716,1562,1541,2412,826,812,2740,2598,1042,3
366,1995,1713,1560,1539,2411,827,815,2770,2598,1041,3
367,2003,1718,1560,1538,2412,827,816,2848,2598,1042,3
368,2010,1720,1562,1538,2412,828,818,2886,2600,1042,3
369,1974,1719,1562,1537,2414,827,816,2889,2600,1041,3
370,2020,1716,1560,1531,2412,827,815,2867,2599,1040,3
371,2000,1720,1560,1531,2412,827,817,2790,2600,1044,3
372,1999,1723,1562,1531,2412,827,815,2737,2600,1042,3
373,2035,1720,1562,1532,2411,827,815,2746,2601,1042,3
374,1997,1722,1562,1530,2412,829,816,2781,2602,1042,3
375,2002,1720,1561,1528,2412,828,817,2858,2602,1045,3
376,1982,1719,1560,1528,2411,827,819,2883,2602,1043,3
377,1991,1720,1560,1526,2412,828,815,2888,2602,1042,3
378,1996,1722,1561,1527,2411,827,818,2859,2603,1043,3
379,1992,1719,1561,1527,2411,828,817,2780,2603,1044,3
380,1987,1718,1561,1527,2411,827,812,2736,2602,1042,3
381,2002,1719,1561,1526,2412,827,821,2746,2604,1044,3
382,1998,1726,1560,1524,2412,827,818,2797,2605,1043,3
383,2004,1719,1562,1524,2412,827,821,2862,2606,1043,3
384,1993,1717,1561,1524,2412,828,820,2885,2604,1043,3
385,1989,1718,1561,1523,2411,826,822,2888,2606,1043,3
386,1998,1728,1560,1522,2412,828,820,2858,2606,1043,3
387,1994,1716,1561,1522,2411,828,821,2775,2607,1045,3
388,1980,1716,1560,1519,2410,827,822,2738,2607,1044,3
389,2008,1718,1562,1521,2412,828,820,2760,2606,1044,3
390,1991,1718,1560,1520,2411,828,815,2796,2607,1044,3
391,2007,1718,1562,1520,2412,827,826,2866,2608,1042,3
392,1986,1716,1562,1519,2412,828,822,2886,2608,1044,3
393,2040,1720,1556,1518,2417,828,822,2882,2609,1038,3
394,2002,1723,1560,1518,2412,828,822,2850,2608,1043,3
395,2001,1725,1560,1517,2411,822,824,2771,2610,1045,3
396,2010,1718,1562,1516,2411,827,824,2744,2610,1044,3
397,2003,1728,1562,1515,2412,827,824,2766,2610,1044,3
398,1992,1718,1561,1515,2412,829,826,2806,2610,1044,3
399,1998,1713,1560,1514,2413,827,823,2867,2610,1044,3
400,2014,1719,1560,1514,2412,827,822,2891,2609,1044,3
401,1998,1716,1561,1514,2412,829,822,2886,2611,1043,3
402,2002,1721,1562,1513,2412,826,824,2841,2611,1043,3
403,1968,1714,1561,1512,2413,826,823,2770,2610,1045,3
404,1994,1717,1561,1512,2413,827,825,2739,2611,1044,3
405,1998,1721,1562,1512,2412,827,826,2766,2611,1044,3
406,2001,1720,1562,1510,2412,828,822,2822,2612,1043,3
407,2000,1722,1560,1510,2411,828,824,2871,2612,1044,3
408,2002,1721,1562,1510,2413,827,823,2890,2611,1043,3
409,1998,1720,1560,1510,2413,827,826,2875,2612,1045,3
410,1987,1719,1559,1507,2411,828,824,2830,2611,1044,3
411,2004,1721,1561,1508,2411,828,824,2764,2612,1044,3
412,2001,1725,1559,1507,2412,828,824,2746,2613,1043,3
413,1998,1715,1560,1507,2410,828,825,2778,2614,1044,3
414,2008,1718,1561,1508,2413,827,826,2826,2613,1045,3
415,1995,1714,1560,1507,2411,829,826,2874,2614,1045,3
416,1998,1722,1561,1504,2412,830,824,2889,2614,1045,3
417,2004,1720,1561,1504,2413,828,826,2880,2614,1044,3
418,1996,1716,1560,1505,2412,829,827,2830,2615,1043,3
419,1993,1716,1562,1507,2411,830,826,2755,2616,1045,3
420,1999,1721,1562,1504,2414,827,818,2742,2616,1044,3
421,2002,1726,1563,1504,2411,828,826,2785,2616,1046,3
422,2012,1722,1560,1504,2419,828,825,2824,2617,1046,3
423,1998,1721,1562,1505,2411,827,819,2875,2617,1046,3
424,2000,1730,1560,1504,2411,828,826,2894,2619,1046,3
425,1995,1716,1562,1502,2412,827,826,2869,2619,1046,3
426,1986,1718,1562,1503,2411,829,830,2826,2619,1046,3
427,2001,1716,1560,1503,2411,828,828,2762,2620,1046,3
428,1998,1723,1560,1504,2411,829,828,2747,2620,1046,3
429,1999,1713,1560,1503,2411,829,832,2790,2621,1046,3
430,2000,1703,1562,1503,2412,828,830,2832,2622,1048,3
431,2002,1734,1561,1499,2411,830,832,2885,2622,1048,3
432,2000,1707,1561,1505,2412,821,832,2887,2625,1047,3
433,2000,1736,1562,1506,2411,827,830,2867,2626,1048,3
434,2000,1724,1562,1506,2412,829,832,2816,2626,1048,3
435,2000,1715,1561,1506,2413,830,842,2762,2627,1046,3
436,1998,1722,1562,1506,2411,828,838,2754,2627,1047,3
437,2013,1721,1562,1506,2413,828,834,2792,2628,1048,3
438,1978,1720,1560,1506,2412,829,836,2843,2629,1047,3
439,1999,1713,1561,1508,2413,829,837,2882,2630,1048,3
440,2000,1718,1560,1509,2413,829,838,2891,2630,1047,3
441,1994,1720,1561,1509,2412,830,838,2857,2631,1047,3
442,1990,1718,1562,1510,2412,828,838,2810,2632,1048,3
443,1999,1731,1560,1506,2412,829,840,2763,2632,1049,3
444,1998,1720,1562,1512,2413,828,841,2759,2634,1049,3
445,1995,1718,1562,1512,2412,829,842,2802,2634,1050,3
446,2000,1717,1562,1514,2412,829,843,2850,2636,1049,3
447,1974,1720,1564,1512,2413,828,843,2890,2638,1050,3
448,2000,1704,1562,1518,2413,828,844,2888,2637,1050,3
449,2016,1722,1563,1514,2420,830,843,2853,2638,1049,3
450,2002,1734,1562,1516,2412,833,846,2816,2639,1050,3
451,1984,1720,1562,1516,2414,832,845,2770,2640,1050,3
452,2001,1731,1562,1517,2413,832,847,2766,2641,1050,3
453,1997,1720,1562,1516,2414,832,848,2816,2641,1050,3
454,2003,1722,1562,1519,2413,829,849,2858,2642,1050,3
455,2008,1725,1561,1518,2414,830,847,2892,2642,1050,3
456,1992,1720,1562,1520,2405,829,850,2897,2643,1051,3
457,2003,1723,1562,1522,2413,829,850,2851,2643,1051,3
458,2000,1717,1563,1522,2414,828,852,2812,2645,1052,3
459,2020,1723,1563,1521,2413,830,852,2767,2645,1052,3
460,2006,1719,1563,1522,2415,827,852,2776,2646,1051,3
461,2006,1734,1564,1521,2413,836,853,2828,2647,1052,3
462,2010,1723,1562,1525,2413,829,853,2862,2648,1052,3
463,1987,1718,1562,1525,2414,829,854,2896,2648,1052,3
464,2003,1726,1563,1525,2413,828,857,2892,2649,1052,3
465,2006,1724,1563,1526,2414,829,853,2848,2650,1053,3
466,2006,1708,1564,1526,2413,828,859,2810,2650,1052,3
467,2002,1715,1564,1527,2413,828,858,2770,2647,1053,3
468,2002,1722,1564,1529,2414,828,857,2774,2650,1054,3
469,2042,1728,1563,1526,2414,830,859,2828,2651,1054,3
470,2026,1722,1563,1528,2416,832,859,2867,2650,1052,3
471,2020,1722,1564,1530,2417,828,859,2890,2654,1053,3
472,2013,1720,1566,1530,2415,829,859,2890,2654,1055,3
473,2014,1719,1564,1530,2414,832,862,2843,2654,1053,3
474,2010,1718,1564,1530,2414,829,862,2804,2654,1056,3
475,2010,1721,1563,1531,2414,829,864,2770,2655,1055,3
476,2011,1722,1564,1531,2414,829,862,2778,2656,1053,3
477,2019,1723,1565,1531,2416,830,862,2831,2657,1054,3
478,2021,1722,1564,1531,2414,829,864,2863,2657,1057,3
479,2031,1723,1555,1530,2415,832,863,2892,2659,1056,3
480,2042,1724,1563,1534,2414,832,867,2890,2659,1054,3
481,2003,1722,1565,1533,2414,830,866,2845,2659,1054,3
482,2003,1715,1566,1534,2415,830,867,2806,2661,1054,3
483,2008,1712,1566,1536,2415,829,867,2778,2661,1054,3
484,2010,1728,1566,1536,2415,829,860,2786,2661,1054,3
485,2008,1728,1566,1536,2415,829,870,2838,2662,1061,3
486,2000,1723,1566,1538,2417,829,870,2875,2661,1056,3
487,1971,1724,1565,1536,2416,832,870,2899,2662,1056,3
488,2014,1732,1566,1538,2416,828,868,2894,2662,1056,3
489,2010,1723,1568,1538,2416,829,872,2844,2664,1056,3
490,2007,1721,1568,1539,2417,829,870,2806,2664,1057,3
491,2028,1724,1566,1538,2415,828,872,2776,2665,1058,3
492,2003,1719,1568,1539,2416,830,872,2791,2660,1056,3
493,2010,1731,1568,1539,2416,830,870,2843,2666,1057,3
494,2006,1725,1568,1539,2416,830,873,2886,2666,1055,3
495,2015,1726,1568,1538,2417,828,873,2899,2666,1058,3
496,2009,1737,1566,1540,2417,830,872,2891,2666,1057,3
497,2010,1722,1568,1541,2415,832,873,2840,2667,1057,3
498,2039,1728,1569,1541,2416,829,873,2798,2668,1058,3
499,2009,1712,1566,1546,2416,830,874,2779,2668,1057,3
500,2008,1729,1568,1541,2416,829,876,2801,2668,1057,3
501,2018,1730,1568,1539,2417,832,873,2856,2670,1055,3
502,2008,1723,1568,1540,2417,832,875,2886,2669,1058,3
503,2026,1728,1568,1541,2417,829,876,2894,2670,1058,3
504,2009,1718,1569,1542,2416,825,877,2886,2670,1058,3
505,2007,1726,1568,1542,2416,830,877,2838,2672,1058,3
506,2016,1731,1569,1542,2418,832,876,2799,2671,1057,3
507,2011,1724,1568,1542,2417,832,876,2786,2672,1054,3
508,2002,1725,1569,1543,2416,829,878,2799,2672,1058,3
509,2011,1730,1570,1542,2418,832,878,2854,2672,1058,3
510,2019,1728,1568,1542,2418,830,878,2890,2674,1060,3
511,2013,1720,1570,1544,2417,832,878,2899,2673,1059,3
512,1999,1724,1570,1544,2418,832,880,2886,2673,1058,3
513,2013,1733,1570,1544,2417,832,879,2827,2674,1059,3
514,2016,1728,1570,1544,2418,832,878,2797,2675,1060,3
515,2015,1722,1571,1544,2418,832,878,2787,2675,1058,3
516,2006,1724,1570,1544,2418,830,879,2806,2675,1059,3
517,2009,1733,1570,1544,2418,830,880,2866,2675,1059,3
518,2013,1736,1569,1544,2418,832,880,2893,2675,1059,3
519,2025,1729,1571,1544,2422,832,879,2893,2675,1060,3
520,2011,1710,1570,1544,2418,829,882,2883,2676,1061,3
521,1974,1725,1570,1544,2419,832,883,2832,2677,1059,3
522,2010,1726,1571,1544,2418,830,880,2795,2678,1057,3
523,2010,1723,1571,1544,2420,830,882,2787,2678,1058,3
524,2002,1731,1570,1545,2419,829,882,2819,2678,1060,3
525,2011,1725,1571,1546,2418,829,886,2868,2678,1060,3
526,2010,1725,1573,1544,2418,829,883,2894,2675,1060,3
527,2006,1730,1570,1546,2418,829,882,2905,2680,1058,3
528,2011,1720,1570,1544,2418,832,886,2886,2680,1061,3
529,2008,1728,1570,1547,2419,829,884,2824,2680,1060,3
530,2001,1728,1572,1546,2414,829,884,2797,2680,1059,3
531,2014,1722,1571,1546,2419,832,890,2792,2680,1061,3
532,2008,1723,1571,1545,2419,832,885,2816,2681,1060,3
533,1998,1729,1580,1546,2420,829,884,2873,2682,1060,3
534,2012,1725,1570,1546,2418,832,884,2899,2681,1059,3
535,2015,1720,1572,1546,2419,833,886,2898,2681,1062,3
536,2017,1730,1570,1546,2420,830,884,2882,2682,1061,3
537,2023,1728,1572,1546,2421,832,883,2819,2682,1063,3
538,2011,1732,1572,1547,2419,829,886,2789,2683,1062,3
539,2019,1737,1571,1544,2420,832,885,2794,2682,1059,3
540,2008,1729,1572,1546,2420,833,886,2821,2683,1060,3
541,2002,1730,1572,1548,2422,832,887,2875,2684,1061,3
542,2012,1726,1572,1547,2419,829,886,2900,2684,1062,3
543,2018,1712,1572,1547,2419,832,884,2898,2684,1060,3
544,2016,1734,1573,1547,2421,830,885,2875,2684,1062,3
545,2050,1714,1572,1546,2420,833,886,2819,2685,1062,3
546,2002,1730,1572,1547,2421,829,888,2792,2685,1062,3
547,2018,1730,1572,1547,2420,832,886,2798,2686,1062,3
548,2013,1733,1572,1547,2420,832,888,2826,2686,1062,3
549,2019,1738,1572,1547,2420,833,888,2876,2686,1062,3
550,2011,1730,1574,1547,2420,830,890,2898,2686,1062,3
551,1977,1731,1574,1546,2420,833,887,2901,2685,1062,3
552,2027,1732,1575,1547,2419,832,886,2866,2686,1061,3
553,2010,1731,1573,1547,2419,833,889,2822,2686,1063,3
554,2014,1726,1573,1549,2420,832,886,2792,2689,1063,3
555,2014,1737,1576,1547,2420,832,888,2795,2690,1061,3
556,2013,1744,1574,1548,2420,832,890,2835,2690,1064,3
557,2012,1723,1573,1548,2422,827,888,2876,2689,1061,3
558,2019,1734,1574,1548,2421,832,889,2902,2690,1062,3
559,2008,1730,1574,1548,2420,829,888,2896,2691,1063,3
560,1987,1730,1574,1548,2421,830,889,2868,2691,1064,3
561,2033,1733,1570,1546,2421,832,887,2808,2690,1064,3
562,2003,1733,1574,1550,2421,830,890,2792,2690,1062,3
563,2023,1733,1575,1547,2422,832,888,2797,2690,1061,3
564,2010,1733,1574,1550,2421,832,889,2841,2691,1064,3
565,2018,1732,1574,1549,2422,832,889,2878,2690,1062,3
566,2013,1737,1573,1547,2422,832,890,2907,2691,1064,3
567,2017,1731,1575,1550,2421,832,888,2898,2692,1065,3
568,2014,1735,1574,1550,2421,830,890,2862,2692,1064,3
569,2016,1731,1574,1550,2423,833,888,2810,2692,1064,3
570,2013,1736,1574,1550,2421,833,891,2786,2693,1066,3
571,2018,1728,1576,1549,2422,832,890,2806,2694,1064,3
572,2014,1734,1574,1550,2422,833,892,2836,2694,1070,3
573,2019,1730,1574,1550,2422,832,889,2890,2694,1061,3
574,2014,1734,1575,1550,2422,833,892,2898,2694,1065,3
575,2020,1730,1574,1550,2422,832,888,2897,2694,1063,3
576,2014,1734,1575,1549,2422,833,891,2857,2694,1063,3
577,2020,1726,1576,1550,2421,834,891,2810,2694,1066,3
578,2011,1734,1576,1550,2422,832,891,2794,2694,1066,3
579,2023,1731,1576,1550,2422,833,891,2802,2695,1064,3
580,2008,1731,1574,1547,2418,833,891,2845,2695,1064,3
581,2029,1734,1576,1549,2424,832,890,2886,2696,1066,3
582,1997,1731,1584,1550,2423,834,890,2904,2696,1065,3
583,2038,1735,1574,1550,2424,833,892,2891,2697,1064,3
584,2023,1731,1575,1551,2424,833,892,2862,2696,1066,3
585,2014,1730,1576,1550,2422,833,893,2802,2694,1064,3
586,2019,1739,1576,1550,2424,833,893,2792,2697,1064,3
587,2019,1723,1576,1550,2423,834,892,2806,2696,1066,3
588,2016,1751,1576,1550,2423,833,898,2846,2698,1066,3
589,2022,1739,1574,1550,2422,834,894,2888,2697,1064,3
590,2018,1732,1577,1548,2422,834,891,2906,2698,1064,3
591,2014,1736,1577,1550,2422,833,893,2896,2697,1065,3
592,2027,1734,1578,1550,2424,832,892,2854,2698,1066,3
593,1991,1731,1576,1550,2423,833,893,2806,2698,1065,3
594,2011,1734,1576,1551,2424,834,894,2788,2694,1066,3
595,2020,1739,1576,1551,2424,832,892,2817,2698,1066,3
596,2018,1720,1578,1550,2423,834,890,2844,2698,1066,3
597,2018,1730,1575,1552,2424,833,894,2896,2699,1064,3
598,2017,1736,1578,1550,2423,832,894,2901,2698,1066,3
599,2027,1736,1579,1550,2423,834,893,2886,2699,1062,3
600,1979,1734,1578,1551,2424,834,896,2856,2701,1066,3
601,2016,1732,1578,1551,2424,834,894,2795,2701,1065,3
602,2017,1746,1576,1552,2424,833,898,2792,2699,1066,3
603,2019,1739,1577,1551,2424,834,898,2812,2701,1067,3
604,2019,1734,1578,1553,2424,832,897,2846,2702,1066,3
605,2007,1736,1577,1550,2424,834,893,2899,2701,1066,3
606,2010,1734,1578,1552,2424,832,894,2900,2702,1066,3
607,2020,1741,1577,1552,2424,832,897,2890,2702,1066,3
608,2018,1738,1579,1551,2424,833,898,2848,2702,1066,3
609,2023,1734,1578,1551,2424,834,898,2792,2702,1066,3
610,2000,1734,1587,1552,2424,834,897,2794,2702,1067,3
611,2012,1732,1579,1552,2424,834,897,2816,2703,1067,3
612,2019,1746,1578,1553,2424,834,898,2858,2703,1067,3
613,2019,1738,1578,1554,2424,833,898,2894,2702,1066,3
614,2028,1737,1579,1551,2434,834,894,2898,2703,1066,3
615,2018,1735,1578,1551,2425,834,897,2886,2704,1066,3
616,2018,1728,1578,1551,2425,834,898,2842,2703,1067,3
617,2019,1734,1579,1552,2424,834,898,2800,2704,1067,3
618,2013,1739,1579,1551,2422,832,898,2797,2703,1066,3
619,2058,1719,1578,1551,2424,834,899,2819,2704,1067,3
620,2020,1746,1580,1552,2424,834,898,2861,2704,1067,3
621,2017,1739,1579,1554,2424,834,898,2896,2704,1069,3
622,2029,1738,1579,1552,2424,834,896,2900,2706,1066,3
623,2025,1736,1579,1554,2425,832,898,2882,2704,1066,3
624,2018,1721,1579,1552,2425,834,898,2846,2705,1067,3
625,2019,1735,1580,1552,2425,834,897,2792,2706,1067,3
626,1994,1734,1579,1551,2425,834,898,2794,2705,1067,3
627,2018,1731,1579,1554,2425,825,899,2822,2705,1067,3
628,2018,1734,1580,1551,2425,834,898,2864,2705,1066,3
629,2010,1737,1579,1554,2426,834,900,2902,2706,1067,3
630,2020,1734,1579,1550,2425,834,896,2899,2706,1067,3
631,2020,1762,1581,1554,2426,833,904,2882,2707,1066,3
632,2016,1737,1580,1551,2425,834,899,2842,2707,1068,3
633,2014,1735,1579,1553,2426,834,900,2791,2701,1067,3
634,2021,1750,1579,1553,2426,834,902,2796,2706,1067,3
635,2020,1741,1580,1552,2425,834,900,2833,2708,1067,3
636,2014,1735,1580,1552,2425,835,899,2859,2708,1067,3
637,2021,1750,1579,1554,2426,835,899,2902,2706,1067,3
638,2020,1739,1579,1551,2425,835,898,2906,2707,1066,3
639,2010,1736,1579,1554,2426,834,899,2870,2707,1068,3
640,2022,1759,1580,1552,2426,833,907,2840,2708,1067,3
641,2016,1738,1580,1552,2425,834,899,2796,2708,1068,3
642,2018,1734,1580,1552,2426,834,900,2790,2709,1068,3
643,2019,1735,1581,1552,2427,834,898,2835,2709,1068,3
644,2013,1737,1580,1553,2427,833,902,2867,2709,1068,3
645,2016,1733,1581,1554,2427,827,900,2898,2709,1067,3
646,2023,1736,1582,1553,2426,834,900,2906,2709,1068,3
647,2002,1738,1580,1553,2426,833,900,2872,2708,1068,3
648,2019,1724,1580,1561,2426,834,901,2832,2710,1067,3
649,2022,1736,1580,1553,2426,833,900,2790,2710,1067,3
650,2025,1743,1581,1552,2427,834,901,2796,2709,1067,3
651,2019,1742,1582,1554,2426,835,902,2834,2710,1070,3
652,2034,1738,1581,1554,2426,833,902,2864,2710,1068,3
653,2022,1747,1583,1548,2427,833,901,2905,2711,1068,3
654,2017,1741,1581,1552,2426,834,899,2906,2709,1069,3
655,2018,1738,1579,1553,2426,834,898,2865,2710,1067,3
656,2026,1741,1582,1553,2427,833,902,2834,2710,1069,3
657,1994,1734,1582,1552,2427,833,900,2794,2710,1069,3
658,2021,1717,1582,1554,2428,833,890,2790,2712,1068,3
659,2029,1738,1582,1554,2429,834,901,2834,2712,1068,3
660,2024,1748,1581,1553,2428,842,901,2872,2710,1068,3
661,2018,1742,1582,1554,2427,834,904,2906,2712,1069,3
662,2016,1738,1582,1554,2427,833,899,2908,2712,1070,3
663,2020,1736,1580,1554,2427,834,901,2867,2712,1070,3
664,1991,1736,1582,1552,2427,834,901,2832,2712,1070,3
665,2021,1747,1582,1554,2427,834,902,2790,2711,1070,3
666,2032,1739,1584,1554,2427,834,901,2790,2713,1068,3
667,2023,1749,1581,1554,2427,835,901,2843,2711,1067,3
668,2012,1741,1584,1554,2427,833,900,2874,2712,1070,3
669,2019,1732,1582,1552,2428,835,902,2900,2713,1067,3
670,2024,1739,1582,1554,2429,833,900,2899,2714,1070,3
671,2026,1744,1584,1554,2428,833,902,2864,2712,1071,3
672,2021,1739,1582,1555,2428,833,904,2832,2714,1070,3
673,2017,1739,1584,1552,2429,834,902,2788,2713,1069,3
674,2021,1737,1582,1550,2427,834,900,2790,2713,1069,3
675,2028,1742,1583,1554,2428,834,902,2844,2714,1070,3
676,2021,1745,1583,1554,2428,835,901,2869,2713,1068,3
677,2018,1741,1584,1554,2429,835,902,2899,2710,1070,3
678,2022,1736,1582,1554,2429,834,902,2906,2714,1070,3
679,2028,1740,1583,1554,2428,834,902,2865,2712,1068,3
680,2023,1742,1584,1554,2429,834,902,2822,2714,1070,3
681,2016,1739,1583,1554,2429,834,902,2790,2715,1070,3
682,2021,1738,1584,1554,2429,834,902,2800,2714,1068,3
683,2027,1742,1582,1553,2428,834,902,2846,2714,1070,3
684,2021,1745,1584,1553,2428,835,903,2882,2714,1070,3
685,2018,1739,1583,1555,2429,836,904,2900,2714,1068,3
686,2022,1738,1583,1554,2429,834,900,2898,2715,1070,3
687,2026,1744,1584,1554,2432,836,904,2862,2715,1070,3
688,2019,1745,1584,1552,2428,834,902,2827,2715,1069,3
689,2019,1736,1586,1554,2429,835,902,2791,2714,1070,3
690,2026,1742,1584,1555,2436,834,902,2794,2714,1070,3
691,2025,1750,1583,1555,2432,834,904,2850,2715,1070,3
692,2012,1739,1584,1555,2429,833,903,2882,2715,1070,3
693,2025,1728,1584,1554,2428,835,896,2899,2715,1070,3
694,2042,1742,1585,1554,2430,835,902,2899,2716,1069,3
695,2024,1739,1584,1553,2430,835,903,2860,2716,1070,3
696,2026,1742,1584,1554,2428,835,901,2822,2718,1070,3
697,2024,1744,1586,1554,2430,834,902,2790,2715,1070,3
698,2018,1738,1584,1555,2429,834,906,2798,2717,1070,3
699,2026,1741,1584,1555,2432,836,904,2844,2716,1071,3
700,2024,1749,1586,1546,2430,834,902,2886,2716,1070,3
701,2012,1740,1584,1554,2429,835,904,2906,2717,1071,3
702,2022,1745,1584,1553,2430,835,904,2896,2715,1070,3
703,2062,1723,1584,1554,2432,834,904,2851,2717,1071,3
704,2021,1740,1584,1555,2432,836,902,2822,2718,1070,3
705,2029,1742,1584,1554,2432,836,903,2794,2717,1070,3
706,2014,1742,1584,1554,2422,835,902,2808,2718,1070,3
707,2024,1731,1586,1555,2429,834,901,2850,2716,1071,3
708,2045,1743,1586,1555,2429,835,904,2880,2717,1071,3
709,2026,1738,1586,1555,2432,834,902,2906,2717,1071,3
710,2028,1746,1585,1554,2432,836,902,2899,2718,1071,3
711,2018,1742,1585,1555,2427,834,906,2855,2718,1072,3
712,2023,1731,1585,1554,2432,836,902,2810,2718,1071,3
713,2042,1741,1584,1554,2433,835,902,2791,2718,1070,3
714,2023,1738,1586,1556,2432,836,902,2808,2720,1070,3
715,2027,1744,1586,1555,2430,836,903,2858,2718,1071,3
716,2014,1743,1586,1554,2425,835,903,2890,2720,1071,3
717,2023,1730,1587,1555,2430,835,900,2898,2720,1072,3
718,2051,1725,1586,1554,2432,835,903,2895,2718,1069,3
719,2023,1738,1587,1555,2432,835,902,2847,2718,1072,3
720,2026,1747,1586,1555,2432,836,904,2814,2720,1072,3
