Count,S1,S2,S3,S4,S5,S6,S7,S8,S9,S10,Flag
1,1983,1703,1543,1532,2374,822,877,2826,2661,1044,0
2,1987,1714,1543,1532,2374,823,878,2778,2660,1046,0
3,1984,1711,1542,1533,2374,822,880,2787,2662,1046,0
4,1983,1693,1543,1542,2374,824,879,2841,2661,1046,0
5,1976,1703,1545,1532,2373,822,879,2888,2662,1045,0
6,1988,1726,1544,1533,2374,822,888,2906,2662,1045,0
7,1990,1710,1543,1532,2374,821,880,2868,2662,1046,0
8,1984,1710,1544,1532,2374,823,882,2802,2663,1044,0
9,1979,1699,1544,1532,2374,814,879,2770,2662,1046,0
10,1979,1707,1543,1534,2368,822,882,2806,2662,1046,0
11,1975,1705,1544,1534,2373,822,878,2857,2657,1046,0
12,1995,1710,1542,1532,2374,821,879,2895,2660,1046,0
13,1986,1704,1545,1531,2374,822,878,2901,2663,1044,0
14,1966,1703,1545,1531,2373,823,879,2850,2663,1046,0
15,1980,1704,1544,1533,2373,821,882,2794,2664,1045,0
16,1970,1702,1546,1533,2374,822,880,2775,2662,1046,0
17,1994,1707,1544,1532,2374,823,880,2822,2663,1044,0
18,1985,1705,1546,1532,2374,821,879,2874,2664,1046,0
19,1962,1704,1544,1531,2375,822,876,2902,2663,1043,0
20,1978,1707,1544,1534,2366,821,882,2895,2663,1046,0
21,1982,1706,1544,1534,2374,822,882,2826,2664,1046,1
22,2001,1707,1546,1532,2373,822,879,2773,2664,1045,1
23,1987,1706,1545,1530,2374,823,878,2779,2665,1044,1
24,1993,1709,1545,1531,2374,822,880,2842,2666,1046,1
25,1974,1706,1550,1532,2374,823,879,2891,2664,1045,1
26,1979,1697,1546,1533,2375,819,881,2899,2664,1045,1
27,2015,1709,1545,1535,2374,822,879,2868,2664,1046,1
28,1997,1707,1545,1531,2374,822,879,2806,2663,1046,1
29,1987,1714,1546,1532,2374,823,879,2774,2665,1046,1
30,1959,1707,1545,1531,2374,822,879,2802,2664,1046,1
31,1984,1703,1546,1534,2374,822,878,2855,2664,1046,1
32,1997,1710,1534,1532,2375,824,879,2893,2664,1046,1
33,1987,1706,1546,1532,2374,822,878,2904,2665,1046,1
34,1985,1710,1544,1531,2376,824,881,2861,2664,1046,1
35,1979,1700,1547,1533,2376,819,881,2791,2665,1046,1
36,1989,1721,1546,1533,2375,823,882,2781,2666,1045,1
37,1968,1709,1546,1533,2377,821,878,2818,2665,1046,1
38,1987,1715,1545,1534,2376,822,879,2872,2665,1046,1
39,1982,1705,1545,1534,2376,824,878,2901,2663,1048,1
40,1957,1708,1546,1534,2376,822,880,2898,2665,1045,1
41,2021,1711,1546,1533,2374,822,880,2832,2665,1046,1
42,1986,1707,1546,1534,2376,824,878,2781,2665,1046,1
43,1960,1708,1546,1534,2375,822,880,2785,2666,1046,1
44,2005,1710,1546,1533,2376,822,880,2835,2665,1045,1
45,1989,1731,1547,1534,2377,823,881,2891,2666,1045,1
46,1984,1690,1547,1535,2376,822,881,2899,2667,1047,1
47,1994,1709,1547,1538,2384,822,880,2876,2666,1048,1
48,1989,1714,1546,1537,2376,823,880,2822,2665,1047,1
49,1979,1707,1548,1538,2376,822,881,2776,2667,1048,1
50,1986,1706,1547,1539,2376,822,882,2801,2667,1048,1
51,1988,1711,1547,1540,2377,823,884,2854,2667,1048,1
52,1997,1710,1545,1538,2377,822,882,2895,2667,1047,1
53,1993,1714,1547,1540,2376,822,883,2908,2667,1048,1
54,1980,1707,1548,1543,2376,823,886,2859,2669,1048,1
55,1986,1705,1549,1543,2378,822,888,2806,2670,1049,1
56,1987,1692,1547,1542,2378,823,883,2781,2670,1050,1
57,1989,1706,1547,1544,2378,822,885,2811,2671,1050,1
58,1997,1710,1547,1545,2377,822,887,2873,2671,1049,1
59,2004,1713,1548,1546,2377,822,888,2899,2672,1051,1
60,1989,1718,1547,1547,2379,822,888,2902,2671,1050,1
61,1986,1706,1547,1547,2379,822,889,2844,2672,1050,1
62,1989,1702,1549,1549,2379,822,891,2795,2674,1052,1
63,1986,1712,1550,1549,2377,823,891,2792,2674,1052,1
64,1988,1706,1547,1552,2378,822,890,2840,2675,1051,1
65,1971,1710,1557,1551,2379,822,891,2890,2675,1054,1
66,1993,1711,1548,1552,2379,822,892,2901,2675,1052,1
67,1954,1710,1550,1553,2378,822,893,2890,2678,1053,1
68,1992,1702,1551,1553,2378,822,894,2831,2678,1053,1
69,1995,1714,1549,1557,2378,822,896,2792,2679,1054,1
70,1990,1689,1552,1556,2380,822,892,2799,2680,1055,1
71,1993,1715,1550,1556,2379,823,898,2855,2679,1056,1
72,1991,1716,1550,1558,2380,823,899,2893,2680,1053,1
73,1994,1711,1549,1559,2379,824,900,2899,2681,1054,1
74,1993,1712,1550,1562,2380,824,902,2866,2681,1058,1
75,2002,1710,1552,1561,2381,821,901,2813,2683,1057,1
76,1992,1716,1551,1562,2379,822,902,2790,2683,1058,1
77,2006,1714,1553,1562,2379,824,900,2814,2683,1054,1
78,1990,1714,1552,1564,2380,823,902,2873,2683,1055,1
79,2011,1714,1552,1565,2379,823,904,2899,2684,1057,1
80,2000,1716,1550,1566,2382,823,904,2904,2684,1058,1
81,2014,1716,1551,1565,2382,823,905,2858,2688,1057,1
82,2000,1717,1552,1566,2381,824,905,2807,2688,1058,1
83,1993,1718,1553,1569,2381,824,899,2792,2689,1060,1
84,1998,1720,1553,1569,2382,823,908,2840,2689,1058,1
85,1997,1719,1552,1570,2383,822,901,2882,2690,1059,1
86,1999,1718,1552,1570,2383,822,907,2908,2691,1060,1
87,1998,1717,1552,1571,2382,823,901,2890,2691,1061,1
88,1997,1714,1554,1571,2382,824,908,2845,2692,1060,1
89,1995,1720,1554,1572,2382,824,905,2795,2692,1061,1
90,1997,1711,1554,1573,2382,824,911,2809,2693,1061,1
91,1999,1693,1554,1573,2382,823,908,2850,2694,1062,1
92,1997,1713,1554,1574,2382,824,911,2898,2693,1060,1
93,1990,1712,1554,1576,2384,825,912,2911,2693,1062,1
94,1999,1711,1556,1577,2383,825,912,2882,2694,1062,1
95,1990,1714,1555,1576,2376,824,912,2834,2694,1063,1
96,2000,1714,1554,1575,2384,823,910,2802,2694,1058,1
97,1994,1716,1556,1577,2382,823,913,2826,2697,1063,1
98,2022,1717,1556,1578,2383,825,914,2866,2696,1063,1
99,1996,1718,1557,1579,2384,825,916,2910,2696,1064,1
100,1998,1719,1557,1577,2384,825,917,2904,2697,1064,1
101,1998,1736,1555,1578,2384,824,917,2872,2697,1062,1
102,1994,1712,1556,1580,2384,824,916,2833,2696,1061,1
103,1979,1715,1556,1579,2384,825,918,2802,2698,1064,1
104,2001,1716,1557,1579,2384,823,915,2802,2698,1063,1
105,2000,1723,1555,1579,2386,825,919,2850,2698,1063,1
106,2003,1721,1556,1579,2386,825,918,2886,2698,1063,1
107,2022,1720,1558,1580,2385,824,916,2906,2698,1064,1
108,1996,1720,1557,1581,2386,824,916,2914,2699,1064,1
109,1998,1714,1556,1580,2386,824,917,2873,2698,1062,1
110,1998,1711,1558,1582,2386,823,918,2830,2698,1064,1
111,1976,1718,1559,1580,2384,824,919,2802,2698,1064,1
112,2005,1723,1558,1580,2387,825,918,2799,2698,1063,1
113,2002,1724,1558,1581,2384,825,920,2847,2698,1062,1
114,2007,1728,1559,1581,2387,825,916,2886,2698,1064,1
115,2025,1721,1560,1579,2386,824,916,2907,2698,1064,1
116,2000,1718,1559,1580,2385,824,918,2914,2698,1065,1
117,2003,1718,1560,1579,2386,823,914,2872,2698,1064,1
118,2000,1712,1559,1579,2386,825,916,2830,2697,1064,1
119,1980,1718,1560,1578,2386,825,914,2798,2696,1065,1
120,2002,1718,1560,1578,2387,824,914,2794,2696,1064,1
121,2003,1726,1560,1575,2386,826,905,2842,2696,1064,2
122,2010,1724,1562,1580,2392,826,914,2884,2696,1062,2
123,2010,1729,1563,1579,2392,825,913,2912,2696,1064,2
124,2008,1724,1563,1576,2392,827,914,2910,2695,1064,2
125,2010,1723,1563,1574,2391,826,911,2865,2695,1062,2
126,2011,1722,1562,1571,2390,826,909,2826,2694,1061,2
127,2011,1729,1564,1568,2391,827,907,2787,2695,1062,2
128,2012,1726,1562,1566,2391,826,907,2792,2693,1062,2
129,2011,1725,1564,1565,2390,826,906,2843,2692,1062,2
130,2010,1725,1563,1562,2391,826,904,2876,2692,1061,2
131,2008,1727,1563,1560,2391,827,904,2907,2691,1062,2
132,2010,1724,1563,1558,2390,826,902,2907,2691,1060,2
133,2008,1729,1563,1555,2390,828,901,2862,2690,1060,2
134,2007,1726,1562,1554,2391,827,898,2820,2688,1060,2
135,2010,1723,1562,1551,2391,827,896,2775,2689,1059,2
136,2010,1722,1563,1549,2390,827,896,2779,2686,1059,2
137,2010,1725,1561,1547,2390,826,892,2838,2685,1059,2
138,2009,1723,1563,1547,2390,825,891,2874,2685,1059,2
139,2010,1726,1562,1544,2390,826,889,2908,2682,1058,2
140,2007,1723,1562,1542,2389,827,888,2907,2682,1057,2
141,2010,1723,1562,1538,2389,828,886,2856,2682,1057,2
142,2007,1724,1562,1538,2390,827,885,2810,2680,1056,2
143,2010,1723,1562,1536,2389,826,882,2765,2679,1058,2
144,2009,1723,1562,1533,2390,825,883,2774,2680,1057,2
145,2010,1723,1563,1532,2390,826,881,2836,2679,1056,2
146,2010,1724,1563,1531,2390,826,879,2868,2678,1055,2
147,2008,1726,1562,1528,2390,826,876,2902,2676,1055,2
148,2008,1723,1562,1526,2389,826,875,2902,2675,1053,2
149,2008,1725,1563,1523,2390,825,876,2849,2675,1054,2
150,2008,1722,1562,1523,2390,825,874,2800,2674,1053,2
151,2007,1723,1562,1522,2389,825,870,2757,2674,1052,2
152,2007,1724,1561,1520,2389,824,869,2767,2670,1054,2
153,2009,1724,1560,1517,2388,826,867,2831,2670,1052,2
154,2010,1723,1561,1515,2388,825,866,2866,2670,1053,2
155,2008,1723,1560,1515,2389,826,864,2900,2667,1051,2
156,2008,1720,1562,1513,2388,826,864,2899,2668,1051,2
157,2009,1723,1560,1512,2388,826,860,2842,2666,1050,2
158,2006,1722,1560,1512,2387,825,860,2794,2666,1050,2
159,2009,1723,1561,1508,2387,826,858,2747,2665,1050,2
160,2007,1723,1562,1507,2387,825,857,2758,2666,1050,2
161,2006,1722,1560,1507,2387,823,857,2825,2664,1049,2
162,2007,1723,1560,1506,2386,826,855,2863,2661,1049,2
163,2006,1720,1560,1506,2387,824,854,2898,2660,1048,2
164,2005,1722,1560,1504,2388,825,854,2898,2658,1048,2
165,2006,1720,1560,1500,2387,824,851,2838,2659,1048,2
166,2004,1721,1559,1498,2387,825,850,2787,2658,1048,2
167,2006,1721,1560,1498,2387,824,849,2741,2658,1048,2
168,2005,1722,1560,1497,2386,824,848,2752,2656,1047,2
169,2004,1720,1560,1496,2386,823,846,2820,2655,1047,2
170,2008,1722,1560,1494,2386,826,842,2858,2654,1046,2
171,2006,1722,1560,1496,2387,823,842,2893,2653,1046,2
172,2006,1721,1558,1494,2387,825,842,2894,2650,1046,2
173,2005,1722,1560,1492,2386,823,840,2832,2651,1046,2
174,2005,1720,1560,1491,2385,823,840,2777,2650,1045,2
175,2003,1721,1558,1490,2386,824,838,2730,2650,1046,2
176,2005,1722,1560,1489,2385,823,837,2744,2649,1045,2
177,2003,1722,1557,1490,2386,826,837,2817,2647,1045,2
178,2004,1719,1558,1488,2386,823,835,2857,2646,1043,2
179,2003,1721,1558,1487,2386,823,835,2892,2645,1043,2
180,2002,1722,1558,1486,2386,823,834,2892,2643,1044,2
181,2003,1721,1558,1485,2386,823,833,2827,2643,1043,2
182,2003,1722,1556,1485,2383,824,830,2774,2642,1042,2
183,2003,1718,1558,1484,2386,823,829,2727,2642,1043,2
184,2003,1718,1557,1483,2384,824,829,2740,2640,1042,2
185,2000,1720,1554,1483,2385,824,827,2814,2638,1042,2
186,2002,1719,1556,1481,2384,825,826,2856,2638,1040,2
187,2002,1719,1558,1482,2383,823,825,2891,2638,1042,2
188,2000,1718,1555,1482,2384,824,824,2891,2635,1042,2
189,1998,1716,1556,1479,2382,824,823,2826,2635,1040,2
190,1996,1716,1555,1479,2383,823,823,2771,2634,1040,2
191,1998,1715,1555,1478,2382,824,822,2722,2634,1040,2
192,1995,1715,1553,1478,2383,823,821,2737,2632,1040,2
193,1997,1717,1554,1478,2383,824,820,2810,2632,1040,2
194,1996,1717,1553,1476,2383,824,819,2856,2630,1038,2
195,1995,1717,1555,1478,2382,824,818,2891,2630,1038,2
196,1994,1715,1552,1477,2382,822,817,2893,2627,1038,2
197,1996,1716,1553,1475,2382,824,816,2824,2627,1038,2
198,1995,1717,1554,1477,2380,823,816,2766,2627,1038,2
199,1992,1716,1554,1476,2382,823,816,2718,2627,1038,2
200,1996,1713,1554,1474,2382,822,816,2733,2626,1038,2
201,1995,1717,1553,1474,2382,824,814,2806,2622,1036,2
202,1995,1716,1551,1474,2382,824,813,2853,2622,1038,2
203,1995,1715,1553,1474,2382,824,813,2888,2621,1036,2
204,1994,1716,1552,1474,2382,823,812,2890,2619,1036,2
205,1992,1714,1553,1473,2381,822,812,2822,2618,1035,2
206,1994,1714,1552,1474,2380,822,811,2761,2620,1035,2
207,1994,1713,1552,1473,2382,824,810,2711,2619,1034,2
208,1993,1713,1550,1472,2380,823,809,2726,2617,1034,2
209,1992,1714,1553,1473,2379,822,809,2803,2616,1035,2
210,1991,1713,1551,1472,2380,823,808,2850,2616,1034,2
211,1990,1714,1551,1472,2380,823,807,2888,2615,1035,2
212,1990,1713,1551,1472,2380,824,807,2887,2614,1034,2
213,1989,1712,1550,1472,2380,824,807,2819,2612,1035,2
214,1987,1714,1549,1470,2379,823,806,2760,2611,1034,2
215,1990,1713,1550,1468,2379,824,804,2708,2611,1033,2
216,1987,1711,1550,1468,2378,822,805,2724,2611,1033,2
217,1987,1712,1551,1472,2379,823,804,2803,2610,1033,2
218,1986,1710,1549,1470,2378,821,804,2850,2608,1034,2
219,1986,1712,1550,1472,2378,823,803,2887,2610,1032,2
220,1987,1714,1549,1469,2378,822,803,2887,2607,1033,2
221,1987,1708,1549,1470,2378,822,802,2817,2606,1033,2
222,1986,1709,1548,1468,2378,822,801,2756,2606,1032,2
223,1986,1709,1550,1472,2379,823,800,2705,2605,1031,2
224,1986,1710,1547,1469,2377,823,798,2721,2604,1029,2
225,1986,1709,1547,1470,2378,821,800,2801,2603,1032,2
226,1987,1709,1550,1469,2378,821,799,2846,2603,1031,2
227,1985,1709,1547,1470,2378,823,800,2886,2602,1029,2
228,1985,1709,1547,1469,2377,822,798,2886,2602,1031,2
229,1984,1706,1547,1470,2377,821,798,2813,2600,1031,2
230,1986,1710,1546,1468,2377,822,797,2753,2600,1030,2
231,1984,1708,1547,1472,2376,822,796,2702,2598,1030,2
232,1984,1706,1546,1469,2376,822,798,2718,2598,1029,2
233,1982,1709,1547,1469,2376,823,796,2800,2597,1030,2
234,1982,1708,1546,1469,2375,822,795,2846,2596,1029,2
235,1981,1711,1544,1469,2377,822,795,2886,2594,1029,2
236,1985,1708,1546,1469,2375,822,794,2884,2595,1028,2
237,1982,1708,1546,1469,2376,823,793,2811,2594,1028,2
238,1981,1707,1546,1470,2376,821,795,2749,2593,1029,2
239,1981,1705,1545,1470,2374,822,794,2699,2593,1028,2
240,1984,1706,1544,1469,2375,822,792,2717,2592,1029,2
241,1981,1705,1544,1472,2375,821,794,2800,2591,1027,2
242,1984,1706,1545,1470,2374,822,792,2848,2590,1028,2
243,1980,1707,1544,1472,2375,821,792,2885,2590,1028,2
244,1981,1706,1545,1470,2374,822,791,2883,2590,1027,2
245,1980,1705,1543,1473,2374,821,792,2810,2588,1026,2
246,1979,1707,1542,1473,2374,822,792,2747,2587,1027,2
247,1979,1706,1544,1473,2374,823,791,2699,2587,1027,2
248,1981,1705,1543,1473,2374,821,792,2717,2586,1027,2
249,1977,1706,1542,1473,2374,822,791,2800,2584,1028,2
250,1978,1707,1544,1472,2373,821,792,2846,2584,1027,2
251,1978,1706,1541,1472,2373,821,789,2886,2583,1026,2
252,1977,1707,1543,1472,2373,820,790,2883,2584,1027,2
253,1976,1705,1542,1472,2372,821,788,2810,2583,1027,2
254,1976,1704,1542,1473,2372,819,789,2746,2582,1026,2
255,1974,1705,1542,1474,2372,821,790,2697,2582,1026,2
256,1975,1705,1541,1474,2372,819,790,2715,2581,1026,2
257,1974,1703,1540,1474,2372,820,788,2799,2579,1025,2
258,1972,1704,1539,1475,2372,821,789,2850,2578,1024,2
259,1974,1706,1539,1474,2370,822,788,2885,2578,1026,2
260,1971,1705,1539,1474,2372,821,788,2886,2577,1024,2
261,1972,1703,1540,1474,2371,821,787,2808,2578,1024,2
262,1971,1704,1539,1474,2371,821,787,2746,2575,1022,2
263,1974,1704,1539,1476,2371,820,787,2696,2576,1025,2
264,1972,1702,1539,1475,2371,820,787,2715,2575,1024,2
265,1971,1703,1540,1476,2370,821,787,2799,2575,1024,2
266,1970,1702,1540,1475,2369,822,786,2845,2574,1022,2
267,1973,1702,1537,1477,2370,822,787,2886,2571,1022,2
268,1973,1705,1539,1476,2371,819,787,2884,2573,1021,2
269,1971,1701,1538,1478,2370,821,787,2807,2571,1022,2
270,1971,1701,1538,1477,2370,820,787,2742,2571,1021,2
271,1975,1702,1539,1478,2369,819,785,2694,2570,1021,2
272,1971,1701,1538,1478,2368,821,786,2714,2570,1021,2
273,1971,1701,1538,1478,2368,819,786,2800,2570,1019,2
274,1971,1698,1538,1478,2369,820,785,2848,2569,1019,2
275,1972,1701,1537,1479,2370,820,784,2886,2567,1020,2
276,1970,1701,1536,1480,2370,821,784,2883,2566,1022,2
277,1970,1701,1538,1480,2368,820,786,2805,2568,1021,2
278,1970,1698,1538,1480,2368,818,785,2742,2566,1021,2
279,1969,1699,1534,1480,2366,819,785,2694,2567,1021,2
280,1970,1698,1534,1479,2365,820,784,2713,2566,1018,2
281,1966,1698,1537,1482,2368,819,785,2798,2565,1020,2
282,1967,1696,1534,1483,2365,819,785,2846,2563,1019,2
283,1968,1698,1536,1481,2366,819,783,2882,2563,1019,2
284,1969,1698,1534,1482,2365,818,785,2883,2563,1019,2
285,1970,1699,1533,1482,2365,820,783,2800,2562,1018,2
286,1968,1697,1531,1483,2365,819,784,2742,2563,1019,2
287,1966,1697,1533,1483,2366,818,783,2689,2562,1019,2
288,1966,1696,1531,1483,2365,818,785,2714,2561,1018,2
289,1966,1698,1533,1483,2364,819,783,2797,2558,1018,2
290,1965,1697,1531,1484,2364,820,784,2846,2557,1016,2
291,1966,1698,1531,1483,2368,821,784,2886,2556,1018,2
292,1966,1698,1530,1486,2364,821,784,2883,2555,1018,2
293,1966,1695,1530,1486,2364,820,783,2800,2555,1017,2
294,1966,1694,1530,1488,2365,819,782,2738,2554,1018,2
295,1966,1694,1531,1488,2364,819,783,2690,2555,1017,2
296,1966,1697,1530,1487,2364,819,784,2714,2555,1016,2
297,1970,1694,1530,1487,2363,820,784,2800,2554,1017,2
298,1966,1694,1530,1487,2363,819,783,2845,2554,1017,2
299,1966,1693,1530,1488,2363,819,785,2885,2552,1016,2
300,1966,1693,1530,1488,2363,819,782,2882,2551,1016,2
301,1966,1694,1530,1488,2362,818,784,2802,2554,1014,2
302,1966,1691,1530,1490,2362,818,782,2737,2551,1016,2
303,1963,1694,1530,1490,2362,818,783,2690,2551,1016,2
304,1966,1694,1530,1491,2362,817,783,2711,2551,1016,2
305,1963,1692,1528,1491,2361,819,781,2798,2550,1016,2
306,1966,1693,1529,1491,2362,818,783,2845,2550,1017,2
307,1966,1693,1526,1490,2362,817,783,2883,2550,1015,2
308,1964,1691,1528,1491,2362,819,782,2881,2547,1016,2
309,1964,1694,1526,1491,2362,818,782,2799,2547,1015,2
310,1961,1692,1528,1493,2362,818,783,2736,2547,1014,2
311,1960,1690,1528,1494,2362,818,782,2689,2547,1014,2
312,1963,1693,1528,1492,2360,818,783,2711,2546,1015,2
313,1963,1690,1527,1495,2359,818,781,2800,2546,1013,2
314,1961,1692,1525,1495,2360,819,781,2846,2545,1014,2
315,1958,1691,1526,1496,2360,817,784,2886,2544,1013,2
316,1959,1689,1526,1496,2360,818,783,2881,2543,1013,2
317,1958,1689,1526,1496,2360,817,782,2798,2543,1014,2
318,1957,1690,1526,1497,2359,818,782,2734,2543,1014,2
319,1958,1689,1526,1496,2360,819,782,2689,2543,1014,2
320,1962,1689,1526,1498,2358,818,782,2712,2542,1014,2
321,1957,1690,1525,1498,2358,818,782,2798,2541,1014,3
322,1935,1683,1522,1494,2354,816,782,2850,2540,1014,3
323,1978,1684,1522,1497,2354,814,782,2881,2540,1014,3
324,1948,1680,1522,1499,2354,815,783,2877,2539,1013,3
325,1944,1682,1520,1498,2355,816,784,2796,2539,1014,3
326,1950,1674,1521,1506,2354,815,782,2738,2539,1014,3
327,1976,1684,1520,1509,2354,815,784,2688,2538,1014,3
328,1965,1682,1521,1513,2354,816,783,2709,2538,1013,3
329,1948,1686,1520,1514,2355,816,786,2806,2538,1016,3
330,1958,1680,1520,1518,2355,815,784,2846,2538,1014,3
331,1953,1682,1522,1523,2355,815,786,2882,2538,1015,3
332,1958,1681,1519,1526,2354,816,786,2882,2537,1016,3
333,1949,1688,1522,1530,2354,816,786,2807,2538,1016,3
334,1952,1678,1521,1536,2355,815,788,2742,2539,1015,3
335,1954,1682,1527,1540,2355,816,789,2698,2538,1016,3
336,1953,1681,1522,1542,2355,816,788,2718,2539,1016,3
337,1954,1690,1522,1548,2355,817,788,2802,2539,1016,3
338,1963,1683,1522,1553,2355,815,791,2856,2539,1016,3
339,1940,1687,1521,1559,2354,816,792,2886,2538,1014,3
340,1976,1686,1522,1556,2355,816,793,2890,2539,1016,3
341,1955,1702,1524,1557,2356,815,792,2811,2539,1014,3
342,1959,1685,1521,1559,2355,816,794,2752,2539,1015,3
343,1958,1691,1522,1560,2347,815,796,2706,2540,1016,3
344,1959,1680,1522,1560,2355,816,795,2722,2540,1018,3
345,1957,1688,1523,1560,2355,817,797,2812,2539,1014,3
346,1939,1685,1523,1560,2355,808,796,2850,2541,1014,3
347,1948,1686,1523,1559,2356,814,798,2893,2541,1018,3
348,1963,1687,1523,1558,2355,817,792,2886,2540,1016,3
349,1955,1690,1523,1558,2355,816,797,2811,2540,1017,3
350,1960,1679,1524,1555,2355,815,798,2762,2542,1018,3
351,1959,1683,1523,1554,2357,818,798,2712,2541,1018,3
352,1961,1685,1523,1551,2362,816,800,2729,2542,1017,3
353,1961,1694,1523,1551,2355,816,799,2804,2542,1014,3
354,1942,1686,1522,1549,2355,816,799,2850,2542,1017,3
355,1963,1685,1523,1547,2356,815,800,2893,2542,1019,3
356,1959,1683,1523,1546,2354,816,801,2891,2542,1018,3
357,1962,1693,1522,1544,2355,816,799,2814,2543,1016,3
358,1960,1675,1524,1542,2355,816,800,2758,2543,1018,3
359,1964,1683,1523,1542,2356,817,802,2717,2542,1018,3
360,1964,1686,1529,1540,2354,817,803,2731,2543,1018,3
361,1955,1690,1522,1538,2355,816,802,2806,2544,1018,3
362,1959,1681,1522,1537,2354,816,803,2848,2543,1019,3
363,1960,1682,1522,1537,2354,818,803,2892,2544,1018,3
364,1955,1683,1522,1532,2354,818,802,2891,2544,1020,3
365,1959,1676,1522,1531,2355,817,803,2817,2544,1020,3
366,1957,1690,1521,1530,2354,818,804,2762,2545,1020,3
367,1970,1689,1521,1529,2354,818,806,2715,2546,1019,3
368,1958,1705,1522,1528,2352,817,805,2738,2546,1019,3
369,1957,1686,1523,1528,2354,817,804,2810,2546,1019,3
370,1950,1684,1522,1526,2354,816,806,2850,2546,1020,3
371,1965,1683,1522,1526,2355,815,806,2891,2547,1019,3
372,1958,1687,1522,1524,2355,815,806,2886,2547,1020,3
373,1967,1685,1522,1523,2355,817,806,2826,2548,1020,3
374,1940,1683,1522,1522,2354,817,808,2768,2548,1020,3
375,1958,1682,1522,1522,2354,816,808,2718,2550,1019,3
376,1959,1682,1522,1522,2355,816,806,2739,2550,1020,3
377,1965,1686,1522,1522,2355,815,810,2808,2550,1020,3
378,1957,1689,1522,1517,2354,816,807,2850,2549,1019,3
379,1960,1677,1522,1518,2355,818,807,2884,2550,1019,3
380,1956,1684,1522,1518,2354,817,808,2891,2550,1021,3
381,1990,1687,1520,1518,2355,817,809,2827,2552,1019,3
382,1978,1687,1523,1515,2355,816,809,2776,2552,1020,3
383,1995,1686,1523,1515,2355,818,808,2728,2552,1020,3
384,1952,1683,1522,1514,2355,816,809,2742,2552,1020,3
385,1962,1679,1521,1514,2355,817,807,2808,2552,1019,3
386,1960,1688,1522,1514,2353,816,810,2850,2552,1021,3
387,1938,1686,1522,1513,2354,817,810,2886,2554,1019,3
388,1962,1693,1522,1512,2355,817,808,2891,2554,1021,3
389,1975,1686,1522,1512,2354,816,810,2830,2554,1021,3
390,1959,1670,1522,1510,2355,817,811,2770,2554,1022,3
391,1963,1686,1522,1510,2355,817,810,2731,2555,1022,3
392,1971,1687,1522,1509,2355,816,809,2742,2555,1021,3
393,1961,1688,1522,1509,2354,817,810,2806,2553,1021,3
394,1960,1678,1523,1508,2353,816,811,2852,2554,1021,3
395,1965,1669,1522,1506,2354,818,810,2885,2555,1019,3
396,1959,1701,1523,1507,2355,817,810,2890,2555,1020,3
397,1963,1693,1522,1506,2355,812,811,2824,2554,1020,3
398,1959,1681,1522,1507,2355,816,811,2775,2555,1021,3
399,1955,1685,1520,1505,2354,817,811,2725,2555,1020,3
400,1995,1687,1522,1504,2354,818,810,2737,2556,1019,3
401,1964,1690,1521,1504,2355,818,812,2814,2556,1022,3
402,1962,1686,1522,1502,2354,817,811,2851,2556,1022,3
403,1958,1685,1523,1502,2354,817,812,2884,2560,1022,3
404,1962,1683,1522,1502,2355,818,811,2890,2560,1021,3
405,1968,1686,1522,1502,2354,817,812,2831,2557,1021,3
406,1963,1690,1522,1501,2354,816,811,2771,2557,1022,3
407,1959,1678,1522,1499,2355,816,812,2726,2560,1024,3
408,1979,1688,1523,1501,2354,817,812,2744,2560,1017,3
409,1962,1683,1522,1499,2354,817,815,2816,2560,1024,3
410,1935,1686,1522,1498,2346,816,812,2857,2560,1024,3
411,1964,1688,1521,1499,2354,818,813,2888,2560,1024,3
412,1966,1689,1522,1497,2354,819,812,2890,2560,1024,3
413,1969,1685,1522,1496,2356,818,813,2831,2561,1024,3
414,1934,1683,1522,1498,2346,818,811,2779,2561,1025,3
415,1921,1682,1522,1497,2355,816,814,2734,2561,1024,3
416,1923,1682,1522,1496,2355,816,813,2746,2561,1024,3
417,1966,1690,1523,1496,2354,817,812,2817,2562,1025,3
418,1963,1691,1522,1495,2354,817,814,2855,2562,1025,3
419,1960,1700,1522,1496,2355,817,814,2888,2563,1025,3
420,1960,1684,1522,1494,2354,817,814,2890,2563,1024,3
421,1972,1688,1523,1495,2356,816,813,2831,2562,1019,3
422,1954,1684,1521,1495,2355,818,814,2774,2563,1024,3
423,1960,1691,1523,1493,2354,817,814,2730,2565,1024,3
424,1947,1686,1524,1493,2354,817,814,2742,2565,1028,3
425,1962,1692,1522,1492,2356,817,813,2814,2566,1024,3
426,1960,1685,1522,1493,2354,817,813,2854,2566,1025,3
427,1958,1685,1523,1493,2355,815,815,2885,2566,1025,3
428,1958,1689,1522,1494,2355,818,814,2884,2567,1026,3
429,1964,1688,1522,1493,2356,817,817,2835,2568,1024,3
430,1965,1685,1522,1493,2355,818,815,2782,2568,1026,3
431,1962,1674,1522,1493,2355,817,817,2736,2570,1024,3
432,1922,1682,1522,1493,2354,816,816,2754,2570,1024,3
433,1964,1688,1522,1493,2355,818,816,2819,2570,1026,3
434,1962,1668,1522,1493,2355,808,818,2851,2570,1026,3
435,1969,1690,1522,1494,2356,817,816,2892,2571,1026,3
436,1962,1688,1523,1491,2354,818,817,2892,2573,1026,3
437,1959,1688,1522,1494,2355,816,821,2832,2574,1026,3
438,1962,1680,1522,1494,2354,817,820,2791,2574,1026,3
439,1961,1671,1523,1499,2355,815,822,2740,2574,1026,3
440,1964,1693,1522,1496,2354,816,820,2756,2574,1025,3
441,1959,1683,1523,1494,2355,816,821,2813,2576,1027,3
442,1968,1689,1522,1498,2354,816,820,2858,2576,1026,3
443,1958,1683,1523,1497,2355,816,823,2886,2578,1027,3
444,1968,1688,1523,1498,2355,817,824,2894,2578,1026,3
445,1958,1685,1523,1499,2356,817,825,2835,2578,1027,3
446,1966,1687,1523,1500,2354,816,825,2798,2580,1028,3
447,1962,1681,1523,1499,2355,818,824,2746,2581,1027,3
448,1965,1695,1522,1500,2355,817,826,2760,2582,1027,3
449,1963,1666,1523,1506,2356,816,828,2814,2582,1028,3
450,1963,1683,1522,1502,2355,817,832,2856,2582,1027,3
451,1958,1688,1523,1502,2354,818,829,2886,2582,1027,3
452,1980,1688,1514,1503,2354,816,830,2886,2584,1028,3
453,1969,1690,1523,1502,2357,817,832,2842,2584,1028,3
454,1964,1675,1524,1506,2356,816,830,2794,2586,1028,3
455,1967,1683,1523,1505,2356,815,832,2755,2587,1029,3
456,1948,1685,1524,1506,2357,818,834,2762,2586,1029,3
457,1962,1683,1523,1507,2355,818,834,2814,2587,1028,3
458,1965,1683,1522,1507,2356,817,836,2858,2588,1028,3
459,1948,1688,1524,1506,2347,817,837,2891,2588,1030,3
460,1961,1680,1524,1507,2355,817,836,2888,2590,1029,3
461,1965,1688,1524,1509,2356,818,836,2845,2588,1028,3
462,1930,1683,1524,1509,2357,817,837,2803,2592,1030,3
463,1966,1667,1526,1509,2358,817,836,2754,2592,1029,3
464,1976,1690,1524,1510,2355,817,838,2757,2594,1029,3
465,1967,1701,1524,1510,2356,820,839,2821,2594,1030,3
466,1955,1688,1524,1511,2354,817,841,2858,2594,1031,3
467,1965,1680,1523,1512,2357,818,842,2886,2596,1030,3
468,1975,1689,1525,1513,2365,818,841,2886,2595,1030,3
469,1966,1705,1524,1511,2356,819,841,2846,2595,1030,3
470,1934,1684,1524,1512,2357,817,842,2803,2596,1030,3
471,1967,1691,1524,1514,2356,818,835,2753,2598,1032,3
472,1961,1686,1526,1514,2358,817,843,2760,2598,1030,3
473,1974,1688,1526,1515,2357,818,843,2822,2598,1032,3
474,1966,1702,1524,1515,2357,818,842,2859,2599,1032,3
475,1981,1691,1526,1514,2357,817,845,2893,2600,1032,3
476,1963,1690,1526,1514,2357,816,844,2888,2600,1032,3
477,1968,1680,1524,1514,2357,818,846,2842,2600,1032,3
478,1959,1690,1526,1515,2357,818,846,2800,2602,1032,3
479,1976,1689,1525,1515,2358,818,846,2760,2602,1032,3
480,1970,1686,1526,1516,2357,818,847,2768,2602,1032,3
481,1972,1698,1525,1516,2357,818,846,2823,2606,1031,3
482,1942,1688,1525,1517,2358,816,847,2859,2603,1032,3
483,1960,1689,1526,1515,2358,817,849,2898,2604,1032,3
484,1968,1693,1526,1518,2358,817,842,2888,2604,1032,3
485,1966,1676,1526,1518,2357,811,850,2846,2606,1032,3
486,1964,1686,1526,1517,2356,817,850,2806,2606,1033,3
487,1996,1691,1526,1518,2358,819,850,2761,2606,1034,3
488,1979,1691,1526,1518,2361,817,849,2765,2607,1034,3
489,1970,1690,1526,1519,2358,818,851,2826,2607,1032,3
490,1970,1687,1527,1519,2359,818,849,2862,2607,1034,3
491,1968,1688,1528,1519,2359,817,854,2896,2609,1034,3
492,1967,1707,1526,1515,2358,818,854,2897,2608,1034,3
493,1970,1699,1526,1519,2358,819,851,2855,2609,1033,3
494,1972,1694,1526,1519,2358,818,853,2810,2610,1034,3
495,1971,1694,1526,1521,2360,817,853,2766,2610,1033,3
496,1974,1691,1526,1519,2360,818,854,2770,2611,1033,3
497,1975,1691,1527,1522,2360,817,854,2824,2610,1034,3
498,1974,1690,1526,1520,2359,818,854,2861,2611,1034,3
499,1975,1694,1526,1520,2360,818,854,2894,2611,1034,3
500,1976,1691,1527,1522,2359,820,856,2891,2612,1033,3
501,1975,1691,1526,1522,2360,818,854,2854,2612,1033,3
502,1974,1693,1528,1521,2360,818,856,2816,2613,1034,3
503,1973,1692,1528,1521,2360,817,856,2770,2614,1034,3
504,1973,1698,1528,1522,2360,818,854,2774,2613,1034,3
505,1970,1702,1528,1522,2360,821,856,2824,2614,1034,3
506,1970,1709,1528,1523,2358,819,859,2856,2614,1035,3
507,1971,1687,1528,1522,2360,818,861,2896,2614,1034,3
508,1970,1689,1528,1522,2360,817,857,2899,2614,1034,3
509,1973,1692,1528,1524,2359,817,859,2850,2616,1035,3
510,1982,1694,1530,1523,2360,817,859,2809,2617,1035,3
511,2007,1692,1528,1522,2360,818,859,2765,2616,1035,3
512,1966,1688,1528,1523,2360,818,858,2769,2618,1035,3
513,1971,1686,1528,1523,2360,819,859,2820,2618,1034,3
514,1970,1699,1528,1523,2360,820,858,2856,2617,1035,3
515,1972,1697,1529,1522,2362,819,860,2890,2617,1037,3
516,1956,1693,1528,1524,2361,820,861,2899,2618,1036,3
517,1980,1696,1528,1522,2360,821,859,2858,2618,1034,3
518,1971,1700,1528,1524,2360,818,861,2818,2619,1035,3
519,1973,1686,1528,1524,2360,818,862,2772,2619,1036,3
520,1972,1694,1530,1525,2360,818,862,2766,2618,1036,3
521,1995,1697,1530,1524,2360,818,860,2819,2619,1034,3
522,1968,1688,1528,1526,2359,819,860,2856,2620,1036,3
523,1971,1703,1530,1525,2360,819,859,2890,2620,1036,3
524,1968,1697,1529,1526,2362,819,865,2899,2620,1035,3
525,1958,1692,1529,1524,2360,817,862,2859,2622,1035,3
526,1973,1702,1530,1526,2361,818,862,2818,2622,1036,3
527,1971,1690,1528,1526,2360,818,861,2772,2624,1036,3
528,1987,1694,1524,1524,2360,818,860,2770,2624,1036,3
529,1969,1691,1530,1524,2361,818,863,2818,2624,1037,3
530,1970,1699,1530,1525,2361,818,866,2854,2624,1036,3
531,1959,1691,1529,1524,2361,818,862,2897,2624,1037,3
532,1973,1701,1530,1526,2362,819,864,2894,2626,1036,3
533,1975,1691,1530,1523,2360,820,861,2861,2626,1037,3
534,1994,1695,1530,1525,2361,819,865,2816,2626,1036,3
535,1974,1686,1529,1524,2362,810,864,2769,2626,1038,3
536,1967,1694,1530,1526,2361,819,865,2779,2626,1037,3
537,1976,1697,1530,1526,2362,819,864,2825,2627,1037,3
538,1970,1690,1530,1525,2361,818,868,2859,2627,1038,3
539,1990,1698,1531,1527,2362,820,866,2890,2627,1038,3
540,1970,1689,1530,1526,2361,810,866,2894,2627,1038,3
541,1971,1696,1531,1526,2361,820,866,2866,2628,1038,3
542,1974,1698,1530,1526,2362,819,864,2822,2628,1038,3
543,1975,1691,1531,1526,2362,820,864,2774,2628,1036,3
544,1962,1693,1531,1525,2362,819,866,2771,2629,1037,3
545,1975,1699,1532,1527,2361,820,860,2814,2629,1038,3
546,1946,1692,1531,1526,2362,820,866,2859,2629,1039,3
547,1977,1712,1531,1525,2361,821,866,2896,2630,1036,3
548,1989,1699,1526,1526,2362,819,866,2894,2630,1038,3
549,1975,1682,1531,1525,2362,819,867,2859,2630,1038,3
550,1957,1694,1531,1526,2363,818,866,2826,2630,1038,3
551,1971,1707,1531,1521,2363,819,867,2774,2631,1039,3
552,1987,1697,1531,1526,2362,820,866,2771,2630,1038,3
553,1974,1684,1531,1524,2362,821,863,2814,2630,1038,3
554,1953,1692,1542,1528,2362,819,867,2859,2632,1038,3
555,1974,1712,1530,1528,2363,819,868,2897,2632,1038,3
556,2003,1700,1531,1528,2362,819,868,2893,2630,1038,3
557,1973,1700,1532,1528,2363,820,868,2860,2632,1038,3
558,1979,1699,1531,1526,2363,820,869,2825,2632,1038,3
559,1973,1697,1532,1528,2363,820,868,2776,2633,1038,3
560,1972,1691,1532,1528,2363,819,869,2771,2634,1038,3
561,1969,1702,1531,1528,2363,818,868,2822,2634,1038,3
562,1979,1706,1533,1518,2364,821,868,2858,2634,1038,3
563,1993,1699,1527,1526,2363,819,869,2890,2634,1038,3
564,1974,1702,1533,1529,2362,818,867,2898,2634,1039,3
565,1980,1699,1531,1526,2363,821,867,2869,2633,1039,3
566,1976,1694,1533,1528,2363,817,870,2819,2634,1038,3
567,1973,1686,1536,1528,2363,819,870,2771,2635,1038,3
568,1957,1696,1533,1528,2364,818,869,2777,2635,1040,3
569,1977,1693,1532,1528,2363,819,870,2818,2635,1039,3
570,1971,1694,1532,1528,2364,821,870,2846,2636,1038,3
571,1966,1696,1531,1526,2366,820,868,2897,2634,1040,3
572,1974,1694,1532,1529,2363,818,876,2899,2636,1039,3
573,1973,1694,1536,1530,2363,820,871,2866,2636,1040,3
574,1966,1697,1533,1528,2356,821,870,2831,2636,1040,3
575,1977,1718,1534,1528,2362,820,874,2778,2636,1039,3
576,1970,1696,1533,1526,2364,820,872,2773,2637,1040,3
577,1969,1696,1536,1529,2360,818,872,2818,2638,1040,3
578,1976,1694,1533,1527,2363,820,874,2858,2636,1040,3
579,1975,1694,1536,1529,2365,821,872,2890,2638,1039,3
580,1960,1698,1532,1528,2364,820,872,2901,2638,1040,3
581,1978,1693,1534,1528,2364,820,870,2872,2636,1039,3
582,1973,1691,1536,1528,2365,816,874,2826,2638,1040,3
583,1947,1692,1536,1528,2364,819,873,2779,2639,1038,3
584,1975,1697,1536,1528,2363,819,872,2770,2639,1040,3
585,1978,1678,1536,1528,2364,820,870,2808,2639,1039,3
586,1979,1703,1533,1527,2365,820,870,2854,2638,1038,3
587,1993,1700,1537,1530,2365,821,870,2888,2640,1040,3
588,1973,1702,1536,1529,2365,820,874,2892,2640,1040,3
589,1978,1709,1536,1530,2365,820,874,2874,2639,1041,3
590,1972,1695,1536,1529,2364,819,873,2827,2640,1040,3
591,1957,1699,1536,1528,2365,820,872,2780,2641,1041,3
592,1976,1697,1534,1527,2366,820,871,2769,2640,1040,3
593,1976,1684,1536,1528,2364,820,865,2806,2641,1040,3
594,1980,1706,1536,1528,2366,819,871,2854,2640,1042,3
595,2016,1703,1536,1530,2365,819,874,2890,2642,1040,3
596,1968,1701,1538,1529,2364,819,873,2895,2642,1040,3
597,1975,1698,1536,1530,2365,819,872,2874,2641,1042,3
598,1975,1679,1537,1530,2365,820,870,2827,2641,1041,3
599,1980,1704,1536,1530,2364,820,874,2780,2641,1042,3
600,1965,1695,1538,1528,2365,819,873,2771,2642,1039,3
601,1967,1698,1538,1529,2366,820,874,2811,2643,1040,3
602,1977,1698,1538,1530,2365,819,872,2842,2642,1041,3
603,1979,1704,1538,1530,2364,820,875,2889,2643,1040,3
604,1976,1708,1538,1526,2365,820,874,2898,2642,1042,3
605,1975,1695,1538,1530,2366,820,874,2872,2643,1042,3
606,1988,1701,1536,1530,2366,819,870,2837,2643,1042,3
607,1993,1700,1527,1529,2365,821,874,2775,2643,1042,3
608,1973,1704,1537,1528,2366,822,872,2778,2645,1042,3
609,1980,1694,1538,1531,2366,820,874,2810,2644,1041,3
610,1976,1707,1537,1528,2368,822,867,2843,2642,1042,3
611,1980,1708,1539,1528,2366,822,874,2894,2645,1042,3
612,1974,1692,1538,1530,2366,821,874,2894,2644,1042,3
613,1983,1702,1538,1530,2366,821,873,2881,2646,1041,3
614,2002,1699,1538,1530,2366,820,874,2834,2645,1042,3
615,1967,1696,1538,1530,2370,821,874,2782,2645,1041,3
616,1982,1699,1537,1529,2368,822,873,2769,2646,1040,3
617,1978,1702,1538,1530,2368,820,875,2803,2645,1040,3
618,1978,1695,1538,1530,2368,821,874,2846,2646,1042,3
619,1979,1682,1539,1530,2366,821,872,2886,2646,1041,3
620,1978,1710,1538,1522,2365,821,874,2899,2646,1042,3
621,1974,1694,1538,1531,2366,814,875,2875,2646,1041,3
622,1980,1700,1538,1531,2366,822,873,2843,2646,1041,3
623,1972,1702,1539,1531,2368,822,874,2778,2641,1042,3
624,1988,1701,1537,1529,2368,823,872,2776,2647,1042,3
625,2001,1703,1540,1531,2368,821,874,2800,2647,1042,3
626,1960,1700,1548,1529,2369,820,873,2845,2646,1042,3
627,1990,1703,1538,1529,2365,821,874,2886,2648,1042,3
628,1968,1701,1538,1530,2360,822,873,2902,2648,1042,3
629,1981,1703,1538,1529,2368,822,874,2875,2647,1041,3
630,1976,1704,1538,1531,2366,820,875,2846,2648,1041,3
631,1978,1699,1539,1531,2368,822,875,2786,2648,1042,3
632,1978,1705,1539,1530,2368,822,875,2771,2648,1040,3
633,1978,1698,1539,1530,2368,821,874,2803,2648,1042,3
634,1981,1706,1538,1530,2370,822,875,2838,2648,1044,3
635,1979,1699,1538,1531,2369,822,873,2890,2649,1040,3
636,1980,1704,1538,1530,2369,822,875,2894,2649,1042,3
637,1978,1698,1539,1531,2368,821,875,2886,2648,1043,3
638,1979,1706,1540,1530,2368,822,876,2840,2650,1042,3
639,1979,1696,1538,1530,2368,821,874,2790,2650,1042,3
640,1981,1707,1539,1531,2369,821,877,2771,2648,1042,3
641,1978,1698,1539,1530,2369,821,877,2802,2650,1042,3
642,1981,1708,1539,1531,2369,821,877,2838,2650,1043,3
643,1979,1695,1540,1530,2370,820,876,2888,2650,1042,3
644,1981,1706,1540,1530,2369,821,877,2896,2650,1042,3
645,1978,1699,1540,1530,2370,821,875,2888,2650,1042,3
646,1980,1706,1540,1530,2370,821,876,2843,2650,1048,3
647,1978,1700,1542,1530,2369,821,874,2791,2651,1043,3
648,1979,1707,1539,1531,2370,822,878,2779,2651,1043,3
649,1980,1700,1539,1530,2370,823,875,2793,2650,1042,3
650,1976,1702,1540,1531,2369,820,877,2840,2651,1043,3
651,1986,1702,1540,1531,2371,822,875,2881,2651,1042,3
652,1970,1704,1540,1531,2371,821,875,2902,2651,1042,3
653,1993,1704,1541,1530,2370,821,875,2883,2651,1043,3
654,1966,1701,1540,1530,2370,822,875,2852,2651,1043,3
655,2006,1704,1541,1531,2370,821,875,2787,2652,1042,3
656,1968,1706,1540,1531,2370,821,876,2776,2652,1043,3
657,1973,1702,1540,1531,2370,821,877,2794,2653,1042,3
658,1986,1707,1541,1531,2371,821,876,2837,2651,1043,3
659,1978,1699,1541,1530,2368,822,875,2880,2652,1044,3
660,1979,1713,1540,1532,2370,821,878,2900,2652,1043,3
661,1979,1684,1541,1532,2370,821,872,2883,2653,1043,3
662,1980,1699,1541,1531,2371,820,875,2854,2654,1043,3
663,1978,1706,1542,1530,2370,822,878,2790,2651,1043,3
664,1979,1702,1542,1531,2370,822,876,2769,2653,1042,3
665,1971,1705,1539,1530,2360,822,875,2797,2653,1043,3
666,1994,1703,1544,1531,2370,821,876,2832,2655,1042,3
667,1948,1702,1541,1530,2371,822,875,2884,2653,1042,3
668,1974,1698,1541,1532,2370,819,877,2896,2654,1042,3
669,1984,1710,1542,1531,2370,822,877,2890,2654,1044,3
670,1979,1690,1541,1536,2372,822,875,2850,2654,1043,3
671,1978,1698,1542,1531,2371,821,877,2798,2653,1042,3
672,1978,1706,1542,1531,2370,822,878,2770,2656,1043,3
673,1982,1702,1542,1531,2370,822,878,2788,2655,1042,3
674,1970,1702,1542,1532,2371,822,878,2834,2656,1043,3
675,2012,1706,1542,1531,2370,823,877,2877,2654,1043,3
676,1987,1704,1541,1531,2369,820,877,2900,2657,1044,3
677,1978,1694,1542,1533,2371,821,878,2888,2656,1042,3
678,1984,1722,1542,1531,2371,819,886,2863,2656,1043,3
679,1980,1706,1542,1531,2371,822,879,2796,2656,1043,3
680,1982,1702,1542,1531,2371,821,878,2770,2656,1044,3
681,1964,1704,1544,1530,2371,822,877,2794,2656,1043,3
682,1980,1703,1543,1531,2371,821,879,2827,2656,1044,3
683,1987,1707,1542,1531,2370,820,877,2880,2656,1044,3
684,1980,1687,1541,1532,2371,822,878,2896,2656,1044,3
685,1979,1702,1543,1530,2371,821,879,2895,2658,1042,3
686,1976,1704,1544,1532,2371,821,879,2856,2658,1046,3
687,1998,1705,1539,1531,2371,821,878,2798,2657,1043,3
688,1986,1706,1542,1531,2371,821,878,2777,2659,1044,3
689,1979,1698,1544,1530,2372,821,880,2791,2658,1044,3
690,1981,1700,1542,1532,2371,820,875,2830,2657,1046,3
691,1979,1707,1542,1533,2371,821,880,2883,2658,1044,3
692,1994,1704,1544,1530,2374,821,879,2899,2658,1043,3
693,1989,1705,1543,1532,2373,821,878,2896,2658,1046,3
694,1978,1698,1542,1531,2371,813,879,2859,2658,1045,3
695,1984,1709,1542,1531,2372,821,878,2807,2659,1043,3
696,1980,1706,1543,1531,2372,821,879,2782,2658,1046,3
697,1996,1705,1543,1531,2370,822,878,2783,2658,1044,3
698,1989,1706,1543,1531,2371,822,879,2826,2662,1044,3
699,1981,1696,1543,1531,2373,821,879,2870,2659,1046,3
700,1982,1702,1542,1531,2372,822,879,2898,2658,1044,3
701,1975,1706,1544,1532,2372,821,880,2905,2659,1044,3
702,2012,1706,1543,1532,2372,822,879,2866,2659,1044,3
703,1990,1709,1543,1531,2372,822,877,2811,2660,1043,3
704,1980,1712,1542,1531,2372,822,879,2776,2660,1043,3
705,1985,1705,1544,1532,2372,821,878,2777,2659,1044,3
706,1959,1704,1543,1531,2373,821,879,2820,2660,1046,3
707,1979,1704,1544,1530,2372,822,877,2866,2659,1045,3
708,1981,1728,1544,1531,2372,822,885,2899,2660,1044,3
709,1982,1708,1544,1532,2372,821,881,2906,2660,1046,3
710,1999,1707,1545,1531,2372,821,878,2867,2659,1046,3
711,1986,1711,1542,1531,2372,822,878,2814,2659,1046,3
712,1982,1693,1543,1530,2372,824,881,2779,2659,1046,3
713,1981,1704,1544,1531,2373,821,879,2776,2659,1046,3
714,1954,1703,1544,1532,2374,822,879,2816,2660,1046,3
715,1980,1703,1544,1531,2373,824,880,2866,2662,1043,3
716,1980,1702,1544,1531,2373,822,878,2896,2662,1043,3
717,1978,1707,1546,1531,2373,822,878,2902,2661,1043,3
718,1973,1706,1544,1533,2373,822,879,2880,2661,1046,3
719,1985,1715,1544,1534,2372,821,879,2819,2660,1045,3
720,1981,1711,1544,1530,2374,824,878,2777,2661,1044,3
