Count,S1,S2,S3,S4,S5,S6,S7,S8,S9,S10,Flag
1,2144,1846,1712,1640,2594,854,986,2883,2873,1152,0
2,2146,1834,1714,1642,2594,854,985,2910,2874,1153,0
3,2148,1830,1712,1642,2595,854,982,2924,2874,1154,0
4,2147,1834,1711,1639,2603,855,980,2895,2875,1152,0
5,2144,1831,1714,1640,2594,854,985,2867,2874,1152,0
6,2153,1834,1708,1640,2594,855,982,2842,2874,1154,0
7,2141,1829,1712,1640,2594,855,984,2857,2873,1154,0
8,2171,1835,1712,1641,2595,854,984,2891,2871,1153,0
9,2142,1825,1712,1642,2595,856,984,2918,2874,1154,0
10,2146,1845,1712,1641,2594,856,985,2920,2875,1152,0
11,2151,1839,1713,1641,2594,857,982,2888,2874,1153,0
12,2142,1831,1712,1640,2596,855,982,2854,2874,1154,0
13,2146,1848,1713,1640,2595,855,987,2848,2874,1152,0
14,2149,1832,1713,1640,2595,856,981,2867,2874,1152,0
15,2168,1838,1715,1641,2594,856,983,2904,2875,1153,0
16,2152,1834,1713,1641,2595,856,980,2919,2875,1152,0
17,2141,1830,1714,1642,2594,847,984,2904,2875,1154,0
18,2139,1833,1713,1638,2595,856,982,2867,2875,1153,0
19,2147,1814,1714,1641,2595,854,986,2844,2874,1153,0
20,2143,1834,1715,1640,2594,856,983,2856,2875,1153,0
21,2146,1838,1714,1640,2595,856,983,2891,2877,1153,1
22,2130,1835,1714,1641,2595,854,983,2920,2876,1153,1
23,2136,1834,1714,1642,2596,855,984,2924,2878,1153,1
24,2153,1837,1714,1640,2596,865,983,2894,2876,1155,1
25,2146,1832,1714,1642,2594,854,982,2860,2877,1154,1
26,2145,1828,1715,1640,2595,854,979,2849,2876,1152,1
27,2155,1834,1716,1641,2597,855,983,2866,2878,1154,1
28,2148,1833,1715,1642,2598,855,983,2898,2878,1153,1
29,2139,1831,1715,1641,2597,855,984,2918,2878,1155,1
30,2147,1839,1715,1641,2597,856,986,2912,2876,1156,1
31,2144,1819,1715,1640,2596,855,977,2875,2877,1153,1
32,2142,1835,1715,1643,2587,856,980,2844,2876,1153,1
33,2146,1836,1714,1640,2594,855,984,2853,2876,1154,1
34,2158,1837,1715,1642,2597,855,983,2883,2878,1153,1
35,2151,1848,1715,1642,2598,855,986,2920,2876,1154,1
36,2151,1837,1714,1642,2596,854,985,2922,2877,1154,1
37,2142,1846,1714,1643,2598,856,988,2901,2880,1155,1
38,2152,1838,1715,1641,2597,855,982,2865,2878,1154,1
39,2148,1842,1715,1642,2597,856,984,2846,2880,1154,1
40,2146,1857,1715,1642,2596,855,992,2862,2880,1155,1
41,2151,1837,1715,1641,2598,856,984,2896,2878,1155,1
42,2154,1840,1715,1641,2598,854,984,2924,2878,1153,1
43,2139,1838,1714,1642,2598,855,984,2922,2878,1154,1
44,2138,1835,1724,1642,2598,855,982,2886,2881,1155,1
45,2127,1834,1715,1642,2597,854,986,2852,2881,1156,1
46,2145,1838,1716,1644,2596,855,986,2842,2880,1156,1
47,2150,1840,1717,1643,2597,855,985,2871,2880,1155,1
48,2144,1833,1717,1644,2598,855,985,2906,2881,1155,1
49,2145,1833,1715,1645,2600,854,987,2917,2880,1156,1
50,2146,1834,1716,1643,2599,856,986,2903,2880,1156,1
51,2146,1837,1716,1644,2599,856,986,2867,2881,1155,1
52,2146,1836,1717,1646,2598,855,987,2851,2882,1156,1
53,2154,1842,1716,1646,2598,856,988,2859,2881,1155,1
54,2152,1843,1716,1648,2598,857,987,2892,2882,1155,1
55,2155,1842,1716,1649,2599,856,989,2920,2882,1158,1
56,2149,1842,1718,1649,2598,855,990,2922,2883,1158,1
57,2148,1840,1718,1649,2598,856,993,2892,2884,1157,1
58,2189,1837,1718,1650,2600,854,989,2857,2880,1158,1
59,2167,1839,1718,1651,2598,857,990,2846,2885,1158,1
60,2162,1841,1720,1652,2598,856,993,2870,2884,1157,1
61,2151,1849,1718,1654,2600,857,996,2905,2886,1160,1
62,2151,1845,1718,1654,2598,857,994,2923,2886,1158,1
63,2150,1840,1718,1655,2599,857,996,2917,2886,1162,1
64,2149,1842,1719,1657,2598,856,998,2878,2887,1162,1
65,2153,1843,1720,1657,2600,856,997,2854,2888,1162,1
66,2167,1840,1720,1659,2601,855,997,2856,2888,1161,1
67,2158,1839,1718,1659,2600,856,1000,2884,2888,1162,1
68,2144,1840,1720,1662,2600,855,1001,2908,2890,1163,1
69,2151,1843,1720,1664,2601,856,1001,2926,2891,1163,1
70,2156,1839,1719,1666,2602,854,1002,2915,2891,1165,1
71,2152,1841,1719,1667,2602,856,1004,2893,2891,1165,1
72,2155,1843,1720,1667,2602,856,1005,2876,2892,1165,1
73,2155,1847,1722,1668,2600,856,1007,2862,2893,1164,1
74,2155,1856,1722,1671,2601,855,1010,2862,2894,1166,1
75,2158,1850,1723,1672,2603,855,1007,2889,2895,1165,1
76,2155,1834,1720,1673,2601,854,1008,2914,2895,1166,1
77,2152,1840,1723,1674,2603,855,1009,2928,2896,1166,1
78,2163,1846,1722,1674,2602,856,1011,2920,2897,1168,1
79,2142,1840,1723,1675,2603,855,1013,2893,2898,1168,1
80,2166,1843,1724,1676,2602,856,1012,2882,2898,1170,1
81,2161,1843,1724,1677,2603,858,1013,2862,2899,1170,1
82,2156,1846,1724,1677,2602,858,1016,2873,2899,1169,1
83,2161,1845,1724,1680,2602,856,1015,2899,2900,1171,1
84,2157,1840,1724,1681,2603,856,1016,2915,2901,1171,1
85,2166,1851,1728,1682,2602,857,1015,2923,2902,1171,1
86,2155,1839,1725,1682,2603,858,1016,2927,2901,1172,1
87,2198,1846,1726,1685,2603,857,1018,2899,2903,1172,1
88,2132,1842,1725,1685,2603,856,1018,2872,2902,1172,1
89,2155,1844,1725,1686,2598,855,1022,2872,2902,1173,1
90,2162,1846,1726,1687,2603,856,1021,2871,2904,1172,1
91,2160,1846,1728,1688,2604,857,1024,2893,2904,1172,1
92,2159,1848,1729,1688,2606,858,1026,2917,2905,1172,1
93,2159,1837,1730,1690,2605,858,1027,2923,2904,1172,1
94,2165,1852,1729,1689,2604,861,1025,2915,2905,1174,1
95,2135,1843,1729,1691,2606,858,1027,2885,2907,1173,1
96,2178,1849,1729,1691,2607,858,1027,2875,2908,1175,1
97,2163,1848,1730,1693,2606,858,1027,2858,2908,1174,1
98,2163,1851,1729,1691,2607,858,1030,2874,2908,1176,1
99,2165,1853,1730,1693,2606,856,1029,2899,2908,1176,1
100,2160,1844,1731,1694,2606,857,1027,2916,2909,1175,1
101,2176,1849,1723,1694,2606,857,1028,2921,2908,1176,1
102,2161,1851,1731,1696,2606,857,1030,2916,2910,1176,1
103,2165,1853,1731,1694,2608,858,1032,2894,2910,1176,1
104,2167,1846,1731,1698,2607,858,1032,2866,2910,1176,1
105,2168,1854,1731,1698,2607,862,1032,2860,2910,1178,1
106,2164,1845,1731,1699,2607,858,1035,2875,2910,1177,1
107,2186,1851,1732,1698,2608,858,1034,2905,2910,1178,1
108,2159,1848,1732,1698,2608,856,1034,2920,2910,1177,1
109,2167,1850,1731,1698,2608,858,1035,2928,2910,1176,1
110,2166,1851,1734,1698,2609,856,1035,2918,2910,1178,1
111,2172,1862,1732,1700,2610,859,1036,2887,2910,1178,1
112,2164,1845,1733,1699,2609,859,1036,2869,2912,1178,1
113,2195,1852,1733,1700,2608,858,1035,2866,2912,1178,1
114,2154,1849,1734,1699,2607,858,1036,2870,2912,1178,1
115,2170,1852,1734,1698,2608,858,1034,2904,2911,1177,1
116,2168,1850,1734,1699,2609,858,1033,2918,2910,1177,1
117,2174,1862,1734,1692,2609,858,1034,2922,2912,1177,1
118,2164,1845,1736,1699,2609,858,1032,2915,2912,1177,1
119,2198,1852,1735,1698,2610,859,1034,2890,2910,1177,1
120,2155,1850,1736,1698,2609,856,1032,2856,2909,1178,1
121,2170,1853,1737,1697,2610,857,1032,2860,2908,1176,2
122,2178,1858,1739,1700,2613,859,1030,2875,2909,1178,2
123,2184,1860,1739,1697,2614,859,1031,2902,2907,1176,2
124,2179,1859,1738,1696,2614,860,1029,2923,2908,1178,2
125,2182,1859,1739,1694,2614,861,1027,2926,2907,1176,2
126,2178,1858,1740,1690,2613,860,1025,2906,2907,1176,2
127,2184,1859,1739,1688,2613,858,1024,2875,2906,1176,2
128,2178,1859,1740,1685,2613,860,1020,2862,2907,1175,2
129,2183,1858,1739,1682,2613,858,1019,2862,2906,1176,2
130,2179,1862,1739,1680,2614,860,1018,2882,2904,1173,2
131,2181,1859,1739,1677,2614,858,1016,2910,2904,1175,2
132,2180,1862,1740,1675,2612,859,1013,2929,2904,1174,2
133,2181,1859,1740,1673,2614,859,1011,2928,2902,1174,2
134,2179,1859,1740,1671,2613,859,1010,2906,2903,1173,2
135,2179,1858,1740,1669,2613,859,1008,2872,2900,1172,2
136,2179,1858,1740,1667,2613,858,1006,2850,2901,1172,2
137,2178,1856,1739,1666,2614,860,1004,2854,2900,1171,2
138,2179,1860,1741,1660,2612,860,1001,2875,2899,1172,2
139,2181,1858,1741,1658,2614,859,999,2909,2899,1171,2
140,2180,1859,1741,1658,2612,860,998,2926,2897,1170,2
141,2182,1859,1740,1653,2614,859,995,2922,2897,1170,2
142,2180,1861,1740,1650,2612,862,993,2899,2895,1170,2
143,2178,1858,1739,1648,2614,859,992,2856,2894,1170,2
144,2180,1859,1741,1646,2612,860,987,2838,2894,1168,2
145,2179,1856,1741,1645,2614,861,985,2843,2894,1167,2
146,2178,1858,1740,1643,2613,859,984,2872,2892,1167,2
147,2179,1858,1740,1640,2613,859,981,2908,2891,1165,2
148,2179,1860,1739,1638,2614,860,977,2924,2890,1166,2
149,2179,1857,1739,1635,2614,858,978,2918,2890,1167,2
150,2177,1859,1739,1635,2611,860,975,2890,2888,1164,2
151,2178,1858,1739,1630,2613,863,972,2843,2886,1164,2
152,2176,1858,1738,1630,2611,860,969,2826,2888,1163,2
153,2178,1858,1738,1626,2613,861,968,2838,2884,1163,2
154,2179,1859,1738,1624,2614,859,964,2865,2883,1162,2
155,2178,1857,1740,1623,2612,859,965,2907,2884,1163,2
156,2177,1858,1738,1622,2611,859,962,2920,2882,1161,2
157,2178,1858,1738,1620,2613,859,960,2909,2882,1162,2
158,2176,1858,1738,1618,2611,859,956,2882,2881,1161,2
159,2177,1857,1739,1616,2612,859,955,2830,2880,1161,2
160,2178,1856,1738,1615,2610,859,954,2817,2878,1160,2
161,2176,1853,1738,1613,2611,859,952,2833,2875,1160,2
162,2177,1858,1738,1610,2611,860,949,2866,2874,1157,2
163,2178,1857,1739,1609,2611,861,947,2909,2874,1157,2
164,2177,1856,1738,1606,2612,859,946,2919,2873,1158,2
165,2176,1852,1738,1608,2611,859,944,2905,2874,1158,2
166,2176,1856,1737,1605,2611,858,942,2870,2872,1155,2
167,2174,1854,1736,1604,2611,858,940,2816,2871,1158,2
168,2176,1854,1738,1600,2611,859,939,2805,2868,1156,2
169,2171,1857,1737,1601,2611,860,938,2826,2868,1156,2
170,2170,1858,1736,1600,2610,859,936,2862,2867,1155,2
171,2176,1854,1734,1595,2611,859,935,2907,2866,1155,2
172,2171,1854,1734,1595,2610,858,934,2914,2865,1155,2
173,2174,1856,1736,1593,2610,858,931,2896,2865,1155,2
174,2168,1853,1736,1590,2609,859,928,2859,2862,1154,2
175,2172,1856,1734,1590,2610,858,928,2806,2862,1152,2
176,2168,1856,1735,1589,2608,858,925,2799,2861,1152,2
177,2174,1852,1734,1588,2611,859,924,2828,2859,1154,2
178,2168,1856,1734,1586,2610,859,921,2865,2859,1152,2
179,2170,1858,1734,1584,2610,859,922,2908,2858,1152,2
180,2168,1852,1734,1584,2608,858,920,2914,2857,1152,2
181,2170,1854,1734,1582,2610,859,918,2894,2856,1149,2
182,2166,1851,1733,1581,2608,858,916,2851,2856,1148,2
183,2169,1851,1736,1579,2607,858,917,2796,2856,1147,2
184,2165,1851,1733,1579,2608,858,913,2792,2853,1148,2
185,2169,1851,1734,1578,2609,859,913,2827,2854,1147,2
186,2165,1850,1734,1578,2607,858,910,2862,2852,1147,2
187,2168,1851,1734,1577,2610,858,909,2904,2851,1147,2
188,2164,1851,1733,1575,2608,858,908,2910,2851,1146,2
189,2168,1849,1733,1574,2607,858,907,2884,2850,1146,2
190,2163,1851,1731,1575,2606,858,905,2842,2848,1145,2
191,2163,1850,1731,1573,2608,858,904,2787,2848,1145,2
192,2163,1851,1732,1573,2607,858,903,2786,2845,1145,2
193,2163,1851,1731,1570,2607,857,902,2824,2846,1145,2
194,2163,1850,1730,1570,2607,857,902,2862,2843,1145,2
195,2163,1850,1731,1569,2606,857,901,2904,2843,1143,2
196,2162,1850,1731,1570,2606,858,900,2907,2842,1143,2
197,2162,1848,1731,1567,2607,858,898,2875,2842,1142,2
198,2159,1848,1731,1566,2606,859,896,2831,2840,1142,2
199,2161,1850,1730,1565,2606,858,897,2779,2839,1141,2
200,2158,1848,1730,1566,2604,856,893,2783,2840,1141,2
201,2163,1848,1730,1564,2606,857,891,2827,2838,1141,2
202,2158,1847,1728,1564,2605,857,891,2867,2838,1140,2
203,2161,1848,1728,1562,2606,858,889,2906,2838,1140,2
204,2157,1846,1729,1560,2603,858,889,2908,2835,1139,2
205,2162,1847,1728,1561,2606,857,888,2870,2834,1139,2
206,2157,1847,1728,1560,2604,858,887,2826,2834,1138,2
207,2159,1846,1726,1561,2606,857,884,2774,2832,1138,2
208,2155,1848,1726,1560,2604,858,886,2776,2831,1138,2
209,2158,1845,1724,1560,2603,858,884,2830,2830,1138,2
210,2154,1846,1725,1560,2603,856,882,2869,2829,1137,2
211,2155,1843,1725,1558,2604,856,883,2905,2830,1138,2
212,2156,1845,1725,1558,2603,856,879,2906,2827,1138,2
213,2154,1843,1725,1557,2603,855,882,2863,2827,1137,2
214,2153,1842,1725,1558,2602,856,880,2820,2827,1136,2
215,2152,1841,1725,1556,2603,855,879,2768,2827,1135,2
216,2152,1846,1725,1556,2602,857,879,2774,2825,1137,2
217,2154,1843,1725,1555,2604,855,877,2830,2825,1135,2
218,2152,1843,1725,1555,2602,856,878,2867,2824,1134,2
219,2152,1844,1723,1554,2603,855,875,2903,2823,1134,2
220,2152,1842,1723,1555,2603,856,876,2902,2822,1134,2
221,2150,1844,1720,1554,2601,857,874,2854,2820,1132,2
222,2150,1842,1722,1554,2602,856,874,2808,2821,1134,2
223,2150,1843,1722,1553,2603,856,872,2762,2819,1133,2
224,2150,1841,1722,1552,2602,857,874,2768,2818,1134,2
225,2150,1840,1722,1552,2601,855,871,2832,2818,1131,2
226,2147,1842,1720,1550,2602,856,870,2869,2816,1132,2
227,2147,1840,1720,1553,2602,855,870,2903,2816,1132,2
228,2148,1840,1720,1554,2602,856,870,2900,2814,1132,2
229,2146,1841,1719,1552,2600,856,868,2846,2813,1131,2
230,2146,1838,1720,1550,2600,855,868,2802,2812,1130,2
231,2146,1840,1720,1551,2600,855,867,2761,2811,1131,2
232,2146,1840,1720,1552,2600,856,868,2770,2810,1129,2
233,2147,1842,1718,1550,2599,856,863,2833,2810,1129,2
234,2143,1840,1719,1551,2600,855,866,2870,2808,1129,2
235,2146,1840,1716,1550,2601,855,864,2902,2807,1128,2
236,2144,1838,1718,1552,2598,855,864,2902,2808,1128,2
237,2144,1837,1717,1550,2599,854,864,2842,2808,1129,2
238,2142,1838,1718,1551,2598,854,862,2795,2806,1128,2
239,2142,1838,1716,1551,2598,856,861,2757,2806,1127,2
240,2141,1837,1718,1550,2598,854,862,2768,2805,1128,2
241,2146,1838,1717,1549,2599,854,861,2835,2805,1128,2
242,2141,1837,1715,1550,2599,855,860,2873,2804,1128,2
243,2144,1837,1714,1549,2599,855,861,2902,2803,1128,2
244,2139,1837,1714,1548,2600,855,860,2901,2800,1126,2
245,2142,1837,1715,1550,2598,854,859,2837,2802,1126,2
246,2139,1836,1715,1550,2598,855,858,2787,2800,1126,2
247,2142,1836,1715,1548,2598,855,859,2755,2800,1126,2
248,2138,1834,1715,1549,2598,855,858,2768,2799,1126,2
249,2142,1837,1714,1549,2598,854,857,2837,2799,1125,2
250,2138,1834,1714,1550,2598,853,856,2872,2798,1124,2
251,2138,1834,1714,1548,2598,853,857,2901,2798,1125,2
252,2138,1832,1712,1550,2597,854,857,2896,2796,1125,2
253,2137,1832,1714,1549,2597,854,856,2831,2795,1123,2
254,2136,1832,1712,1550,2596,854,855,2782,2794,1125,2
255,2135,1834,1712,1548,2596,856,854,2753,2794,1123,2
256,2136,1835,1712,1549,2595,854,853,2773,2793,1122,2
257,2135,1831,1713,1548,2595,855,853,2840,2794,1123,2
258,2134,1832,1712,1550,2595,854,854,2876,2792,1123,2
259,2135,1832,1712,1549,2595,854,852,2901,2790,1122,2
260,2132,1832,1710,1550,2594,853,853,2894,2790,1123,2
261,2132,1832,1710,1547,2595,855,852,2828,2790,1122,2
262,2130,1830,1708,1548,2595,854,850,2776,2790,1122,2
263,2131,1829,1708,1550,2595,854,852,2754,2787,1122,2
264,2132,1831,1707,1550,2594,853,850,2775,2787,1121,2
265,2132,1829,1708,1549,2594,854,851,2843,2787,1119,2
266,2131,1831,1707,1550,2594,854,850,2880,2786,1122,2
267,2130,1830,1709,1550,2594,854,849,2900,2786,1120,2
268,2130,1833,1707,1550,2593,854,850,2893,2786,1121,2
269,2129,1829,1706,1550,2594,854,848,2819,2785,1120,2
270,2128,1830,1707,1550,2592,854,848,2771,2785,1118,2
271,2131,1829,1708,1551,2594,854,847,2748,2784,1118,2
272,2128,1831,1706,1550,2591,854,848,2776,2782,1117,2
273,2130,1830,1707,1550,2594,854,848,2843,2782,1119,2
274,2126,1832,1705,1551,2590,854,848,2883,2780,1117,2
275,2129,1828,1706,1550,2592,855,847,2898,2781,1117,2
276,2127,1829,1704,1550,2592,855,846,2888,2779,1118,2
277,2126,1826,1706,1550,2590,855,846,2810,2780,1115,2
278,2124,1827,1705,1552,2590,854,846,2763,2778,1115,2
279,2127,1823,1704,1552,2592,852,846,2747,2779,1115,2
280,2126,1827,1704,1551,2590,854,845,2776,2777,1115,2
281,2127,1825,1704,1552,2590,854,845,2849,2777,1115,2
282,2125,1826,1704,1551,2590,854,845,2883,2776,1115,2
283,2126,1826,1703,1552,2590,854,845,2898,2775,1115,2
284,2125,1826,1703,1551,2590,854,846,2886,2774,1116,2
285,2124,1825,1703,1551,2588,854,842,2803,2774,1115,2
286,2123,1826,1702,1551,2587,854,843,2760,2774,1114,2
287,2123,1825,1702,1553,2590,853,843,2749,2774,1115,2
288,2123,1822,1701,1552,2588,854,843,2780,2773,1113,2
289,2124,1824,1702,1552,2589,852,843,2852,2773,1115,2
290,2122,1824,1701,1554,2588,854,842,2886,2771,1113,2
291,2123,1821,1701,1555,2589,852,845,2898,2771,1113,2
292,2121,1824,1702,1554,2589,853,842,2880,2770,1115,2
293,2123,1821,1701,1552,2588,854,842,2800,2770,1114,2
294,2120,1826,1701,1555,2586,854,841,2755,2769,1113,2
295,2122,1822,1700,1554,2588,854,842,2748,2770,1113,2
296,2119,1822,1699,1556,2587,852,842,2784,2768,1112,2
297,2119,1822,1699,1554,2587,853,842,2855,2767,1112,2
298,2119,1819,1699,1554,2587,854,842,2886,2766,1113,2
299,2120,1820,1699,1555,2587,852,841,2898,2766,1112,2
300,2118,1819,1699,1554,2586,854,840,2874,2766,1112,2
301,2122,1820,1698,1555,2587,852,840,2795,2766,1112,2
302,2118,1818,1698,1556,2586,852,840,2752,2765,1111,2
303,2122,1819,1698,1556,2586,853,841,2749,2763,1112,2
304,2118,1819,1698,1557,2586,851,841,2788,2763,1109,2
305,2121,1819,1698,1556,2586,851,840,2858,2763,1112,2
306,2118,1819,1696,1556,2586,852,841,2888,2763,1113,2
307,2119,1819,1698,1557,2586,852,840,2898,2762,1110,2
308,2116,1818,1698,1558,2583,854,839,2873,2762,1110,2
309,2119,1817,1697,1558,2585,850,840,2790,2762,1109,2
310,2117,1818,1694,1558,2584,852,840,2746,2760,1110,2
311,2115,1818,1694,1558,2584,853,839,2754,2759,1110,2
312,2116,1821,1694,1558,2583,852,840,2791,2760,1109,2
313,2116,1818,1694,1557,2585,853,840,2862,2758,1110,2
314,2114,1819,1694,1560,2584,851,840,2891,2758,1108,2
315,2114,1816,1694,1560,2584,853,839,2898,2758,1109,2
316,2115,1818,1694,1560,2582,852,838,2867,2757,1109,2
317,2112,1817,1694,1560,2584,852,839,2786,2758,1109,2
318,2115,1817,1691,1561,2582,852,838,2743,2756,1109,2
319,2112,1815,1691,1560,2584,851,839,2752,2755,1107,2
320,2110,1818,1692,1561,2582,852,837,2798,2754,1107,2
321,2110,1817,1690,1562,2584,853,838,2862,2754,1108,3
322,2112,1814,1692,1562,2582,850,839,2893,2754,1108,3
323,2113,1816,1689,1563,2582,852,839,2896,2752,1107,3
324,2110,1816,1690,1562,2581,853,835,2862,2754,1106,3
325,2106,1810,1688,1558,2577,849,840,2780,2750,1107,3
326,2102,1800,1688,1558,2577,850,836,2734,2749,1106,3
327,2107,1810,1686,1562,2575,850,838,2754,2754,1106,3
328,2101,1796,1686,1564,2577,850,837,2801,2747,1106,3
329,2100,1808,1686,1570,2578,848,838,2862,2749,1106,3
330,2101,1810,1686,1574,2576,842,836,2890,2749,1106,3
331,2103,1799,1686,1576,2577,850,837,2900,2749,1110,3
332,2107,1811,1686,1580,2576,850,838,2863,2748,1107,3
333,2101,1809,1685,1584,2577,850,840,2778,2748,1110,3
334,2114,1808,1686,1588,2577,850,839,2742,2748,1106,3
335,2102,1803,1686,1594,2577,850,841,2763,2749,1109,3
336,2072,1806,1688,1597,2577,850,841,2804,2749,1107,3
337,2106,1808,1686,1603,2576,851,843,2870,2749,1107,3
338,2102,1812,1686,1608,2576,851,843,2901,2749,1108,3
339,2104,1805,1687,1613,2576,850,845,2898,2749,1107,3
340,2119,1809,1687,1616,2578,851,845,2863,2749,1108,3
341,2106,1825,1686,1621,2576,850,848,2790,2749,1109,3
342,2106,1800,1688,1623,2577,851,848,2761,2750,1108,3
343,2104,1809,1687,1627,2577,850,850,2770,2752,1109,3
344,2106,1809,1687,1630,2576,850,849,2824,2750,1109,3
345,2116,1809,1687,1632,2577,850,850,2874,2750,1109,3
346,2114,1811,1692,1634,2577,850,850,2901,2750,1109,3
347,2110,1818,1688,1634,2577,850,852,2896,2753,1109,3
348,2117,1813,1700,1633,2576,850,851,2859,2754,1108,3
349,2075,1807,1687,1634,2578,850,855,2790,2754,1110,3
350,2107,1811,1690,1630,2578,851,854,2765,2756,1110,3
351,2114,1803,1688,1630,2577,850,854,2783,2754,1111,3
352,2134,1811,1690,1630,2577,850,854,2830,2753,1110,3
353,2114,1815,1690,1626,2576,850,856,2876,2753,1110,3
354,2114,1814,1690,1626,2576,850,856,2899,2753,1110,3
355,2117,1811,1689,1626,2577,851,858,2899,2754,1110,3
356,2108,1812,1689,1622,2578,850,863,2863,2755,1110,3
357,2115,1809,1688,1620,2576,850,858,2798,2754,1112,3
358,2112,1807,1691,1619,2578,850,859,2770,2755,1109,3
359,2108,1810,1690,1618,2576,850,858,2788,2756,1111,3
360,2120,1810,1688,1615,2577,850,858,2825,2755,1110,3
361,2117,1815,1690,1613,2577,849,859,2887,2756,1111,3
362,2114,1814,1690,1610,2577,850,859,2899,2755,1110,3
363,2118,1812,1688,1610,2570,850,859,2894,2757,1110,3
364,2106,1810,1689,1609,2577,851,861,2855,2759,1112,3
365,2114,1806,1688,1608,2576,850,860,2798,2758,1112,3
366,2114,1808,1688,1604,2578,850,861,2771,2758,1110,3
367,2110,1811,1688,1604,2577,849,862,2786,2760,1113,3
368,2102,1811,1688,1602,2577,851,860,2829,2759,1112,3
369,2108,1808,1690,1601,2576,850,861,2888,2760,1111,3
370,2112,1812,1688,1601,2576,850,865,2895,2760,1112,3
371,2109,1807,1688,1600,2576,849,866,2890,2761,1108,3
372,2074,1808,1689,1596,2576,850,866,2854,2762,1113,3
373,2106,1810,1688,1595,2577,850,866,2795,2761,1112,3
374,2118,1809,1688,1595,2577,849,865,2778,2762,1113,3
375,2119,1811,1689,1594,2576,850,868,2798,2762,1114,3
376,2108,1811,1688,1592,2576,849,869,2833,2763,1113,3
377,2117,1815,1688,1592,2576,850,867,2890,2763,1114,3
378,2112,1811,1688,1593,2575,850,868,2899,2763,1112,3
379,2118,1810,1688,1592,2577,849,870,2899,2764,1114,3
380,2107,1810,1688,1590,2575,850,868,2854,2764,1113,3
381,2115,1818,1688,1590,2574,849,872,2799,2766,1114,3
382,2116,1810,1687,1588,2576,850,870,2782,2766,1113,3
383,2106,1809,1687,1590,2575,850,872,2803,2765,1115,3
384,2108,1811,1688,1587,2575,850,870,2832,2766,1113,3
385,2121,1811,1686,1587,2575,849,873,2895,2767,1120,3
386,2118,1812,1687,1586,2576,851,872,2904,2767,1114,3
387,2114,1795,1688,1587,2575,850,874,2890,2768,1114,3
388,2104,1811,1687,1586,2578,850,866,2852,2767,1113,3
389,2109,1809,1686,1587,2578,850,874,2794,2767,1114,3
390,2115,1813,1687,1585,2576,851,873,2780,2768,1114,3
391,2110,1807,1688,1586,2577,849,874,2800,2768,1115,3
392,2106,1809,1688,1584,2578,849,877,2838,2770,1115,3
393,2114,1786,1688,1584,2576,850,877,2887,2766,1114,3
394,2119,1815,1687,1583,2576,850,876,2902,2770,1114,3
395,2118,1811,1688,1583,2577,849,878,2894,2771,1116,3
396,2106,1810,1689,1582,2577,850,876,2848,2771,1115,3
397,2142,1811,1686,1582,2581,849,877,2802,2771,1110,3
398,2123,1810,1688,1580,2576,850,877,2788,2771,1113,3
399,2120,1811,1688,1581,2577,849,878,2810,2771,1116,3
400,2115,1802,1688,1579,2577,851,877,2840,2771,1115,3
401,2120,1814,1688,1581,2576,849,880,2891,2772,1116,3
402,2125,1810,1688,1579,2576,850,878,2904,2772,1115,3
403,2115,1804,1688,1580,2576,850,879,2886,2772,1116,3
404,2116,1808,1687,1578,2576,851,882,2856,2774,1115,3
405,2114,1807,1688,1578,2576,850,881,2796,2773,1115,3
406,2116,1808,1688,1578,2575,850,886,2792,2774,1115,3
407,2116,1804,1688,1579,2576,849,881,2811,2773,1115,3
408,2130,1812,1688,1577,2579,850,879,2850,2774,1116,3
409,2119,1811,1686,1577,2577,850,880,2891,2774,1116,3
410,2116,1802,1688,1575,2577,850,881,2900,2775,1115,3
411,2120,1811,1688,1576,2577,849,880,2891,2776,1116,3
412,2080,1810,1688,1574,2576,850,878,2853,2775,1115,3
413,2126,1808,1688,1576,2578,850,881,2795,2776,1116,3
414,2127,1808,1686,1574,2577,851,880,2785,2776,1115,3
415,2104,1808,1688,1574,2575,850,884,2813,2776,1122,3
416,2096,1809,1690,1573,2576,850,882,2856,2777,1115,3
417,2138,1810,1688,1573,2577,849,882,2894,2776,1117,3
418,2112,1810,1689,1572,2576,851,881,2900,2777,1114,3
419,2117,1816,1688,1573,2577,850,884,2888,2777,1117,3
420,2116,1808,1688,1571,2576,851,885,2852,2778,1115,3
421,2108,1808,1687,1573,2576,849,885,2795,2778,1116,3
422,2120,1812,1688,1571,2576,850,883,2795,2778,1115,3
423,2114,1787,1688,1572,2575,851,883,2819,2779,1117,3
424,2102,1810,1689,1570,2570,851,884,2859,2780,1117,3
425,2114,1803,1688,1570,2576,850,885,2894,2779,1118,3
426,2110,1811,1688,1570,2576,851,885,2899,2781,1117,3
427,2114,1802,1688,1570,2577,850,886,2882,2781,1117,3
428,2106,1810,1688,1570,2576,851,886,2843,2782,1116,3
429,2116,1802,1688,1570,2576,851,886,2797,2782,1117,3
430,2128,1811,1688,1571,2578,849,888,2800,2784,1119,3
431,2120,1813,1688,1572,2575,850,890,2824,2786,1119,3
432,2117,1818,1687,1571,2577,850,888,2861,2786,1118,3
433,2086,1809,1688,1572,2576,850,890,2901,2786,1120,3
434,2126,1811,1686,1573,2578,850,891,2905,2787,1121,3
435,2118,1810,1688,1574,2577,850,892,2883,2787,1121,3
436,2118,1795,1688,1574,2577,851,891,2846,2788,1120,3
437,2118,1808,1690,1574,2577,851,893,2802,2790,1120,3
438,2121,1815,1689,1574,2576,850,893,2803,2790,1121,3
439,2092,1810,1688,1576,2577,849,896,2832,2792,1121,3
440,2139,1813,1689,1576,2576,851,896,2856,2792,1119,3
441,2128,1810,1688,1578,2576,849,898,2894,2793,1122,3
442,2098,1810,1686,1578,2577,850,900,2904,2794,1122,3
443,2099,1813,1693,1579,2576,850,900,2886,2794,1122,3
444,2106,1812,1689,1579,2576,850,901,2849,2795,1121,3
445,2108,1809,1688,1581,2576,851,902,2806,2796,1122,3
446,2123,1815,1690,1580,2578,851,904,2809,2798,1122,3
447,2122,1818,1689,1582,2576,850,904,2837,2798,1123,3
448,2118,1814,1689,1582,2576,852,903,2860,2798,1122,3
449,2118,1814,1688,1586,2577,850,908,2895,2798,1124,3
450,2142,1814,1690,1585,2577,851,907,2898,2800,1123,3
451,2116,1812,1690,1587,2576,851,908,2875,2800,1123,3
452,2119,1816,1690,1587,2577,850,908,2854,2802,1123,3
453,2120,1810,1688,1588,2577,851,910,2818,2802,1118,3
454,2124,1812,1689,1590,2577,852,911,2814,2803,1124,3
455,2121,1819,1688,1592,2577,849,914,2846,2804,1126,3
456,2114,1811,1690,1592,2578,851,915,2874,2804,1125,3
457,2130,1815,1690,1592,2580,850,915,2905,2805,1126,3
458,2122,1816,1690,1592,2577,850,915,2902,2806,1124,3
459,2100,1811,1690,1595,2577,851,917,2884,2807,1126,3
460,2120,1817,1691,1595,2577,850,917,2853,2808,1125,3
461,2112,1811,1690,1596,2578,850,920,2824,2808,1127,3
462,2122,1818,1690,1597,2578,852,920,2816,2810,1125,3
463,2106,1811,1702,1600,2578,850,920,2852,2809,1128,3
464,2123,1818,1691,1598,2579,852,916,2869,2810,1127,3
465,2086,1812,1691,1601,2578,850,921,2907,2810,1127,3
466,2120,1815,1691,1602,2579,851,924,2907,2811,1128,3
467,2128,1818,1690,1602,2578,851,926,2883,2812,1128,3
468,2102,1812,1698,1603,2578,853,926,2859,2812,1128,3
469,2123,1810,1691,1605,2578,852,934,2827,2813,1128,3
470,2130,1819,1692,1605,2579,854,926,2824,2816,1127,3
471,2134,1815,1692,1606,2579,851,930,2850,2817,1130,3
472,2126,1811,1691,1608,2578,850,931,2884,2816,1128,3
473,2124,1807,1691,1608,2578,854,930,2906,2819,1129,3
474,2122,1814,1692,1608,2578,851,931,2908,2818,1129,3
475,2115,1812,1692,1608,2580,851,931,2885,2819,1129,3
476,2126,1816,1692,1609,2578,852,934,2861,2820,1129,3
477,2125,1826,1694,1610,2578,851,934,2826,2821,1128,3
478,2130,1819,1693,1610,2579,851,933,2824,2821,1130,3
479,2158,1816,1692,1610,2580,851,936,2851,2821,1131,3
480,2136,1819,1691,1611,2579,852,934,2875,2822,1129,3
481,2128,1818,1694,1612,2579,850,936,2903,2822,1130,3
482,2126,1816,1694,1613,2579,850,937,2906,2822,1130,3
483,2128,1811,1694,1614,2578,852,943,2887,2824,1130,3
484,2126,1824,1693,1613,2579,852,939,2862,2824,1131,3
485,2128,1806,1694,1614,2579,845,939,2826,2825,1131,3
486,2125,1806,1694,1614,2580,849,941,2824,2825,1133,3
487,2133,1820,1694,1615,2580,851,941,2862,2826,1132,3
488,2131,1821,1695,1615,2579,851,941,2884,2826,1133,3
489,2126,1812,1696,1616,2579,850,942,2906,2822,1133,3
490,2127,1811,1694,1617,2579,851,943,2908,2827,1133,3
491,2131,1819,1696,1618,2579,850,941,2883,2827,1133,3
492,2133,1826,1694,1616,2582,856,942,2859,2829,1133,3
493,2126,1808,1694,1619,2581,853,942,2826,2830,1133,3
494,2127,1802,1694,1618,2581,853,942,2824,2829,1132,3
495,2128,1832,1696,1620,2580,851,946,2865,2829,1134,3
496,2127,1814,1695,1618,2581,851,945,2889,2830,1132,3
497,2128,1819,1696,1618,2580,852,948,2910,2829,1135,3
498,2124,1816,1696,1618,2582,851,947,2918,2831,1132,3
499,2134,1818,1696,1620,2586,851,946,2882,2831,1134,3
500,2120,1818,1697,1619,2582,851,947,2858,2832,1134,3
501,2136,1823,1696,1619,2580,851,948,2835,2837,1134,3
502,2128,1833,1696,1622,2582,850,947,2835,2834,1135,3
503,2130,1822,1696,1622,2580,851,951,2865,2833,1135,3
504,2126,1820,1697,1620,2580,852,951,2888,2834,1134,3
505,2139,1820,1698,1622,2581,852,952,2910,2834,1136,3
506,2127,1816,1698,1621,2582,853,951,2911,2835,1134,3
507,2132,1828,1698,1622,2580,852,949,2888,2834,1135,3
508,2130,1814,1698,1622,2582,851,951,2862,2835,1135,3
509,2122,1819,1696,1623,2574,852,953,2836,2835,1135,3
510,2134,1821,1695,1622,2582,851,952,2837,2837,1135,3
511,2130,1808,1699,1629,2581,852,954,2864,2837,1135,3
512,2130,1822,1698,1624,2581,851,952,2896,2838,1135,3
513,2155,1819,1698,1624,2582,852,954,2912,2837,1136,3
514,2134,1808,1698,1622,2583,854,953,2909,2839,1136,3
515,2131,1816,1698,1625,2582,851,955,2886,2838,1138,3
516,2171,1822,1698,1625,2582,852,954,2854,2838,1135,3
517,2132,1826,1698,1626,2582,851,955,2838,2839,1134,3
518,2135,1819,1699,1624,2582,852,955,2834,2838,1135,3
519,2134,1819,1698,1626,2583,852,956,2872,2840,1135,3
520,2131,1814,1698,1625,2582,852,964,2897,2839,1136,3
521,2128,1817,1698,1625,2582,852,955,2918,2840,1138,3
522,2136,1826,1699,1626,2583,856,955,2913,2840,1135,3
523,2132,1825,1699,1626,2582,854,960,2875,2840,1137,3
524,2139,1822,1699,1626,2583,853,954,2856,2842,1138,3
525,2134,1817,1700,1626,2583,852,952,2830,2841,1138,3
526,2107,1821,1699,1626,2584,852,958,2842,2842,1139,3
527,2136,1811,1700,1632,2584,852,958,2871,2843,1138,3
528,2122,1821,1700,1627,2583,853,958,2900,2843,1137,3
529,2130,1815,1700,1626,2584,852,958,2913,2842,1138,3
530,2126,1822,1700,1626,2583,853,958,2914,2842,1138,3
531,2132,1816,1699,1626,2584,848,962,2874,2843,1139,3
532,2126,1820,1700,1626,2586,851,958,2857,2843,1138,3
533,2130,1816,1699,1627,2584,845,962,2834,2844,1138,3
534,2126,1822,1700,1626,2583,851,958,2845,2843,1138,3
535,2134,1815,1700,1627,2584,851,963,2875,2844,1139,3
536,2120,1824,1701,1627,2584,852,961,2897,2846,1139,3
537,2134,1809,1700,1627,2584,852,960,2910,2846,1139,3
538,2099,1822,1703,1627,2584,854,960,2912,2845,1137,3
539,2134,1827,1700,1628,2584,853,963,2872,2844,1139,3
540,2138,1825,1702,1627,2584,851,962,2854,2847,1139,3
541,2133,1822,1701,1629,2584,850,964,2834,2846,1140,3
542,2138,1832,1702,1629,2584,853,963,2845,2846,1140,3
543,2125,1825,1700,1627,2586,852,963,2882,2848,1140,3
544,2136,1822,1702,1629,2585,853,962,2904,2849,1139,3
545,2141,1822,1701,1627,2585,853,966,2915,2848,1140,3
546,2140,1827,1702,1630,2584,852,963,2907,2847,1140,3
547,2136,1833,1702,1624,2586,853,966,2875,2849,1142,3
548,2131,1825,1702,1630,2584,852,964,2850,2849,1139,3
549,2134,1820,1702,1630,2586,852,965,2841,2849,1140,3
550,2132,1814,1702,1640,2584,852,964,2843,2850,1141,3
551,2155,1826,1704,1628,2586,852,966,2878,2849,1141,3
552,2134,1828,1702,1629,2585,852,966,2908,2851,1140,3
553,2134,1816,1702,1632,2585,852,966,2914,2850,1141,3
554,2142,1827,1703,1630,2584,852,964,2912,2851,1140,3
555,2133,1827,1703,1630,2585,851,967,2880,2851,1142,3
556,2134,1837,1704,1631,2585,852,972,2851,2852,1140,3
557,2142,1826,1704,1630,2586,852,968,2839,2851,1143,3
558,2148,1827,1703,1632,2586,851,967,2844,2851,1142,3
559,2138,1822,1702,1632,2586,850,966,2886,2852,1143,3
560,2135,1814,1704,1629,2584,853,965,2902,2853,1141,3
561,2167,1827,1704,1630,2585,853,967,2914,2852,1142,3
562,2123,1826,1706,1630,2587,851,968,2906,2853,1143,3
563,2136,1827,1704,1630,2586,851,970,2870,2854,1148,3
564,2136,1838,1704,1633,2587,852,968,2850,2854,1141,3
565,2144,1827,1704,1630,2587,852,967,2840,2852,1142,3
566,2158,1827,1704,1631,2586,853,967,2845,2854,1141,3
567,2136,1826,1704,1632,2587,852,968,2880,2856,1144,3
568,2137,1830,1704,1632,2586,852,969,2906,2854,1143,3
569,2134,1820,1704,1634,2587,852,970,2914,2855,1144,3
570,2146,1828,1704,1633,2586,852,968,2908,2856,1143,3
571,2124,1826,1705,1630,2586,852,971,2874,2855,1144,3
572,2144,1826,1706,1634,2589,851,970,2841,2856,1142,3
573,2136,1821,1704,1633,2587,851,969,2842,2856,1139,3
574,2139,1804,1704,1632,2587,854,962,2846,2856,1142,3
575,2134,1819,1706,1634,2587,852,972,2886,2856,1144,3
576,2146,1830,1705,1633,2587,853,970,2910,2857,1143,3
577,2119,1824,1715,1634,2588,852,972,2921,2858,1145,3
578,2150,1829,1704,1634,2588,853,971,2902,2858,1145,3
579,2138,1827,1706,1631,2586,853,970,2874,2857,1144,3
580,2139,1830,1706,1633,2586,853,972,2840,2858,1143,3
581,2137,1811,1706,1634,2587,853,968,2834,2858,1144,3
582,2141,1838,1706,1634,2587,853,971,2855,2858,1143,3
583,2142,1830,1706,1634,2587,852,970,2890,2858,1144,3
584,2136,1826,1706,1634,2588,852,971,2907,2859,1144,3
585,2165,1829,1706,1634,2588,853,972,2915,2858,1144,3
586,2117,1826,1706,1635,2587,854,971,2907,2859,1143,3
587,2129,1828,1707,1635,2590,852,972,2873,2859,1144,3
588,2148,1830,1706,1634,2586,854,972,2842,2859,1143,3
589,2138,1824,1707,1635,2587,853,972,2833,2859,1144,3
590,2138,1830,1708,1635,2587,854,972,2858,2860,1144,3
591,2140,1832,1708,1634,2588,854,974,2886,2859,1146,3
592,2138,1828,1707,1634,2587,854,971,2914,2861,1143,3
593,2138,1848,1706,1635,2589,852,974,2921,2860,1144,3
594,2139,1829,1706,1635,2588,853,973,2899,2859,1145,3
595,2139,1814,1706,1635,2589,852,973,2866,2862,1144,3
596,2138,1843,1707,1636,2589,854,977,2849,2862,1145,3
597,2139,1834,1707,1626,2588,853,974,2842,2861,1144,3
598,2138,1816,1708,1634,2588,854,970,2854,2862,1144,3
599,2139,1819,1707,1635,2588,852,974,2890,2862,1145,3
600,2144,1839,1708,1637,2588,854,976,2918,2862,1146,3
601,2142,1831,1706,1637,2589,853,975,2921,2862,1146,3
602,2142,1814,1708,1635,2589,854,973,2898,2862,1146,3
603,2138,1819,1707,1636,2589,853,977,2867,2864,1146,3
604,2142,1840,1710,1636,2590,853,977,2849,2863,1146,3
605,2140,1839,1710,1636,2590,854,975,2842,2862,1146,3
606,2142,1816,1710,1635,2589,854,974,2856,2863,1146,3
607,2140,1814,1708,1635,2590,854,973,2889,2862,1147,3
608,2142,1828,1710,1635,2589,854,974,2916,2864,1145,3
609,2139,1825,1708,1635,2589,853,977,2923,2864,1147,3
610,2138,1832,1708,1636,2590,853,978,2903,2865,1146,3
611,2140,1831,1709,1637,2589,853,978,2865,2864,1147,3
612,2142,1830,1710,1637,2590,854,976,2842,2865,1146,3
613,2141,1828,1710,1636,2590,853,974,2834,2865,1147,3
614,2130,1831,1709,1636,2592,852,976,2867,2865,1146,3
615,2131,1830,1709,1638,2591,854,976,2898,2865,1147,3
616,2166,1831,1707,1636,2592,852,977,2914,2866,1146,3
617,2171,1832,1709,1638,2590,853,978,2914,2866,1147,3
618,2145,1834,1710,1638,2590,854,977,2903,2865,1146,3
619,2145,1833,1709,1635,2592,853,976,2867,2866,1147,3
620,2141,1821,1710,1636,2590,855,974,2839,2866,1146,3
621,2141,1816,1710,1636,2592,855,974,2840,2866,1147,3
622,2138,1829,1710,1638,2593,854,975,2867,2866,1146,3
623,2141,1829,1710,1636,2590,854,978,2891,2866,1148,3
624,2134,1834,1711,1637,2593,856,977,2921,2867,1147,3
625,2131,1833,1710,1637,2592,853,977,2921,2866,1148,3
626,2176,1834,1710,1636,2590,854,978,2896,2867,1147,3
627,2138,1830,1711,1636,2592,854,979,2862,2867,1147,3
628,2143,1840,1710,1625,2592,856,976,2846,2868,1146,3
629,2142,1843,1710,1638,2592,855,978,2849,2867,1147,3
630,2142,1834,1711,1637,2592,854,978,2874,2868,1147,3
631,2145,1834,1710,1639,2591,854,979,2904,2867,1148,3
632,2157,1832,1712,1637,2592,854,977,2916,2868,1148,3
633,2171,1832,1710,1638,2592,853,978,2914,2868,1148,3
634,2146,1834,1710,1636,2593,852,980,2901,2870,1148,3
635,2147,1840,1710,1627,2592,853,979,2866,2867,1147,3
636,2144,1834,1711,1639,2591,855,979,2841,2868,1149,3
637,2140,1835,1710,1636,2592,854,978,2853,2870,1148,3
638,2159,1833,1711,1637,2591,853,979,2867,2870,1148,3
639,2158,1832,1713,1639,2592,854,979,2898,2868,1148,3
640,2146,1838,1713,1631,2593,856,978,2920,2870,1146,3
641,2147,1856,1712,1638,2593,853,977,2920,2870,1148,3
642,2141,1834,1713,1638,2592,855,977,2901,2870,1148,3
643,2139,1832,1711,1639,2593,854,980,2866,2870,1148,3
644,2138,1833,1714,1638,2592,854,979,2841,2870,1148,3
645,2141,1827,1712,1638,2592,854,982,2846,2870,1150,3
646,2146,1830,1712,1638,2594,853,979,2873,2871,1152,3
647,2145,1832,1714,1638,2594,854,979,2899,2871,1150,3
648,2122,1832,1713,1638,2592,854,978,2922,2871,1149,3
649,2152,1835,1713,1638,2593,854,979,2918,2869,1150,3
650,2142,1841,1712,1638,2594,854,982,2893,2871,1148,3
651,2142,1832,1714,1639,2593,853,980,2862,2871,1150,3
652,2159,1833,1713,1640,2594,854,978,2842,2872,1149,3
653,2138,1832,1714,1640,2593,854,981,2848,2872,1152,3
654,2145,1858,1715,1638,2593,856,978,2872,2870,1149,3
655,2146,1831,1714,1640,2594,854,980,2910,2872,1150,3
656,2127,1833,1714,1638,2593,857,979,2921,2872,1147,3
657,2148,1835,1714,1638,2593,856,979,2919,2872,1149,3
658,2146,1839,1715,1638,2595,854,980,2893,2872,1149,3
659,2144,1834,1714,1638,2594,856,982,2862,2871,1149,3
660,2171,1835,1715,1639,2594,854,980,2841,2871,1149,3
661,2140,1828,1714,1640,2593,856,980,2848,2873,1150,3
662,2144,1832,1715,1640,2594,854,979,2875,2872,1149,3
663,2147,1834,1716,1640,2594,853,982,2904,2872,1150,3
664,2148,1835,1714,1638,2593,854,981,2922,2872,1152,3
665,2145,1845,1713,1641,2594,856,986,2918,2873,1150,3
666,2145,1835,1714,1640,2587,854,981,2900,2874,1153,3
667,2123,1832,1714,1640,2594,854,980,2861,2873,1152,3
668,2144,1824,1715,1640,2594,856,978,2840,2874,1149,3
669,2143,1838,1715,1640,2594,856,982,2846,2873,1153,3
670,2170,1838,1715,1640,2594,856,979,2870,2874,1152,3
671,2144,1831,1716,1638,2595,846,982,2904,2874,1152,3
672,2144,1833,1714,1638,2595,854,979,2914,2875,1152,3
673,2154,1836,1716,1641,2594,855,982,2912,2874,1152,3
674,2148,1840,1716,1641,2594,856,979,2896,2874,1149,3
675,2144,1833,1714,1642,2595,854,980,2860,2874,1153,3
676,2126,1835,1715,1640,2595,856,981,2845,2874,1152,3
677,2152,1838,1716,1640,2594,853,980,2854,2875,1152,3
678,2144,1837,1715,1640,2595,854,984,2880,2875,1152,3
679,2136,1837,1718,1640,2595,856,981,2910,2873,1152,3
680,2144,1827,1716,1649,2594,854,983,2917,2875,1152,3
681,2147,1837,1716,1640,2595,854,983,2912,2875,1153,3
682,2171,1838,1717,1640,2596,855,980,2891,2875,1152,3
683,2144,1826,1716,1650,2596,855,982,2854,2874,1154,3
684,2150,1835,1715,1639,2598,854,979,2840,2875,1153,3
685,2180,1835,1716,1642,2596,854,983,2851,2875,1153,3
686,2146,1832,1716,1641,2595,856,981,2876,2875,1147,3
687,2148,1835,1716,1640,2596,855,982,2907,2875,1152,3
688,2150,1842,1716,1639,2595,856,983,2921,2877,1153,3
689,2146,1833,1716,1640,2596,854,981,2918,2875,1152,3
690,2123,1832,1716,1641,2595,856,982,2893,2880,1153,3
691,2152,1845,1717,1642,2597,854,983,2858,2877,1152,3
692,2136,1834,1717,1640,2597,856,981,2848,2878,1152,3
693,2152,1836,1718,1640,2596,855,982,2856,2876,1153,3
694,2146,1841,1717,1640,2595,855,980,2878,2876,1152,3
695,2132,1835,1715,1641,2598,854,984,2912,2876,1154,3
696,2146,1817,1717,1639,2597,856,982,2918,2874,1154,3
697,2144,1838,1716,1640,2593,855,982,2918,2877,1154,3
698,2142,1832,1716,1640,2598,855,983,2890,2877,1153,3
699,2146,1838,1718,1642,2597,854,984,2851,2877,1152,3
700,2139,1836,1718,1640,2596,856,980,2842,2878,1152,3
701,2146,1819,1718,1639,2598,854,975,2850,2877,1153,3
702,2161,1839,1716,1640,2598,855,982,2870,2877,1154,3
703,2142,1830,1718,1641,2597,854,982,2910,2877,1154,3
704,2153,1838,1718,1641,2605,854,982,2915,2878,1152,3
705,2139,1835,1718,1642,2596,854,984,2909,2878,1153,3
706,2149,1835,1716,1640,2598,854,981,2885,2878,1153,3
707,2184,1838,1718,1640,2597,855,983,2851,2874,1154,3
708,2149,1835,1719,1640,2597,856,983,2846,2877,1153,3
709,2161,1840,1720,1640,2596,855,982,2854,2878,1152,3
710,2145,1861,1718,1640,2598,854,982,2881,2880,1152,3
711,2155,1839,1719,1640,2598,856,982,2907,2877,1154,3
712,2147,1848,1719,1641,2597,856,983,2922,2880,1153,3
713,2148,1836,1719,1642,2598,854,984,2907,2880,1154,3
714,2147,1843,1718,1642,2598,854,984,2890,2881,1153,3
715,2147,1835,1717,1640,2598,854,984,2848,2880,1155,3
716,2150,1840,1718,1640,2598,858,984,2846,2880,1155,3
717,2148,1835,1718,1640,2598,854,984,2851,2881,1155,3
718,2150,1842,1718,1641,2598,854,984,2883,2881,1154,3
719,2148,1836,1718,1640,2598,856,984,2906,2880,1154,3
720,2154,1840,1720,1641,2598,854,983,2923,2880,1153,3
