Count,S1,S2,S3,S4,S5,S6,S7,S8,S9,S10,Flag
1,2142,1834,1707,1636,2586,861,977,2865,2868,1145,0
2,2144,1828,1707,1637,2586,852,979,2844,2869,1147,0
3,2137,1829,1707,1637,2586,854,976,2856,2869,1146,0
4,2140,1830,1708,1636,2590,854,976,2888,2868,1145,0
5,2141,1828,1707,1636,2586,853,977,2915,2868,1146,0
6,2163,1830,1707,1637,2587,854,978,2915,2870,1146,0
7,2149,1830,1710,1636,2586,852,977,2886,2870,1145,0
8,2136,1823,1707,1637,2586,851,982,2851,2869,1146,0
9,2138,1830,1708,1637,2586,852,980,2847,2869,1147,0
10,2144,1835,1709,1637,2587,853,978,2871,2870,1147,0
11,2139,1829,1707,1638,2586,853,978,2897,2870,1145,0
12,2159,1832,1708,1635,2586,854,976,2917,2870,1146,0
13,2149,1829,1709,1635,2586,854,978,2907,2870,1146,0
14,2137,1823,1709,1637,2586,854,980,2872,2870,1147,0
15,2134,1827,1707,1638,2586,845,978,2840,2870,1146,0
16,2139,1833,1707,1635,2586,854,980,2842,2870,1147,0
17,2123,1830,1709,1637,2587,854,979,2881,2870,1146,0
18,2129,1830,1709,1635,2587,852,977,2916,2868,1146,0
19,2144,1838,1707,1636,2586,854,980,2922,2870,1147,0
20,2141,1833,1709,1638,2587,856,980,2899,2871,1147,0
21,2139,1830,1707,1636,2586,855,979,2866,2870,1146,1
22,2164,1830,1710,1638,2586,854,979,2840,2870,1148,1
23,2152,1834,1709,1637,2586,854,979,2856,2872,1146,1
24,2138,1826,1709,1637,2587,851,979,2891,2870,1147,1
25,2176,1833,1710,1636,2587,852,979,2918,2872,1147,1
26,2139,1824,1707,1637,2587,854,979,2915,2870,1147,1
27,2140,1836,1710,1638,2587,853,981,2886,2872,1154,1
28,2135,1826,1710,1638,2587,845,980,2848,2870,1147,1
29,2140,1819,1709,1636,2587,855,977,2840,2870,1146,1
30,2176,1834,1710,1638,2588,854,980,2867,2872,1147,1
31,2135,1830,1711,1637,2586,855,979,2900,2872,1146,1
32,2140,1823,1710,1638,2587,853,980,2918,2872,1149,1
33,2152,1830,1705,1638,2586,854,978,2909,2872,1146,1
34,2157,1832,1709,1639,2589,854,980,2873,2870,1148,1
35,2144,1829,1711,1638,2588,853,978,2848,2872,1147,1
36,2139,1830,1710,1638,2587,855,979,2842,2871,1147,1
37,2144,1830,1710,1639,2588,854,980,2875,2873,1148,1
38,2146,1838,1710,1640,2589,853,981,2916,2873,1148,1
39,2146,1836,1711,1641,2590,854,981,2924,2874,1147,1
40,2134,1832,1710,1639,2590,856,982,2901,2874,1148,1
41,2137,1830,1710,1642,2580,856,984,2866,2874,1150,1
42,2136,1832,1711,1641,2586,854,982,2850,2872,1149,1
43,2139,1822,1710,1642,2588,856,983,2856,2874,1150,1
44,2142,1825,1710,1642,2592,855,984,2890,2874,1152,1
45,2146,1832,1711,1643,2587,854,984,2917,2874,1152,1
46,2142,1831,1714,1646,2592,855,984,2914,2875,1153,1
47,2142,1832,1712,1646,2589,854,986,2884,2875,1153,1
48,2149,1832,1711,1647,2589,854,986,2856,2876,1152,1
49,2152,1834,1713,1650,2588,854,986,2851,2877,1152,1
50,2146,1838,1711,1648,2590,855,988,2870,2875,1154,1
51,2143,1835,1714,1651,2589,855,990,2901,2880,1156,1
52,2146,1812,1713,1651,2590,856,980,2915,2880,1155,1
53,2154,1834,1714,1651,2590,854,989,2908,2880,1155,1
54,2147,1834,1714,1653,2596,854,989,2876,2882,1157,1
55,2151,1837,1715,1654,2590,853,991,2855,2883,1156,1
56,2149,1836,1713,1654,2590,856,994,2858,2882,1156,1
57,2121,1832,1714,1656,2590,853,995,2887,2882,1157,1
58,2146,1843,1713,1658,2590,856,999,2912,2883,1158,1
59,2142,1824,1713,1658,2592,856,996,2920,2883,1158,1
60,2150,1830,1716,1659,2592,855,997,2898,2886,1157,1
61,2146,1834,1715,1661,2590,856,996,2874,2886,1157,1
62,2149,1829,1715,1664,2590,855,998,2859,2886,1159,1
63,2136,1835,1715,1666,2592,856,1000,2870,2886,1160,1
64,2147,1825,1715,1665,2594,854,1001,2890,2888,1159,1
65,2149,1837,1715,1667,2593,854,1002,2913,2888,1159,1
66,2155,1839,1716,1669,2592,856,1002,2922,2889,1161,1
67,2149,1838,1715,1672,2592,855,1007,2918,2889,1162,1
68,2177,1835,1716,1672,2593,854,1006,2902,2890,1163,1
69,2150,1849,1716,1671,2594,857,1009,2868,2891,1161,1
70,2141,1835,1718,1674,2592,856,1007,2864,2892,1162,1
71,2150,1830,1717,1675,2594,855,1009,2873,2891,1164,1
72,2158,1841,1718,1677,2594,856,1008,2886,2893,1163,1
73,2127,1838,1718,1676,2594,856,1010,2915,2893,1164,1
74,2179,1839,1719,1677,2594,856,1009,2924,2894,1166,1
75,2158,1838,1717,1679,2603,855,1014,2918,2894,1171,1
76,2156,1843,1718,1679,2594,854,1013,2902,2894,1167,1
77,2155,1842,1720,1680,2595,856,1015,2874,2895,1166,1
78,2155,1836,1720,1681,2594,856,1014,2862,2896,1166,1
79,2157,1850,1719,1684,2594,856,1016,2871,2898,1166,1
80,2150,1839,1720,1683,2594,856,1018,2894,2898,1167,1
81,2150,1838,1720,1684,2596,855,1018,2922,2897,1166,1
82,2153,1838,1720,1684,2596,855,1015,2926,2898,1166,1
83,2144,1838,1722,1685,2595,856,1020,2924,2898,1169,1
84,2151,1835,1721,1686,2596,857,1019,2907,2899,1169,1
85,2155,1838,1720,1686,2597,856,1018,2872,2899,1170,1
86,2131,1842,1721,1686,2597,857,1020,2864,2900,1168,1
87,2154,1831,1721,1692,2597,856,1021,2874,2904,1169,1
88,2157,1840,1723,1688,2595,856,1021,2890,2900,1170,1
89,2169,1843,1722,1690,2597,856,1024,2907,2901,1170,1
90,2159,1849,1722,1690,2597,857,1026,2922,2902,1170,1
91,2159,1843,1723,1689,2598,858,1024,2915,2902,1176,1
92,2164,1845,1724,1690,2598,857,1024,2895,2902,1171,1
93,2158,1843,1724,1690,2598,856,1028,2874,2902,1172,1
94,2168,1844,1720,1690,2599,856,1025,2858,2902,1171,1
95,2163,1846,1724,1692,2598,855,1025,2864,2903,1171,1
96,2161,1846,1724,1692,2598,857,1026,2886,2904,1171,1
97,2170,1846,1727,1691,2600,856,1029,2920,2904,1172,1
98,2165,1851,1725,1692,2599,866,1027,2922,2904,1171,1
99,2160,1846,1726,1694,2598,856,1029,2918,2904,1171,1
100,2158,1846,1724,1692,2598,856,1028,2902,2904,1172,1
101,2200,1844,1728,1694,2598,856,1027,2874,2903,1173,1
102,2160,1866,1728,1694,2598,856,1034,2858,2904,1174,1
103,2161,1846,1728,1694,2598,857,1029,2867,2904,1173,1
104,2156,1846,1728,1692,2600,856,1026,2886,2904,1170,1
105,2163,1870,1728,1694,2598,856,1033,2908,2902,1170,1
106,2155,1845,1728,1693,2596,858,1026,2922,2904,1172,1
107,2159,1842,1728,1694,2600,856,1027,2922,2902,1171,1
108,2160,1842,1726,1693,2600,857,1024,2898,2902,1172,1
109,2159,1846,1728,1691,2601,857,1026,2870,2902,1173,1
110,2158,1842,1730,1693,2600,856,1026,2858,2902,1172,1
111,2162,1842,1730,1690,2600,858,1024,2858,2902,1171,1
112,2154,1845,1730,1691,2602,857,1018,2890,2900,1170,1
113,2157,1846,1730,1687,2600,857,1024,2914,2900,1170,1
114,2162,1844,1730,1688,2600,858,1018,2928,2902,1170,1
115,2153,1845,1729,1686,2601,858,1019,2929,2899,1170,1
116,2158,1842,1730,1686,2600,856,1018,2908,2899,1170,1
117,2162,1842,1731,1685,2600,856,1015,2867,2898,1170,1
118,2152,1844,1730,1684,2601,858,1018,2862,2898,1170,1
119,2158,1844,1730,1681,2601,857,1014,2865,2898,1171,1
120,2162,1843,1731,1680,2600,858,1012,2882,2898,1170,1
121,2155,1849,1731,1678,2602,855,1012,2920,2896,1170,2
122,2171,1856,1735,1682,2606,858,1014,2930,2897,1169,2
123,2171,1853,1736,1679,2605,858,1012,2926,2895,1170,2
124,2170,1857,1736,1674,2603,860,1008,2907,2897,1168,2
125,2170,1853,1734,1672,2605,859,1007,2867,2895,1168,2
126,2170,1854,1734,1670,2604,858,1006,2850,2895,1169,2
127,2170,1852,1734,1667,2606,857,1003,2857,2894,1168,2
128,2170,1856,1734,1664,2606,858,1000,2877,2894,1168,2
129,2169,1852,1734,1660,2606,858,998,2912,2894,1169,2
130,2171,1858,1734,1656,2604,858,998,2925,2891,1166,2
131,2169,1853,1734,1655,2603,859,996,2922,2891,1167,2
132,2170,1852,1733,1652,2603,859,995,2898,2890,1164,2
133,2169,1853,1733,1650,2605,860,990,2858,2890,1163,2
134,2166,1856,1732,1647,2606,859,988,2839,2890,1166,2
135,2170,1851,1733,1646,2603,859,986,2847,2888,1164,2
136,2170,1853,1733,1641,2605,858,984,2874,2886,1163,2
137,2169,1856,1733,1640,2603,858,981,2910,2886,1162,2
138,2170,1851,1731,1637,2605,858,980,2923,2886,1163,2
139,2169,1853,1733,1636,2603,858,980,2918,2885,1164,2
140,2170,1852,1732,1632,2603,858,977,2894,2883,1162,2
141,2168,1852,1733,1630,2604,858,974,2846,2883,1160,2
142,2170,1852,1732,1626,2604,858,972,2830,2882,1160,2
143,2168,1853,1732,1624,2602,859,969,2837,2881,1159,2
144,2170,1852,1731,1622,2603,858,969,2865,2880,1160,2
145,2168,1854,1732,1622,2602,859,966,2905,2876,1159,2
146,2168,1850,1732,1620,2602,858,964,2918,2877,1158,2
147,2165,1851,1732,1617,2602,858,960,2915,2874,1158,2
148,2168,1853,1733,1614,2603,859,960,2886,2874,1157,2
149,2168,1851,1731,1612,2602,856,956,2839,2873,1157,2
150,2166,1850,1731,1610,2602,857,954,2818,2874,1158,2
151,2165,1851,1731,1608,2602,857,952,2827,2872,1157,2
152,2165,1850,1731,1605,2603,858,949,2858,2870,1154,2
153,2165,1851,1732,1603,2602,858,948,2902,2871,1155,2
154,2166,1849,1731,1602,2602,859,948,2918,2870,1155,2
155,2164,1851,1731,1600,2602,859,943,2910,2867,1153,2
156,2163,1850,1730,1595,2602,858,943,2882,2867,1154,2
157,2165,1851,1731,1595,2602,858,940,2829,2865,1154,2
158,2163,1850,1730,1592,2602,858,937,2804,2864,1153,2
159,2164,1851,1730,1592,2603,858,938,2814,2863,1154,2
160,2162,1850,1729,1590,2600,858,936,2851,2862,1152,2
161,2167,1851,1729,1587,2600,858,934,2895,2861,1152,2
162,2162,1849,1730,1586,2601,857,932,2914,2861,1150,2
163,2166,1852,1730,1584,2600,858,928,2908,2860,1149,2
164,2160,1850,1728,1581,2600,858,927,2880,2858,1147,2
165,2164,1848,1728,1582,2601,857,926,2822,2858,1148,2
166,2160,1848,1729,1579,2601,856,923,2798,2857,1148,2
167,2163,1851,1729,1577,2598,858,922,2808,2856,1147,2
168,2158,1846,1728,1578,2600,857,921,2844,2854,1147,2
169,2162,1849,1726,1576,2598,858,920,2892,2852,1145,2
170,2159,1848,1726,1572,2599,858,917,2913,2851,1145,2
171,2160,1850,1726,1575,2600,856,917,2907,2852,1146,2
172,2158,1846,1728,1572,2598,858,914,2875,2851,1144,2
173,2158,1848,1724,1568,2598,858,912,2818,2850,1144,2
174,2158,1846,1723,1570,2600,858,910,2787,2848,1142,2
175,2158,1846,1725,1568,2598,858,909,2798,2848,1141,2
176,2158,1844,1724,1566,2600,855,908,2835,2846,1143,2
177,2157,1845,1725,1566,2599,857,907,2884,2846,1142,2
178,2155,1846,1725,1562,2597,858,904,2908,2844,1143,2
179,2157,1848,1723,1562,2600,856,904,2906,2842,1142,2
180,2155,1843,1724,1560,2598,858,903,2872,2841,1141,2
181,2154,1846,1722,1560,2597,857,902,2810,2841,1141,2
182,2155,1842,1723,1559,2596,858,900,2781,2840,1140,2
183,2155,1846,1723,1556,2598,856,898,2791,2840,1140,2
184,2156,1844,1723,1556,2598,856,897,2831,2838,1139,2
185,2155,1846,1723,1556,2596,856,896,2882,2838,1139,2
186,2154,1843,1720,1555,2598,856,891,2906,2836,1138,2
187,2154,1845,1721,1553,2596,856,890,2906,2835,1138,2
188,2152,1843,1720,1553,2597,854,892,2871,2834,1139,2
189,2152,1842,1721,1552,2596,854,890,2808,2833,1137,2
190,2153,1842,1720,1550,2595,856,889,2777,2832,1137,2
191,2152,1842,1721,1550,2595,856,887,2784,2831,1136,2
192,2153,1842,1720,1550,2594,856,885,2825,2830,1136,2
193,2152,1842,1720,1548,2595,855,886,2880,2831,1136,2
194,2152,1840,1719,1548,2595,855,884,2903,2828,1134,2
195,2150,1838,1719,1548,2595,855,883,2906,2828,1135,2
196,2151,1838,1720,1546,2594,855,881,2873,2827,1134,2
197,2148,1840,1718,1545,2595,856,880,2805,2826,1134,2
198,2150,1838,1719,1545,2594,856,880,2771,2824,1133,2
199,2148,1840,1717,1545,2595,855,879,2775,2825,1134,2
200,2147,1839,1715,1542,2594,856,878,2817,2824,1132,2
201,2147,1838,1717,1544,2594,856,877,2874,2822,1134,2
202,2145,1840,1717,1543,2594,856,875,2900,2822,1131,2
203,2145,1839,1717,1542,2594,856,875,2904,2821,1133,2
204,2145,1839,1717,1541,2593,855,874,2871,2819,1132,2
205,2144,1838,1717,1541,2592,855,874,2802,2819,1130,2
206,2145,1839,1715,1539,2592,854,871,2766,2819,1131,2
207,2145,1837,1715,1540,2594,855,870,2771,2818,1130,2
208,2146,1839,1714,1539,2594,855,874,2810,2814,1131,2
209,2142,1835,1714,1539,2594,854,870,2872,2812,1130,2
210,2144,1834,1715,1538,2593,854,870,2896,2812,1129,2
211,2144,1836,1714,1539,2593,854,869,2902,2812,1129,2
212,2144,1835,1714,1538,2592,855,868,2868,2811,1130,2
213,2142,1835,1714,1537,2592,853,868,2798,2810,1128,2
214,2142,1835,1712,1534,2590,856,867,2763,2810,1127,2
215,2140,1838,1713,1536,2590,854,865,2766,2808,1126,2
216,2142,1835,1713,1536,2590,855,864,2805,2808,1126,2
217,2140,1836,1712,1534,2590,856,863,2867,2808,1126,2
218,2138,1834,1712,1533,2592,856,862,2896,2806,1126,2
219,2139,1835,1712,1533,2590,856,862,2902,2805,1127,2
220,2139,1835,1711,1531,2589,855,863,2874,2805,1126,2
221,2139,1836,1710,1533,2589,854,861,2799,2803,1126,2
222,2139,1834,1711,1531,2590,856,859,2760,2803,1125,2
223,2138,1835,1708,1533,2589,854,858,2763,2802,1125,2
224,2138,1834,1710,1531,2588,855,858,2800,2801,1124,2
225,2136,1834,1709,1530,2588,854,857,2865,2801,1123,2
226,2138,1829,1709,1530,2589,854,858,2895,2798,1124,2
227,2135,1832,1709,1530,2587,854,856,2901,2799,1123,2
228,2136,1830,1708,1532,2589,853,857,2874,2798,1124,2
229,2134,1832,1708,1532,2587,854,856,2799,2797,1123,2
230,2132,1829,1707,1530,2586,854,857,2760,2797,1123,2
231,2132,1830,1707,1530,2586,854,854,2762,2796,1122,2
232,2131,1830,1709,1530,2586,854,855,2795,2795,1118,2
233,2131,1830,1708,1530,2586,855,852,2862,2793,1122,2
234,2132,1831,1707,1530,2586,856,851,2892,2793,1122,2
235,2131,1830,1706,1530,2586,855,852,2900,2793,1119,2
236,2129,1827,1706,1530,2586,854,851,2880,2792,1120,2
237,2130,1827,1704,1530,2586,856,849,2799,2792,1118,2
238,2129,1827,1705,1529,2586,854,849,2760,2791,1121,2
239,2130,1830,1706,1530,2584,854,849,2758,2790,1121,2
240,2131,1828,1703,1530,2586,855,850,2791,2788,1120,2
241,2128,1827,1703,1528,2587,855,848,2858,2787,1120,2
242,2130,1829,1704,1528,2586,854,849,2890,2787,1119,2
243,2127,1826,1704,1529,2584,854,847,2898,2786,1117,2
244,2127,1826,1704,1529,2585,855,846,2877,2784,1117,2
245,2127,1826,1703,1529,2584,854,846,2798,2785,1117,2
246,2126,1826,1703,1529,2586,854,846,2755,2784,1116,2
247,2126,1824,1703,1529,2584,855,844,2752,2782,1117,2
248,2125,1825,1702,1529,2586,854,845,2784,2782,1115,2
249,2125,1824,1701,1529,2583,853,844,2854,2782,1115,2
250,2128,1827,1702,1528,2583,855,844,2886,2779,1115,2
251,2125,1824,1701,1528,2584,854,844,2898,2779,1115,2
252,2125,1824,1701,1528,2582,854,843,2880,2778,1115,2
253,2124,1822,1698,1530,2584,852,843,2798,2778,1116,2
254,2122,1824,1698,1530,2584,854,842,2755,2778,1115,2
255,2124,1824,1700,1528,2584,853,842,2747,2776,1114,2
256,2123,1823,1699,1530,2584,852,841,2778,2777,1115,2
257,2122,1822,1698,1531,2582,855,840,2851,2776,1114,2
258,2125,1824,1699,1530,2582,854,842,2884,2774,1114,2
259,2124,1819,1698,1530,2582,853,840,2895,2774,1114,2
260,2124,1823,1698,1530,2582,853,841,2883,2773,1112,2
261,2121,1821,1697,1529,2582,854,840,2802,2772,1113,2
262,2121,1822,1698,1529,2582,855,840,2756,2771,1113,2
263,2121,1819,1696,1530,2581,855,840,2745,2770,1114,2
264,2122,1819,1697,1530,2579,854,839,2775,2770,1113,2
265,2120,1820,1697,1530,2581,854,836,2848,2770,1112,2
266,2122,1819,1698,1530,2579,853,837,2882,2770,1112,2
267,2120,1818,1695,1529,2579,854,838,2898,2768,1111,2
268,2121,1820,1695,1530,2579,854,838,2885,2768,1112,2
269,2118,1819,1694,1530,2578,854,837,2806,2767,1110,2
270,2117,1818,1694,1531,2579,854,839,2758,2768,1111,2
271,2118,1817,1694,1530,2578,854,836,2742,2766,1111,2
272,2116,1816,1694,1531,2579,854,837,2770,2766,1112,2
273,2116,1817,1692,1532,2578,855,836,2842,2765,1109,2
274,2114,1818,1693,1531,2578,855,836,2880,2763,1109,2
275,2116,1818,1693,1531,2578,854,836,2898,2764,1109,2
276,2114,1817,1692,1531,2578,855,837,2884,2763,1110,2
277,2114,1817,1692,1532,2577,855,835,2809,2763,1108,2
278,2113,1814,1693,1532,2578,853,835,2759,2762,1110,2
279,2114,1816,1691,1534,2576,854,835,2740,2761,1107,2
280,2112,1814,1688,1532,2579,853,834,2766,2762,1108,2
281,2114,1816,1691,1531,2576,854,834,2838,2760,1108,2
282,2115,1816,1690,1531,2576,854,833,2875,2760,1107,2
283,2113,1817,1690,1531,2578,852,833,2896,2759,1108,2
284,2114,1815,1689,1534,2576,854,833,2888,2758,1107,2
285,2109,1814,1689,1536,2577,853,834,2811,2758,1107,2
286,2113,1814,1689,1533,2576,854,832,2763,2758,1106,2
287,2112,1814,1689,1536,2576,854,829,2738,2755,1107,2
288,2114,1814,1688,1534,2574,854,830,2763,2755,1107,2
289,2109,1813,1688,1536,2576,852,830,2834,2756,1106,2
290,2108,1814,1687,1537,2575,851,830,2872,2755,1107,2
291,2109,1814,1689,1536,2574,854,829,2898,2754,1106,2
292,2106,1810,1688,1536,2576,853,832,2891,2753,1107,2
293,2107,1814,1686,1537,2574,852,829,2818,2752,1105,2
294,2107,1810,1686,1536,2575,852,832,2764,2754,1105,2
295,2106,1811,1686,1538,2575,852,832,2735,2752,1104,2
296,2106,1810,1686,1538,2575,851,829,2757,2749,1105,2
297,2106,1811,1685,1538,2574,851,829,2831,2749,1105,2
298,2106,1811,1684,1538,2574,850,828,2869,2748,1103,2
299,2104,1811,1686,1540,2573,851,828,2897,2748,1105,2
300,2107,1810,1685,1538,2574,851,827,2893,2747,1105,2
301,2106,1811,1685,1539,2572,852,828,2823,2747,1103,2
302,2103,1810,1684,1539,2572,852,828,2770,2746,1103,2
303,2104,1810,1683,1540,2573,852,827,2734,2746,1103,2
304,2102,1810,1682,1539,2571,851,828,2752,2746,1102,2
305,2104,1811,1683,1539,2572,851,828,2827,2745,1103,2
306,2101,1810,1683,1540,2571,852,827,2866,2744,1101,2
307,2105,1809,1682,1542,2573,852,828,2897,2744,1102,2
308,2102,1810,1682,1542,2573,850,828,2895,2744,1104,2
309,2102,1811,1681,1540,2571,851,827,2828,2744,1101,2
310,2102,1808,1681,1541,2570,851,826,2774,2742,1102,2
311,2099,1808,1680,1542,2572,850,826,2731,2742,1102,2
312,2101,1808,1681,1542,2571,850,827,2748,2739,1101,2
313,2102,1807,1680,1543,2570,850,825,2824,2741,1101,2
314,2101,1808,1681,1544,2570,850,826,2863,2739,1099,2
315,2100,1808,1679,1542,2571,850,827,2898,2738,1102,2
316,2101,1806,1679,1544,2570,850,826,2896,2738,1100,2
317,2097,1804,1679,1545,2570,850,827,2830,2738,1100,2
318,2099,1803,1679,1545,2568,850,826,2777,2738,1099,2
319,2100,1806,1679,1544,2570,850,826,2731,2737,1099,2
320,2099,1805,1678,1546,2570,850,826,2739,2736,1100,2
321,2098,1805,1677,1547,2570,850,827,2818,2736,1099,3
322,2107,1800,1674,1540,2565,848,824,2856,2735,1099,3
323,2091,1811,1674,1544,2565,844,826,2890,2735,1100,3
324,2091,1783,1674,1547,2566,856,826,2898,2734,1098,3
325,2066,1796,1674,1547,2565,848,826,2836,2735,1099,3
326,2120,1800,1674,1552,2565,850,827,2777,2734,1099,3
327,2084,1798,1674,1555,2565,849,827,2728,2734,1099,3
328,2090,1803,1674,1560,2565,849,829,2747,2734,1099,3
329,2095,1799,1674,1563,2566,847,829,2818,2735,1100,3
330,2097,1796,1673,1566,2563,849,828,2853,2734,1098,3
331,2088,1798,1676,1571,2564,848,829,2898,2734,1099,3
332,2104,1800,1674,1575,2563,851,828,2893,2732,1098,3
333,2090,1789,1673,1580,2564,850,833,2850,2733,1100,3
334,2089,1796,1674,1586,2563,849,833,2797,2733,1100,3
335,2090,1797,1673,1589,2564,850,834,2746,2734,1101,3
336,2090,1800,1674,1594,2566,850,834,2754,2734,1099,3
337,2094,1795,1675,1600,2564,848,838,2808,2734,1102,3
338,2088,1800,1676,1608,2565,848,839,2852,2734,1101,3
339,2096,1788,1676,1607,2568,848,840,2898,2734,1102,3
340,2094,1798,1668,1610,2566,848,840,2900,2735,1102,3
341,2097,1792,1676,1613,2570,849,840,2862,2735,1102,3
342,2097,1802,1676,1616,2564,850,842,2804,2735,1102,3
343,2096,1809,1674,1616,2566,849,843,2754,2735,1102,3
344,2098,1795,1678,1617,2565,849,842,2760,2737,1101,3
345,2100,1792,1676,1615,2563,850,842,2812,2736,1103,3
346,2080,1798,1675,1616,2565,849,845,2851,2736,1101,3
347,2102,1803,1677,1614,2566,848,844,2890,2736,1102,3
348,2102,1789,1676,1614,2564,848,845,2900,2737,1102,3
349,2102,1803,1676,1612,2564,849,846,2862,2737,1103,3
350,2092,1800,1676,1611,2565,847,847,2816,2738,1103,3
351,2102,1808,1676,1610,2565,849,846,2755,2738,1102,3
352,2136,1802,1677,1610,2564,849,848,2768,2737,1100,3
353,2075,1798,1676,1608,2566,849,848,2804,2739,1101,3
354,2123,1800,1678,1605,2565,850,848,2852,2739,1103,3
355,2105,1806,1676,1603,2566,847,849,2892,2739,1104,3
356,2102,1803,1677,1603,2565,850,850,2899,2740,1103,3
357,2102,1798,1678,1601,2563,848,849,2874,2740,1103,3
358,2120,1801,1677,1600,2565,848,850,2831,2741,1102,3
359,2119,1800,1676,1597,2565,850,850,2771,2742,1104,3
360,2119,1802,1676,1594,2563,850,850,2767,2742,1103,3
361,2100,1798,1676,1592,2567,850,850,2805,2742,1103,3
362,2102,1786,1676,1592,2565,848,853,2842,2742,1105,3
363,2082,1800,1675,1590,2564,847,854,2890,2742,1105,3
364,2103,1796,1675,1589,2564,848,853,2904,2743,1104,3
365,2106,1793,1677,1587,2565,848,855,2876,2743,1106,3
366,2106,1802,1675,1586,2566,848,854,2842,2745,1105,3
367,2100,1796,1676,1586,2563,850,855,2772,2744,1101,3
368,2102,1809,1676,1585,2564,848,857,2774,2744,1106,3
369,2104,1804,1675,1583,2563,850,855,2799,2746,1106,3
370,2126,1802,1677,1582,2563,850,855,2843,2745,1105,3
371,2104,1816,1676,1583,2563,850,855,2892,2746,1106,3
372,2108,1802,1675,1582,2555,850,859,2897,2746,1106,3
373,2094,1800,1674,1580,2563,850,854,2882,2747,1105,3
374,2102,1802,1676,1580,2563,850,858,2842,2747,1106,3
375,2104,1806,1676,1582,2563,850,860,2782,2749,1106,3
376,2101,1802,1676,1583,2563,851,859,2772,2750,1106,3
377,2103,1806,1674,1578,2563,850,862,2796,2750,1105,3
378,2091,1801,1676,1579,2564,847,862,2836,2750,1106,3
379,2107,1806,1674,1579,2564,851,861,2891,2752,1106,3
380,2102,1799,1675,1577,2564,849,863,2902,2752,1107,3
381,2101,1802,1675,1576,2563,850,863,2884,2754,1107,3
382,2101,1802,1676,1576,2563,850,866,2849,2752,1106,3
383,2103,1811,1675,1576,2565,849,864,2794,2754,1107,3
384,2098,1799,1675,1576,2563,850,866,2780,2754,1107,3
385,2074,1798,1674,1576,2563,850,868,2794,2754,1108,3
386,2114,1800,1674,1576,2563,851,866,2840,2755,1106,3
387,2088,1798,1675,1575,2562,850,869,2884,2754,1106,3
388,2122,1799,1675,1574,2563,850,866,2901,2755,1106,3
389,2110,1802,1676,1575,2565,851,867,2894,2756,1107,3
390,2102,1794,1676,1572,2562,851,867,2845,2755,1108,3
391,2106,1797,1675,1574,2566,847,869,2801,2757,1108,3
392,2083,1801,1683,1573,2562,848,870,2787,2758,1114,3
393,2107,1784,1676,1571,2563,850,869,2795,2758,1108,3
394,2120,1803,1674,1571,2563,850,869,2837,2758,1107,3
395,2107,1796,1675,1571,2563,850,868,2884,2758,1106,3
396,2113,1803,1676,1571,2564,849,871,2902,2758,1109,3
397,2094,1801,1676,1571,2564,848,874,2890,2758,1108,3
398,2104,1804,1676,1570,2563,850,870,2856,2759,1107,3
399,2107,1784,1676,1571,2563,850,869,2799,2755,1108,3
400,2103,1794,1675,1569,2564,850,871,2778,2759,1108,3
401,2102,1794,1676,1570,2563,850,872,2796,2760,1107,3
402,2105,1795,1677,1570,2565,849,873,2831,2760,1109,3
403,2104,1793,1674,1569,2564,848,873,2878,2761,1109,3
404,2105,1784,1674,1567,2564,850,873,2895,2760,1107,3
405,2106,1803,1675,1565,2563,850,872,2892,2760,1107,3
406,2099,1800,1676,1566,2563,850,874,2859,2759,1108,3
407,2116,1802,1675,1566,2564,850,874,2810,2762,1108,3
408,2108,1811,1677,1566,2564,849,872,2786,2762,1107,3
409,2108,1800,1675,1567,2565,849,873,2797,2762,1108,3
410,2103,1800,1676,1566,2563,851,874,2827,2761,1109,3
411,2106,1803,1675,1564,2563,850,868,2872,2762,1109,3
412,2113,1802,1677,1565,2563,851,872,2899,2762,1109,3
413,2108,1801,1674,1565,2563,850,874,2897,2763,1109,3
414,2104,1793,1675,1565,2564,850,875,2862,2764,1109,3
415,2086,1799,1674,1563,2563,851,875,2817,2763,1109,3
416,2104,1798,1675,1563,2563,848,874,2789,2764,1109,3
417,2106,1786,1674,1563,2563,845,875,2791,2764,1108,3
418,2109,1803,1675,1562,2563,848,875,2831,2763,1110,3
419,2132,1804,1674,1562,2563,850,875,2869,2766,1109,3
420,2098,1800,1676,1562,2564,850,878,2902,2765,1109,3
421,2110,1801,1676,1561,2563,850,878,2899,2767,1110,3
422,2106,1802,1676,1562,2563,851,877,2866,2767,1110,3
423,2107,1798,1674,1562,2563,850,876,2820,2768,1111,3
424,2104,1803,1676,1563,2564,848,880,2789,2770,1112,3
425,2110,1802,1676,1562,2564,850,878,2795,2770,1112,3
426,2099,1800,1675,1562,2563,850,879,2831,2770,1110,3
427,2126,1802,1676,1562,2563,851,881,2869,2770,1112,3
428,2114,1800,1675,1563,2565,849,881,2901,2772,1112,3
429,2104,1796,1677,1563,2562,850,881,2899,2768,1111,3
430,2106,1798,1675,1563,2563,851,884,2878,2774,1110,3
431,2098,1800,1677,1563,2564,850,885,2824,2774,1111,3
432,2100,1797,1676,1563,2563,850,884,2795,2774,1111,3
433,2108,1817,1675,1567,2563,851,883,2800,2775,1111,3
434,2103,1802,1676,1567,2563,851,886,2824,2776,1111,3
435,2106,1801,1676,1566,2563,851,886,2867,2776,1112,3
436,2107,1800,1675,1568,2563,850,897,2900,2776,1113,3
437,2120,1802,1676,1567,2563,851,889,2905,2779,1114,3
438,2107,1806,1676,1570,2563,850,889,2880,2778,1114,3
439,2109,1802,1676,1570,2563,850,890,2831,2781,1114,3
440,2112,1799,1677,1571,2564,850,899,2809,2781,1114,3
441,2116,1804,1676,1571,2563,849,892,2803,2784,1114,3
442,2105,1803,1676,1574,2563,850,896,2826,2782,1122,3
443,2110,1794,1677,1574,2564,843,896,2866,2784,1115,3
444,2136,1804,1678,1576,2564,850,899,2893,2786,1116,3
445,2112,1802,1678,1578,2564,851,898,2904,2786,1116,3
446,2114,1814,1678,1577,2565,851,899,2888,2787,1114,3
447,2116,1806,1677,1578,2565,851,901,2842,2788,1116,3
448,2101,1805,1677,1579,2566,851,902,2816,2787,1116,3
449,2110,1806,1677,1580,2564,851,903,2803,2790,1116,3
450,2109,1810,1676,1581,2565,851,903,2826,2791,1117,3
451,2109,1798,1678,1583,2565,851,906,2867,2791,1116,3
452,2105,1802,1678,1583,2564,851,906,2893,2791,1117,3
453,2150,1803,1678,1586,2566,850,909,2899,2794,1118,3
454,2124,1802,1668,1586,2564,851,910,2885,2794,1117,3
455,2120,1803,1679,1588,2566,851,908,2843,2793,1118,3
456,2115,1803,1678,1586,2564,850,909,2822,2795,1117,3
457,2117,1802,1679,1589,2565,851,912,2818,2796,1118,3
458,2114,1802,1679,1589,2566,851,911,2833,2797,1119,3
459,2115,1804,1679,1591,2565,852,912,2876,2798,1119,3
460,2115,1803,1678,1592,2567,849,915,2903,2798,1119,3
461,2122,1803,1679,1591,2566,851,913,2902,2799,1119,3
462,2122,1806,1680,1592,2564,851,916,2890,2798,1119,3
463,2134,1804,1680,1594,2566,850,915,2850,2800,1122,3
464,2116,1804,1679,1594,2564,851,917,2823,2802,1121,3
465,2114,1802,1679,1595,2565,850,918,2813,2802,1122,3
466,2113,1794,1679,1595,2566,852,919,2830,2802,1119,3
467,2116,1809,1681,1595,2566,851,918,2868,2804,1122,3
468,2115,1808,1680,1598,2568,850,923,2894,2803,1123,3
469,2099,1806,1679,1598,2566,849,923,2910,2805,1123,3
470,2123,1807,1680,1601,2567,851,924,2898,2806,1122,3
471,2119,1815,1679,1602,2567,851,923,2859,2806,1122,3
472,2117,1802,1680,1603,2568,851,924,2833,2804,1124,3
473,2130,1806,1680,1603,2566,845,928,2819,2807,1125,3
474,2114,1803,1683,1605,2566,851,927,2832,2808,1122,3
475,2117,1810,1680,1604,2568,850,923,2870,2808,1125,3
476,2109,1807,1680,1603,2566,850,930,2901,2807,1124,3
477,2125,1808,1681,1603,2567,852,927,2908,2808,1126,3
478,2116,1805,1681,1605,2567,851,932,2901,2809,1126,3
479,2132,1808,1682,1605,2566,851,930,2857,2809,1124,3
480,2118,1800,1682,1608,2567,851,932,2830,2811,1123,3
481,2117,1808,1682,1608,2567,851,932,2818,2811,1123,3
482,2124,1810,1682,1607,2568,852,933,2837,2811,1126,3
483,2120,1803,1682,1608,2567,851,930,2875,2812,1125,3
484,2146,1808,1682,1609,2567,852,933,2895,2813,1125,3
485,2120,1812,1682,1608,2568,852,933,2905,2812,1126,3
486,2098,1806,1682,1608,2568,851,937,2904,2814,1126,3
487,2120,1830,1683,1609,2567,850,936,2863,2817,1126,3
488,2137,1809,1682,1610,2567,851,936,2833,2816,1128,3
489,2118,1811,1682,1611,2568,852,930,2821,2817,1127,3
490,2086,1806,1683,1610,2569,849,938,2838,2814,1127,3
491,2122,1804,1682,1610,2568,851,938,2875,2818,1126,3
492,2116,1806,1682,1611,2569,849,938,2890,2818,1128,3
493,2120,1808,1684,1612,2568,850,941,2915,2818,1127,3
494,2123,1818,1683,1611,2570,850,941,2905,2818,1128,3
495,2134,1808,1678,1614,2567,851,939,2860,2820,1127,3
496,2122,1814,1684,1613,2568,853,943,2837,2819,1129,3
497,2126,1812,1684,1612,2569,852,941,2829,2823,1127,3
498,2128,1810,1686,1614,2575,852,940,2831,2821,1129,3
499,2122,1816,1683,1615,2570,851,942,2872,2821,1127,3
500,2126,1811,1685,1614,2569,850,943,2899,2826,1129,3
501,2130,1810,1686,1614,2568,851,942,2905,2821,1128,3
502,2120,1811,1684,1615,2568,851,946,2904,2822,1130,3
503,2126,1814,1685,1614,2568,852,942,2868,2823,1127,3
504,2138,1811,1687,1617,2569,853,945,2841,2824,1129,3
505,2120,1812,1685,1617,2570,851,947,2834,2825,1129,3
506,2122,1827,1684,1617,2570,851,949,2843,2823,1128,3
507,2118,1807,1685,1617,2570,850,948,2874,2824,1128,3
508,2101,1808,1686,1617,2569,851,945,2902,2826,1127,3
509,2124,1808,1687,1617,2570,853,947,2908,2826,1129,3
510,2122,1811,1686,1618,2570,852,947,2904,2826,1128,3
511,2125,1818,1685,1616,2569,852,947,2872,2827,1129,3
512,2118,1810,1686,1616,2570,852,948,2842,2823,1129,3
513,2098,1810,1685,1618,2570,852,949,2836,2826,1130,3
514,2130,1813,1687,1617,2571,852,949,2835,2828,1131,3
515,2125,1812,1686,1618,2571,852,950,2873,2828,1131,3
516,2123,1808,1686,1617,2571,852,950,2902,2828,1130,3
517,2126,1798,1686,1623,2571,852,948,2910,2829,1131,3
518,2127,1818,1688,1619,2570,851,950,2904,2830,1132,3
519,2121,1808,1688,1618,2570,853,949,2869,2830,1128,3
520,2117,1811,1688,1620,2570,852,949,2850,2830,1131,3
521,2147,1812,1686,1620,2570,853,951,2829,2830,1130,3
522,2110,1811,1688,1619,2571,852,950,2841,2830,1131,3
523,2130,1810,1688,1619,2569,852,950,2873,2830,1131,3
524,2120,1812,1688,1619,2570,852,951,2904,2831,1131,3
525,2126,1812,1689,1621,2571,851,951,2908,2831,1131,3
526,2122,1812,1688,1621,2570,852,951,2915,2832,1131,3
527,2122,1810,1687,1621,2570,850,953,2877,2832,1132,3
528,2122,1814,1688,1620,2572,852,954,2844,2832,1132,3
529,2124,1811,1689,1619,2570,852,951,2835,2832,1130,3
530,2124,1814,1689,1620,2571,852,952,2837,2833,1131,3
531,2126,1810,1690,1622,2572,851,952,2880,2834,1132,3
532,2124,1814,1689,1622,2572,852,955,2896,2834,1131,3
533,2127,1811,1689,1621,2571,853,953,2919,2834,1131,3
534,2124,1814,1688,1621,2572,852,955,2913,2834,1131,3
535,2130,1810,1688,1622,2572,851,953,2869,2835,1131,3
536,2120,1813,1690,1622,2566,852,956,2853,2835,1132,3
537,2137,1815,1686,1622,2571,851,957,2830,2835,1133,3
538,2106,1813,1688,1622,2572,852,953,2841,2835,1132,3
539,2161,1817,1691,1624,2570,852,954,2875,2836,1132,3
540,2130,1814,1690,1622,2572,853,956,2904,2835,1132,3
541,2126,1812,1690,1624,2571,852,958,2914,2836,1133,3
542,2126,1822,1690,1622,2572,854,955,2911,2837,1134,3
543,2126,1798,1690,1624,2571,854,952,2872,2837,1134,3
544,2125,1812,1688,1624,2573,853,955,2850,2837,1131,3
545,2126,1816,1690,1624,2573,854,958,2830,2838,1133,3
546,2130,1816,1690,1623,2571,854,956,2838,2838,1133,3
547,2107,1814,1690,1624,2573,854,956,2881,2838,1134,3
548,2120,1812,1691,1623,2572,852,961,2899,2833,1134,3
549,2131,1820,1691,1624,2572,856,957,2917,2838,1134,3
550,2127,1812,1691,1624,2574,853,960,2910,2838,1130,3
551,2125,1812,1690,1626,2574,851,957,2875,2840,1134,3
552,2118,1815,1691,1625,2569,852,961,2852,2838,1134,3
553,2147,1816,1691,1625,2573,852,960,2832,2841,1134,3
554,2131,1819,1691,1627,2574,852,961,2843,2839,1134,3
555,2126,1802,1693,1624,2573,854,958,2875,2841,1135,3
556,2127,1813,1692,1623,2574,854,958,2899,2840,1136,3
557,2122,1814,1691,1625,2574,853,958,2918,2840,1136,3
558,2126,1814,1692,1626,2574,852,960,2907,2841,1134,3
559,2130,1822,1693,1625,2573,861,960,2874,2842,1134,3
560,2126,1816,1693,1626,2575,853,962,2845,2842,1136,3
561,2131,1816,1692,1626,2574,852,960,2829,2843,1134,3
562,2100,1813,1694,1627,2574,853,963,2844,2843,1135,3
563,2126,1810,1693,1626,2574,852,963,2876,2843,1135,3
564,2126,1812,1694,1627,2575,854,961,2904,2843,1136,3
565,2122,1819,1694,1626,2575,853,963,2918,2843,1135,3
566,2120,1814,1692,1626,2575,853,962,2908,2840,1136,3
567,2129,1829,1693,1626,2574,852,962,2878,2842,1136,3
568,2127,1818,1692,1626,2574,852,965,2855,2843,1136,3
569,2154,1818,1694,1627,2575,852,963,2830,2844,1135,3
570,2130,1826,1693,1626,2576,852,962,2844,2843,1135,3
571,2130,1822,1692,1627,2574,852,965,2877,2845,1136,3
572,2142,1819,1696,1627,2576,852,963,2899,2843,1139,3
573,2136,1824,1694,1627,2574,859,962,2915,2846,1136,3
574,2130,1823,1694,1626,2574,852,964,2908,2843,1137,3
575,2148,1818,1694,1627,2574,851,964,2872,2846,1135,3
576,2132,1827,1696,1626,2576,852,963,2851,2845,1135,3
577,2131,1822,1696,1627,2575,853,966,2835,2846,1136,3
578,2154,1818,1694,1627,2574,853,965,2841,2846,1136,3
579,2132,1831,1694,1629,2574,852,965,2886,2846,1137,3
580,2127,1818,1696,1626,2576,852,963,2906,2846,1138,3
581,2128,1818,1696,1630,2575,851,964,2914,2846,1136,3
582,2129,1814,1696,1628,2576,853,964,2912,2847,1137,3
583,2115,1815,1694,1628,2575,850,965,2875,2848,1138,3
584,2128,1810,1694,1627,2576,854,966,2845,2847,1139,3
585,2135,1818,1696,1629,2576,852,966,2832,2850,1138,3
586,2138,1821,1696,1627,2575,850,967,2846,2850,1139,3
587,2133,1824,1696,1627,2576,853,967,2878,2849,1138,3
588,2152,1818,1696,1629,2577,853,966,2907,2850,1138,3
589,2134,1834,1696,1630,2576,854,969,2917,2850,1138,3
590,2120,1819,1697,1628,2578,851,964,2911,2850,1138,3
591,2128,1810,1696,1629,2576,852,967,2870,2850,1139,3
592,2134,1820,1698,1629,2577,852,967,2843,2850,1139,3
593,2134,1822,1696,1628,2578,850,968,2839,2851,1139,3
594,2130,1821,1697,1630,2577,851,970,2851,2851,1141,3
595,2125,1815,1695,1630,2578,851,967,2882,2851,1139,3
596,2131,1816,1698,1629,2577,853,966,2906,2851,1138,3
597,2139,1822,1698,1631,2576,854,967,2918,2852,1139,3
598,2130,1822,1698,1629,2576,854,968,2905,2851,1138,3
599,2163,1823,1698,1630,2576,854,969,2871,2851,1138,3
600,2130,1818,1698,1629,2577,854,967,2850,2851,1140,3
601,2101,1818,1698,1630,2578,854,967,2837,2852,1139,3
602,2132,1826,1698,1629,2578,852,969,2843,2851,1138,3
603,2163,1821,1698,1630,2578,851,968,2882,2852,1139,3
604,2131,1818,1698,1630,2578,854,967,2907,2851,1139,3
605,2142,1822,1698,1633,2578,853,968,2918,2853,1139,3
606,2131,1824,1698,1630,2576,852,970,2904,2853,1139,3
607,2127,1819,1698,1629,2578,854,970,2868,2854,1139,3
608,2134,1819,1698,1629,2577,852,969,2842,2854,1139,3
609,2138,1823,1697,1630,2578,851,969,2840,2854,1139,3
610,2130,1822,1698,1630,2577,853,969,2851,2853,1140,3
611,2129,1815,1699,1631,2578,854,970,2883,2853,1139,3
612,2138,1824,1699,1630,2579,851,969,2904,2854,1139,3
613,2132,1831,1700,1632,2578,852,970,2922,2853,1140,3
614,2110,1819,1698,1632,2578,851,969,2910,2856,1141,3
615,2131,1827,1699,1632,2578,854,970,2869,2856,1139,3
616,2126,1819,1700,1631,2578,854,968,2841,2855,1139,3
617,2131,1819,1699,1633,2578,852,971,2831,2856,1141,3
618,2134,1824,1699,1632,2578,852,970,2851,2856,1139,3
619,2123,1818,1698,1632,2579,851,971,2890,2856,1141,3
620,2130,1819,1700,1632,2579,853,970,2904,2856,1142,3
621,2166,1824,1700,1632,2577,853,969,2914,2856,1139,3
622,2132,1818,1700,1634,2580,851,968,2899,2856,1140,3
623,2137,1828,1700,1631,2579,854,970,2871,2856,1139,3
624,2122,1820,1700,1633,2579,852,970,2846,2856,1139,3
625,2134,1820,1700,1633,2578,853,974,2833,2856,1142,3
626,2130,1820,1700,1632,2578,853,971,2856,2855,1142,3
627,2135,1822,1701,1633,2579,854,970,2883,2858,1141,3
628,2134,1831,1701,1634,2579,853,972,2912,2857,1139,3
629,2112,1821,1702,1631,2579,854,971,2920,2858,1140,3
630,2134,1827,1700,1634,2578,852,971,2904,2857,1141,3
631,2130,1817,1700,1633,2578,854,972,2867,2857,1141,3
632,2152,1822,1702,1634,2580,852,970,2840,2858,1142,3
633,2135,1819,1702,1632,2579,854,971,2838,2858,1142,3
634,2140,1829,1702,1633,2579,858,970,2857,2859,1142,3
635,2123,1824,1710,1632,2580,854,970,2890,2858,1142,3
636,2134,1825,1699,1634,2580,853,973,2908,2859,1144,3
637,2131,1818,1702,1634,2579,855,972,2915,2858,1142,3
638,2148,1825,1700,1634,2580,853,972,2901,2859,1141,3
639,2135,1819,1702,1633,2579,854,971,2870,2859,1141,3
640,2138,1830,1702,1632,2580,854,970,2843,2859,1142,3
641,2118,1822,1702,1634,2579,854,970,2838,2859,1141,3
642,2136,1826,1701,1634,2579,852,973,2862,2858,1141,3
643,2134,1814,1701,1630,2579,854,973,2888,2858,1141,3
644,2172,1827,1703,1634,2582,854,972,2910,2859,1141,3
645,2136,1824,1702,1634,2581,854,970,2913,2860,1142,3
646,2134,1820,1702,1634,2581,854,971,2902,2859,1141,3
647,2138,1828,1704,1635,2580,852,971,2868,2859,1142,3
648,2121,1820,1711,1634,2580,854,971,2843,2859,1142,3
649,2135,1828,1702,1634,2581,854,974,2833,2860,1142,3
650,2136,1811,1703,1634,2582,854,972,2856,2859,1142,3
651,2170,1830,1702,1634,2580,854,973,2891,2862,1142,3
652,2141,1825,1702,1634,2581,855,974,2918,2859,1141,3
653,2139,1823,1703,1634,2582,854,973,2920,2861,1143,3
654,2137,1832,1704,1634,2581,854,971,2902,2859,1143,3
655,2109,1822,1702,1634,2582,854,974,2865,2860,1142,3
656,2130,1822,1702,1634,2576,853,974,2844,2861,1142,3
657,2136,1830,1702,1635,2582,854,974,2837,2862,1143,3
658,2135,1816,1703,1633,2582,856,974,2854,2861,1142,3
659,2167,1826,1704,1634,2581,856,974,2891,2862,1143,3
660,2140,1825,1704,1635,2582,853,974,2912,2862,1143,3
661,2134,1824,1705,1635,2581,856,972,2918,2862,1143,3
662,2138,1837,1703,1634,2582,854,976,2900,2862,1143,3
663,2142,1829,1704,1635,2581,855,973,2863,2862,1142,3
664,2122,1825,1705,1634,2582,855,974,2842,2862,1144,3
665,2136,1828,1705,1635,2582,854,975,2845,2863,1143,3
666,2135,1830,1705,1635,2580,854,975,2862,2862,1143,3
667,2135,1820,1704,1635,2582,856,973,2895,2861,1144,3
668,2128,1826,1704,1634,2582,855,976,2915,2862,1143,3
669,2147,1828,1705,1635,2582,853,975,2912,2863,1144,3
670,2134,1824,1706,1634,2582,855,973,2889,2863,1144,3
671,2136,1822,1704,1635,2582,855,974,2860,2862,1143,3
672,2138,1832,1705,1628,2582,854,975,2842,2862,1144,3
673,2141,1830,1704,1636,2580,854,972,2848,2864,1144,3
674,2121,1824,1704,1635,2582,854,976,2872,2863,1144,3
675,2133,1827,1704,1635,2578,854,975,2905,2863,1145,3
676,2136,1829,1706,1635,2582,854,975,2911,2863,1145,3
677,2136,1810,1704,1637,2582,854,967,2909,2864,1144,3
678,2131,1820,1706,1636,2582,855,974,2888,2865,1143,3
679,2131,1826,1706,1635,2582,855,975,2855,2864,1143,3
680,2148,1826,1706,1635,2582,854,975,2837,2863,1144,3
681,2139,1826,1706,1636,2587,855,974,2841,2865,1144,3
682,2138,1824,1706,1634,2583,854,973,2863,2864,1143,3
683,2136,1822,1705,1636,2582,855,975,2908,2865,1139,3
684,2140,1837,1706,1625,2583,854,976,2921,2864,1144,3
685,2140,1830,1706,1636,2582,854,976,2918,2865,1145,3
686,2151,1830,1706,1635,2582,854,975,2893,2864,1145,3
687,2126,1824,1706,1636,2584,853,975,2856,2866,1145,3
688,2134,1828,1706,1635,2585,854,974,2842,2866,1144,3
689,2136,1831,1706,1635,2583,854,978,2854,2866,1144,3
690,2136,1830,1706,1636,2582,854,977,2870,2865,1144,3
691,2136,1809,1707,1636,2584,854,978,2906,2866,1144,3
692,2134,1818,1706,1635,2583,855,974,2913,2865,1146,3
693,2133,1822,1706,1636,2584,854,977,2912,2866,1145,3
694,2128,1824,1707,1635,2584,854,976,2888,2865,1144,3
695,2162,1830,1707,1635,2584,854,975,2846,2866,1145,3
696,2146,1829,1700,1635,2584,856,977,2838,2866,1144,3
697,2144,1826,1706,1637,2592,856,976,2846,2867,1144,3
698,2138,1828,1707,1635,2583,854,975,2869,2866,1144,3
699,2139,1825,1707,1637,2585,855,976,2912,2867,1145,3
700,2138,1827,1708,1635,2585,855,978,2922,2866,1145,3
701,2139,1840,1707,1636,2584,854,984,2914,2867,1145,3
702,2142,1839,1707,1636,2585,854,975,2888,2867,1144,3
703,2145,1832,1706,1635,2585,857,975,2849,2867,1145,3
704,2142,1834,1708,1635,2584,854,975,2840,2868,1145,3
705,2147,1830,1707,1635,2584,854,975,2854,2867,1145,3
706,2104,1827,1707,1636,2584,854,975,2877,2867,1145,3
707,2118,1829,1706,1636,2584,854,976,2918,2867,1146,3
708,2126,1830,1707,1636,2584,855,976,2921,2867,1146,3
709,2131,1828,1706,1637,2585,854,974,2907,2866,1146,3
710,2130,1829,1707,1635,2586,853,975,2885,2868,1146,3
711,2135,1830,1708,1635,2585,854,979,2851,2868,1145,3
712,2136,1830,1708,1637,2583,854,978,2845,2868,1144,3
713,2139,1834,1710,1637,2584,855,975,2859,2868,1146,3
714,2139,1832,1710,1636,2585,854,977,2889,2870,1146,3
715,2136,1833,1708,1636,2586,853,979,2910,2868,1146,3
716,2138,1832,1708,1636,2586,855,978,2915,2868,1145,3
717,2139,1836,1708,1637,2585,855,977,2902,2870,1148,3
718,2139,1831,1708,1637,2585,855,978,2875,2869,1146,3
719,2139,1811,1710,1636,2586,855,979,2842,2868,1146,3
720,2137,1808,1709,1635,2586,855,978,2838,2868,1146,3
