Count,S1,S2,S3,S4,S5,S6,S7,S8,S9,S10,Flag
1,2196,1871,1779,1681,2671,861,1029,2888,2944,1201,0
2,2162,1885,1779,1682,2671,862,1030,2907,2942,1202,0
3,2202,1894,1782,1682,2673,862,1030,2919,2942,1200,0
4,2203,1885,1779,1683,2671,862,1029,2912,2944,1200,0
5,2196,1891,1778,1682,2671,861,1030,2883,2944,1203,0
6,2198,1887,1779,1683,2671,862,1029,2862,2944,1202,0
7,2199,1898,1779,1682,2673,861,1030,2866,2944,1201,0
8,2197,1884,1781,1682,2674,862,1027,2893,2944,1202,0
9,2193,1883,1779,1682,2672,862,1030,2922,2946,1201,0
10,2196,1883,1778,1682,2671,862,1028,2918,2944,1202,0
11,2197,1886,1780,1682,2678,862,1029,2898,2942,1202,0
12,2216,1888,1780,1682,2672,862,1025,2882,2944,1202,0
13,2192,1884,1780,1682,2672,864,1028,2862,2944,1202,0
14,2199,1894,1782,1681,2672,862,1030,2864,2944,1202,0
15,2196,1892,1778,1682,2672,862,1031,2888,2944,1202,0
16,2180,1886,1779,1683,2672,863,1029,2901,2944,1202,0
17,2202,1890,1781,1681,2672,862,1029,2918,2945,1202,0
18,2195,1896,1779,1682,2671,863,1027,2915,2944,1202,0
19,2196,1887,1780,1682,2672,863,1030,2895,2946,1202,0
20,2210,1887,1780,1681,2672,864,1030,2880,2946,1202,0
21,2195,1885,1780,1680,2673,862,1031,2863,2945,1202,1
22,2198,1892,1780,1682,2674,863,1030,2866,2945,1201,1
23,2198,1891,1781,1681,2672,863,1029,2890,2946,1203,1
24,2189,1886,1781,1682,2674,864,1029,2904,2945,1204,1
25,2171,1888,1781,1681,2674,865,1030,2918,2945,1203,1
26,2203,1894,1781,1682,2674,863,1028,2918,2944,1201,1
27,2203,1892,1780,1682,2674,862,1032,2893,2944,1202,1
28,2202,1898,1779,1681,2674,863,1028,2874,2946,1202,1
29,2202,1897,1783,1682,2672,862,1028,2859,2946,1203,1
30,2200,1894,1782,1682,2673,863,1031,2862,2946,1202,1
31,2204,1897,1781,1680,2674,870,1030,2890,2945,1203,1
32,2202,1894,1781,1682,2674,864,1030,2907,2945,1203,1
33,2208,1891,1783,1682,2674,862,1029,2918,2945,1202,1
34,2209,1890,1782,1682,2674,863,1031,2915,2946,1202,1
35,2182,1887,1781,1682,2673,864,1028,2890,2946,1204,1
36,2185,1890,1789,1683,2675,864,1029,2870,2946,1204,1
37,2198,1890,1781,1684,2675,864,1032,2866,2946,1203,1
38,2196,1892,1782,1686,2674,863,1034,2870,2946,1203,1
39,2202,1895,1783,1684,2675,862,1035,2897,2946,1204,1
40,2202,1870,1784,1685,2674,862,1034,2914,2946,1204,1
41,2196,1888,1782,1686,2675,863,1034,2924,2947,1204,1
42,2195,1891,1784,1688,2673,863,1035,2920,2946,1205,1
43,2212,1894,1784,1686,2676,862,1032,2897,2947,1206,1
44,2204,1892,1783,1689,2675,862,1034,2870,2947,1204,1
45,2201,1888,1784,1690,2674,862,1035,2862,2948,1206,1
46,2202,1905,1786,1690,2675,863,1040,2869,2947,1206,1
47,2206,1895,1784,1690,2676,862,1035,2893,2950,1207,1
48,2182,1891,1784,1691,2674,863,1038,2909,2948,1206,1
49,2200,1891,1784,1694,2670,862,1039,2925,2948,1204,1
50,2200,1894,1785,1693,2675,866,1038,2921,2951,1207,1
51,2202,1883,1785,1698,2676,863,1039,2896,2955,1208,1
52,2191,1889,1786,1698,2676,862,1040,2882,2952,1210,1
53,2210,1892,1785,1698,2675,863,1040,2866,2953,1209,1
54,2202,1890,1786,1701,2676,863,1041,2873,2952,1210,1
55,2210,1899,1786,1703,2676,863,1045,2900,2952,1210,1
56,2208,1894,1786,1702,2677,865,1043,2915,2955,1211,1
57,2202,1893,1786,1702,2677,863,1045,2928,2954,1212,1
58,2202,1895,1786,1705,2677,863,1049,2924,2954,1212,1
59,2203,1887,1786,1705,2678,863,1049,2901,2955,1214,1
60,2226,1895,1787,1707,2678,862,1049,2886,2958,1216,1
61,2209,1893,1786,1710,2678,863,1049,2872,2958,1213,1
62,2204,1910,1787,1710,2678,862,1059,2882,2958,1216,1
63,2215,1895,1787,1710,2678,863,1050,2904,2958,1214,1
64,2198,1894,1787,1712,2678,863,1053,2923,2959,1218,1
65,2208,1897,1787,1714,2679,863,1054,2931,2960,1216,1
66,2202,1889,1788,1714,2679,866,1061,2924,2960,1218,1
67,2220,1894,1787,1716,2678,865,1058,2907,2960,1218,1
68,2206,1893,1792,1719,2678,863,1060,2883,2960,1218,1
69,2214,1901,1787,1719,2680,863,1060,2876,2962,1220,1
70,2186,1899,1790,1720,2679,865,1060,2888,2963,1221,1
71,2206,1899,1789,1722,2680,863,1063,2912,2962,1220,1
72,2208,1888,1792,1723,2679,863,1064,2926,2963,1220,1
73,2235,1898,1790,1724,2679,865,1062,2936,2964,1221,1
74,2210,1895,1792,1725,2679,863,1064,2920,2963,1222,1
75,2210,1904,1792,1723,2680,863,1066,2902,2962,1222,1
76,2186,1893,1792,1726,2680,863,1065,2890,2966,1223,1
77,2210,1900,1792,1729,2680,863,1067,2884,2966,1223,1
78,2209,1890,1793,1734,2680,865,1068,2891,2971,1224,1
79,2231,1900,1793,1730,2680,866,1067,2918,2968,1226,1
80,2214,1899,1795,1732,2680,865,1069,2926,2968,1224,1
81,2215,1903,1793,1732,2682,869,1069,2931,2968,1224,1
82,2201,1899,1798,1732,2680,866,1071,2918,2969,1224,1
83,2211,1903,1794,1733,2682,865,1073,2910,2970,1225,1
84,2210,1894,1794,1734,2681,865,1072,2894,2969,1225,1
85,2219,1900,1795,1734,2682,863,1074,2883,2968,1226,1
86,2215,1896,1794,1734,2681,865,1074,2894,2971,1226,1
87,2223,1901,1796,1736,2682,865,1074,2914,2970,1226,1
88,2216,1901,1796,1736,2682,863,1075,2934,2970,1227,1
89,2214,1891,1796,1736,2683,865,1074,2938,2971,1228,1
90,2235,1904,1796,1737,2682,865,1078,2930,2971,1228,1
91,2219,1895,1798,1739,2683,864,1077,2905,2971,1228,1
92,2219,1906,1798,1739,2683,868,1081,2890,2971,1228,1
93,2211,1900,1799,1740,2683,865,1078,2891,2971,1228,1
94,2216,1904,1799,1740,2684,866,1079,2902,2971,1230,1
95,2215,1899,1797,1738,2682,865,1081,2923,2973,1229,1
96,2218,1901,1799,1741,2684,863,1080,2930,2972,1229,1
97,2223,1912,1799,1743,2683,866,1082,2934,2974,1230,1
98,2196,1899,1799,1741,2684,866,1081,2922,2972,1230,1
99,2219,1904,1798,1742,2682,866,1082,2910,2972,1228,1
100,2200,1903,1800,1741,2683,866,1079,2888,2974,1229,1
101,2218,1906,1800,1742,2683,866,1081,2890,2973,1230,1
102,2214,1902,1800,1742,2683,867,1082,2903,2973,1229,1
103,2220,1902,1801,1741,2690,865,1080,2918,2973,1229,1
104,2219,1922,1799,1741,2685,866,1084,2932,2972,1230,1
105,2196,1903,1801,1741,2686,866,1078,2931,2972,1229,1
106,2218,1907,1799,1741,2686,867,1082,2927,2973,1228,1
107,2216,1901,1802,1742,2684,866,1080,2906,2972,1228,1
108,2225,1905,1803,1741,2683,866,1080,2888,2972,1228,1
109,2219,1924,1802,1740,2686,867,1082,2886,2971,1227,1
110,2186,1902,1802,1739,2685,866,1076,2894,2970,1229,1
111,2222,1910,1801,1738,2686,867,1077,2923,2971,1228,1
112,2220,1899,1802,1738,2688,865,1076,2936,2970,1230,1
113,2226,1908,1803,1736,2686,867,1073,2932,2970,1228,1
114,2223,1920,1802,1733,2688,866,1070,2918,2969,1228,1
115,2192,1903,1802,1735,2684,866,1071,2891,2969,1228,1
116,2224,1908,1802,1732,2688,868,1074,2884,2969,1227,1
117,2218,1900,1803,1731,2686,867,1070,2883,2968,1227,1
118,2227,1904,1802,1729,2689,867,1068,2892,2968,1227,1
119,2222,1923,1802,1728,2689,867,1074,2919,2968,1226,1
120,2186,1903,1803,1726,2688,866,1065,2926,2967,1227,1
121,2219,1907,1803,1723,2688,866,1066,2934,2966,1226,2
122,2230,1912,1804,1726,2691,869,1065,2915,2966,1227,2
123,2226,1912,1806,1722,2691,869,1061,2890,2966,1226,2
124,2230,1913,1805,1720,2691,868,1062,2874,2966,1226,2
125,2229,1912,1807,1716,2691,868,1059,2874,2966,1226,2
126,2229,1911,1807,1714,2691,868,1056,2891,2963,1226,2
127,2226,1916,1807,1709,2691,869,1053,2917,2963,1224,2
128,2229,1912,1806,1708,2690,870,1052,2928,2963,1224,2
129,2226,1914,1806,1704,2691,869,1048,2928,2963,1222,2
130,2227,1911,1805,1702,2691,869,1047,2910,2962,1222,2
131,2226,1912,1806,1700,2692,870,1044,2882,2960,1222,2
132,2226,1913,1805,1695,2691,869,1042,2864,2960,1222,2
133,2226,1910,1806,1692,2691,870,1042,2867,2959,1221,2
134,2227,1912,1805,1690,2691,870,1037,2883,2958,1222,2
135,2226,1912,1806,1688,2691,869,1036,2914,2956,1219,2
136,2226,1910,1804,1684,2691,869,1033,2925,2956,1218,2
137,2226,1910,1806,1682,2690,869,1032,2923,2955,1219,2
138,2226,1910,1805,1680,2690,867,1029,2902,2954,1218,2
139,2226,1909,1804,1678,2691,867,1027,2868,2954,1218,2
140,2226,1912,1803,1674,2690,868,1025,2850,2952,1217,2
141,2224,1909,1805,1672,2691,867,1020,2863,2952,1217,2
142,2227,1911,1804,1670,2690,868,1018,2884,2952,1216,2
143,2227,1912,1804,1665,2691,868,1014,2920,2950,1216,2
144,2226,1911,1804,1666,2690,869,1011,2932,2950,1212,2
145,2226,1911,1803,1661,2690,868,1012,2927,2947,1212,2
146,2224,1909,1804,1659,2690,869,1009,2904,2948,1211,2
147,2223,1911,1804,1656,2690,867,1005,2860,2947,1212,2
148,2224,1910,1803,1654,2690,868,1003,2846,2945,1210,2
149,2223,1909,1803,1651,2690,866,1000,2855,2946,1210,2
150,2226,1911,1802,1649,2690,867,1001,2880,2944,1210,2
151,2225,1911,1803,1646,2690,867,998,2915,2942,1210,2
152,2226,1910,1803,1644,2689,867,994,2926,2942,1209,2
153,2224,1909,1802,1643,2690,867,994,2918,2939,1208,2
154,2223,1909,1802,1642,2688,867,989,2890,2939,1208,2
155,2223,1907,1803,1638,2688,867,988,2846,2938,1209,2
156,2223,1909,1801,1636,2689,866,984,2834,2938,1207,2
157,2223,1907,1802,1634,2690,867,982,2849,2937,1207,2
158,2222,1911,1801,1633,2690,867,982,2875,2934,1205,2
159,2222,1908,1803,1629,2690,867,974,2914,2934,1205,2
160,2222,1911,1801,1627,2688,867,978,2923,2931,1206,2
161,2223,1906,1801,1626,2688,867,974,2909,2931,1205,2
162,2220,1907,1802,1624,2688,867,971,2881,2931,1203,2
163,2221,1905,1802,1622,2688,867,971,2832,2931,1203,2
164,2221,1907,1802,1621,2688,867,969,2824,2930,1202,2
165,2222,1906,1800,1618,2686,866,967,2843,2928,1201,2
166,2220,1907,1802,1618,2684,867,964,2870,2927,1200,2
167,2220,1906,1800,1616,2686,866,963,2914,2926,1201,2
168,2219,1907,1802,1613,2685,867,963,2921,2926,1201,2
169,2219,1905,1800,1612,2685,866,955,2903,2925,1201,2
170,2221,1904,1800,1610,2686,866,955,2872,2923,1199,2
171,2218,1904,1798,1610,2685,867,952,2822,2922,1199,2
172,2218,1903,1798,1608,2685,866,953,2817,2922,1197,2
173,2217,1905,1798,1606,2685,866,951,2840,2920,1198,2
174,2216,1904,1797,1605,2685,867,950,2874,2918,1198,2
175,2216,1905,1796,1604,2685,866,947,2913,2919,1196,2
176,2216,1903,1797,1602,2685,867,946,2919,2916,1195,2
177,2215,1904,1795,1600,2685,864,943,2897,2916,1195,2
178,2216,1906,1796,1598,2683,866,943,2858,2916,1195,2
179,2214,1902,1797,1596,2683,865,941,2811,2915,1195,2
180,2216,1905,1794,1594,2683,867,938,2807,2912,1194,2
181,2214,1904,1794,1593,2683,866,937,2836,2912,1193,2
182,2216,1902,1795,1594,2682,865,936,2871,2910,1192,2
183,2214,1903,1794,1592,2682,865,935,2910,2910,1192,2
184,2214,1902,1794,1590,2682,866,933,2914,2909,1193,2
185,2211,1903,1794,1590,2682,867,932,2891,2910,1191,2
186,2214,1899,1794,1590,2683,866,930,2853,2907,1191,2
187,2211,1901,1794,1586,2683,866,930,2804,2906,1190,2
188,2212,1900,1794,1586,2681,867,927,2800,2906,1190,2
189,2211,1900,1790,1584,2682,865,924,2835,2905,1190,2
190,2210,1902,1792,1584,2682,866,926,2871,2904,1189,2
191,2206,1899,1793,1584,2682,866,922,2909,2902,1188,2
192,2206,1898,1793,1582,2681,863,922,2913,2902,1189,2
193,2208,1898,1793,1583,2680,866,921,2886,2902,1187,2
194,2205,1898,1793,1580,2682,863,920,2845,2900,1187,2
195,2205,1899,1792,1580,2682,866,918,2795,2898,1186,2
196,2206,1899,1791,1579,2681,863,917,2795,2898,1186,2
197,2204,1899,1790,1578,2682,865,915,2835,2898,1186,2
198,2203,1897,1790,1577,2681,863,913,2870,2897,1186,2
199,2203,1899,1788,1576,2680,863,914,2910,2896,1185,2
200,2205,1900,1787,1576,2680,865,914,2912,2894,1185,2
201,2205,1897,1787,1574,2680,864,910,2875,2894,1184,2
202,2205,1898,1787,1574,2680,863,911,2835,2894,1183,2
203,2200,1897,1787,1573,2680,865,910,2787,2892,1184,2
204,2204,1898,1787,1571,2680,863,908,2789,2891,1182,2
205,2202,1896,1787,1571,2679,863,908,2834,2891,1182,2
206,2201,1896,1785,1571,2679,865,906,2870,2888,1181,2
207,2200,1896,1786,1570,2678,863,906,2906,2888,1181,2
208,2202,1896,1786,1569,2679,866,906,2907,2888,1181,2
209,2201,1892,1786,1568,2678,863,902,2870,2888,1179,2
210,2198,1892,1786,1568,2678,863,902,2829,2886,1179,2
211,2198,1893,1783,1569,2678,865,902,2781,2886,1179,2
212,2198,1893,1783,1566,2678,865,900,2784,2886,1179,2
213,2195,1893,1783,1568,2678,865,900,2835,2883,1178,2
214,2197,1893,1783,1566,2678,863,899,2870,2883,1178,2
215,2194,1892,1782,1566,2678,866,897,2906,2882,1177,2
216,2195,1893,1783,1564,2676,865,897,2907,2880,1177,2
217,2194,1890,1781,1564,2676,863,896,2865,2882,1176,2
218,2195,1892,1781,1563,2677,863,893,2825,2880,1176,2
219,2194,1890,1780,1563,2676,865,896,2778,2880,1177,2
220,2194,1892,1782,1562,2676,862,891,2781,2875,1176,2
221,2192,1891,1780,1562,2677,865,891,2835,2875,1174,2
222,2193,1891,1782,1562,2675,866,889,2869,2875,1174,2
223,2192,1891,1778,1561,2675,863,888,2906,2874,1174,2
224,2191,1890,1779,1562,2675,862,888,2907,2874,1173,2
225,2190,1887,1780,1560,2675,863,888,2862,2872,1172,2
226,2192,1889,1780,1561,2675,863,888,2820,2872,1173,2
227,2189,1890,1779,1560,2675,863,886,2775,2872,1172,2
228,2189,1890,1778,1560,2674,864,885,2778,2868,1171,2
229,2188,1889,1778,1560,2674,863,886,2837,2869,1173,2
230,2190,1890,1776,1559,2674,863,884,2872,2867,1170,2
231,2191,1889,1778,1559,2673,864,883,2907,2867,1170,2
232,2188,1884,1778,1558,2674,862,883,2906,2867,1171,2
233,2188,1886,1778,1559,2674,864,882,2857,2866,1168,2
234,2186,1886,1777,1557,2673,862,882,2813,2867,1169,2
235,2186,1885,1776,1558,2672,865,882,2771,2866,1170,2
236,2187,1883,1775,1557,2672,863,881,2777,2866,1169,2
237,2188,1885,1775,1557,2672,864,880,2835,2863,1168,2
238,2187,1886,1775,1557,2672,862,879,2869,2862,1170,2
239,2190,1886,1774,1557,2671,862,879,2904,2862,1169,2
240,2187,1885,1774,1557,2670,862,877,2903,2862,1167,2
241,2186,1883,1775,1556,2671,862,876,2851,2862,1166,2
242,2186,1882,1773,1557,2671,862,877,2806,2859,1167,2
243,2182,1882,1771,1557,2672,863,875,2767,2858,1165,2
244,2186,1885,1772,1557,2671,862,875,2773,2859,1167,2
245,2184,1881,1773,1556,2671,862,875,2835,2858,1166,2
246,2183,1884,1770,1557,2671,862,874,2872,2856,1166,2
247,2184,1881,1773,1556,2670,862,874,2904,2856,1166,2
248,2184,1880,1771,1555,2670,862,875,2903,2856,1165,2
249,2180,1882,1770,1554,2671,862,872,2850,2854,1165,2
250,2179,1879,1771,1555,2670,862,873,2802,2854,1165,2
251,2180,1880,1770,1555,2667,862,873,2764,2853,1164,2
252,2178,1879,1770,1555,2669,861,872,2773,2853,1163,2
253,2179,1881,1768,1555,2668,861,872,2836,2851,1163,2
254,2178,1877,1769,1554,2667,862,869,2871,2850,1162,2
255,2176,1880,1769,1556,2670,860,870,2903,2850,1162,2
256,2176,1878,1768,1554,2667,862,870,2904,2849,1163,2
257,2176,1878,1767,1555,2668,861,870,2845,2850,1162,2
258,2174,1878,1768,1555,2667,862,870,2799,2848,1163,2
259,2174,1878,1768,1554,2668,860,870,2762,2850,1162,2
260,2172,1878,1768,1555,2667,862,866,2771,2846,1162,2
261,2173,1877,1766,1556,2666,862,867,2837,2846,1161,2
262,2174,1875,1766,1554,2667,861,867,2872,2846,1161,2
263,2174,1878,1765,1555,2667,861,867,2903,2846,1161,2
264,2173,1876,1766,1554,2667,860,865,2901,2843,1161,2
265,2171,1877,1765,1555,2666,861,864,2841,2843,1161,2
266,2170,1875,1764,1556,2667,862,866,2796,2840,1160,2
267,2171,1877,1765,1555,2666,860,866,2759,2841,1160,2
268,2171,1876,1765,1555,2666,860,863,2772,2842,1160,2
269,2173,1878,1763,1555,2666,861,863,2838,2840,1159,2
270,2171,1875,1763,1555,2666,861,863,2873,2840,1159,2
271,2173,1873,1762,1554,2665,861,864,2902,2838,1159,2
272,2171,1873,1763,1555,2665,859,863,2899,2839,1159,2
273,2170,1873,1762,1555,2665,860,862,2839,2838,1158,2
274,2170,1875,1761,1555,2664,860,861,2791,2838,1158,2
275,2171,1872,1761,1556,2664,861,860,2760,2835,1157,2
276,2170,1875,1762,1556,2665,861,862,2771,2837,1155,2
277,2170,1873,1759,1555,2663,861,862,2838,2836,1158,2
278,2170,1874,1760,1557,2665,859,861,2874,2835,1156,2
279,2168,1874,1760,1555,2664,860,862,2902,2834,1155,2
280,2167,1874,1758,1555,2663,860,859,2899,2834,1156,2
281,2166,1870,1759,1556,2662,861,860,2837,2834,1156,2
282,2166,1874,1758,1555,2664,860,859,2787,2834,1155,2
283,2166,1870,1758,1555,2662,860,859,2757,2833,1155,2
284,2166,1873,1758,1555,2662,859,859,2772,2831,1155,2
285,2164,1871,1757,1556,2662,861,858,2838,2831,1156,2
286,2165,1871,1756,1558,2662,859,857,2875,2830,1154,2
287,2163,1869,1757,1556,2662,859,854,2901,2830,1154,2
288,2164,1869,1755,1557,2662,861,856,2897,2830,1154,2
289,2162,1869,1755,1558,2662,861,858,2834,2829,1154,2
290,2163,1867,1755,1557,2662,859,858,2785,2827,1154,2
291,2163,1867,1754,1558,2661,859,856,2755,2827,1154,2
292,2162,1867,1754,1559,2660,859,856,2771,2826,1152,2
293,2162,1869,1755,1558,2660,859,858,2839,2826,1152,2
294,2163,1866,1754,1558,2660,859,856,2876,2826,1153,2
295,2162,1866,1754,1558,2661,859,855,2902,2825,1152,2
296,2162,1867,1754,1559,2660,860,855,2897,2824,1152,2
297,2162,1869,1753,1560,2660,859,856,2832,2824,1150,2
298,2159,1867,1752,1559,2659,859,856,2783,2823,1150,2
299,2158,1868,1750,1560,2659,859,854,2754,2823,1150,2
300,2159,1866,1751,1559,2658,858,854,2772,2822,1150,2
301,2159,1866,1750,1559,2659,859,854,2840,2822,1148,2
302,2159,1865,1752,1560,2658,858,854,2876,2820,1149,2
303,2159,1865,1750,1560,2658,859,854,2902,2821,1148,2
304,2158,1864,1749,1560,2659,859,853,2898,2819,1148,2
305,2158,1866,1750,1560,2658,859,854,2830,2819,1149,2
306,2159,1862,1750,1560,2658,859,852,2779,2819,1148,2
307,2158,1863,1748,1562,2658,859,854,2754,2819,1147,2
308,2156,1864,1747,1561,2658,859,851,2774,2817,1148,2
309,2156,1864,1747,1562,2657,859,853,2841,2818,1147,2
310,2153,1863,1746,1562,2656,858,851,2878,2817,1146,2
311,2154,1862,1749,1561,2658,858,852,2902,2812,1146,2
312,2153,1863,1747,1560,2657,858,853,2896,2814,1147,2
313,2154,1864,1747,1560,2655,858,853,2827,2816,1146,2
314,2152,1861,1746,1562,2656,857,850,2776,2814,1146,2
315,2150,1861,1747,1562,2656,858,851,2753,2814,1146,2
316,2152,1863,1745,1563,2656,858,851,2773,2813,1146,2
317,2151,1859,1746,1562,2654,859,852,2842,2811,1146,2
318,2150,1859,1744,1562,2654,858,850,2880,2811,1145,2
319,2152,1862,1745,1563,2654,858,851,2904,2810,1145,2
320,2154,1859,1746,1565,2656,858,851,2894,2810,1145,2
321,2151,1859,1744,1566,2653,858,851,2825,2810,1144,3
322,2144,1858,1739,1560,2649,856,850,2776,2808,1144,3
323,2142,1858,1740,1562,2649,856,850,2752,2806,1144,3
324,2142,1831,1740,1564,2648,856,850,2776,2808,1144,3
325,2146,1850,1739,1566,2648,856,850,2846,2807,1144,3
326,2144,1842,1740,1570,2649,856,850,2883,2808,1146,3
327,2130,1852,1738,1574,2648,855,850,2905,2807,1145,3
328,2144,1864,1738,1578,2648,856,852,2893,2806,1144,3
329,2147,1850,1739,1582,2648,855,852,2824,2806,1144,3
330,2147,1850,1739,1585,2647,857,851,2777,2806,1143,3
331,2155,1848,1738,1591,2649,855,852,2754,2806,1144,3
332,2133,1854,1739,1595,2648,855,854,2782,2806,1145,3
333,2145,1843,1739,1598,2648,856,859,2848,2805,1146,3
334,2141,1848,1739,1606,2648,856,856,2885,2806,1145,3
335,2139,1851,1739,1614,2648,856,858,2907,2806,1146,3
336,2145,1857,1739,1616,2648,856,855,2894,2807,1145,3
337,2146,1836,1740,1621,2649,855,860,2840,2807,1145,3
338,2155,1851,1741,1626,2648,858,859,2797,2809,1144,3
339,2148,1849,1741,1629,2649,854,861,2771,2808,1146,3
340,2147,1849,1739,1634,2650,855,862,2782,2807,1147,3
341,2143,1850,1740,1636,2648,856,864,2851,2808,1146,3
342,2150,1836,1740,1637,2649,857,864,2887,2808,1146,3
343,2151,1865,1741,1638,2649,855,864,2903,2808,1146,3
344,2151,1862,1742,1639,2648,856,866,2894,2809,1146,3
345,2141,1850,1740,1640,2649,855,867,2846,2808,1146,3
346,2152,1845,1741,1638,2649,857,868,2803,2809,1147,3
347,2152,1864,1742,1637,2649,855,869,2779,2810,1146,3
348,2154,1869,1742,1636,2650,857,867,2797,2810,1146,3
349,2166,1853,1741,1635,2649,855,870,2851,2810,1147,3
350,2152,1847,1742,1633,2649,856,870,2886,2811,1148,3
351,2160,1853,1739,1630,2649,856,869,2900,2810,1147,3
352,2164,1852,1742,1630,2648,856,870,2900,2810,1148,3
353,2167,1851,1741,1630,2648,856,870,2842,2810,1148,3
354,2152,1850,1742,1627,2648,857,871,2806,2811,1148,3
355,2157,1852,1741,1626,2648,856,873,2780,2811,1147,3
356,2158,1854,1742,1624,2649,855,874,2791,2811,1148,3
357,2159,1854,1739,1622,2649,855,873,2846,2811,1148,3
358,2131,1850,1740,1619,2648,857,869,2880,2812,1147,3
359,2160,1851,1740,1619,2646,856,876,2901,2812,1147,3
360,2154,1859,1742,1616,2648,856,874,2903,2813,1148,3
361,2159,1851,1741,1614,2648,856,875,2850,2811,1149,3
362,2150,1848,1740,1613,2648,856,876,2802,2813,1149,3
363,2120,1850,1742,1614,2648,855,878,2780,2814,1146,3
364,2155,1851,1740,1612,2648,857,877,2802,2814,1149,3
365,2149,1856,1740,1610,2648,856,879,2848,2817,1152,3
366,2156,1853,1741,1609,2648,856,879,2884,2816,1150,3
367,2162,1851,1740,1608,2648,855,880,2902,2818,1150,3
368,2152,1849,1740,1608,2647,856,886,2902,2818,1150,3
369,2160,1854,1740,1606,2648,857,881,2855,2819,1150,3
370,2155,1857,1739,1605,2648,856,882,2818,2819,1153,3
371,2162,1852,1742,1607,2646,856,882,2790,2820,1152,3
372,2152,1851,1740,1604,2648,855,883,2802,2821,1152,3
373,2153,1856,1740,1603,2648,856,883,2848,2820,1152,3
374,2153,1854,1740,1603,2648,856,884,2882,2822,1153,3
375,2144,1851,1741,1603,2646,856,880,2902,2821,1152,3
376,2120,1847,1748,1603,2646,856,886,2897,2822,1152,3
377,2155,1858,1740,1602,2646,854,888,2858,2822,1150,3
378,2155,1849,1739,1602,2647,857,888,2822,2824,1154,3
379,2153,1848,1739,1602,2648,856,889,2794,2824,1154,3
380,2150,1851,1741,1602,2648,857,889,2804,2825,1152,3
381,2155,1847,1739,1603,2648,857,887,2855,2825,1152,3
382,2151,1847,1738,1601,2648,856,891,2880,2826,1153,3
383,2160,1854,1739,1602,2648,855,892,2908,2826,1154,3
384,2147,1856,1741,1596,2646,857,890,2894,2825,1154,3
385,2160,1853,1739,1600,2648,856,891,2862,2826,1154,3
386,2151,1848,1740,1600,2648,855,892,2821,2827,1154,3
387,2156,1862,1738,1600,2648,856,893,2802,2827,1154,3
388,2154,1856,1740,1600,2648,856,894,2806,2827,1155,3
389,2193,1857,1739,1600,2650,856,893,2858,2828,1152,3
390,2154,1862,1739,1597,2646,855,897,2886,2828,1154,3
391,2139,1852,1738,1596,2647,856,894,2903,2829,1154,3
392,2154,1838,1739,1598,2646,857,898,2898,2829,1154,3
393,2147,1851,1738,1596,2647,856,899,2856,2830,1154,3
394,2158,1851,1740,1597,2647,856,898,2827,2830,1154,3
395,2157,1866,1739,1600,2648,855,898,2803,2830,1154,3
396,2156,1858,1740,1597,2646,856,899,2810,2830,1156,3
397,2162,1858,1741,1595,2647,857,899,2856,2830,1154,3
398,2160,1858,1740,1596,2647,856,900,2884,2830,1154,3
399,2162,1852,1739,1594,2646,858,902,2906,2831,1155,3
400,2162,1859,1740,1596,2645,856,899,2899,2830,1156,3
401,2159,1860,1738,1594,2648,856,900,2862,2832,1154,3
402,2158,1849,1739,1596,2647,857,902,2831,2832,1154,3
403,2158,1851,1739,1596,2648,856,904,2806,2832,1154,3
404,2196,1854,1739,1594,2648,855,902,2807,2832,1156,3
405,2158,1843,1740,1594,2648,856,904,2850,2829,1154,3
406,2154,1856,1739,1594,2646,855,905,2880,2834,1155,3
407,2162,1859,1739,1594,2646,855,903,2906,2834,1156,3
408,2160,1853,1739,1593,2646,857,904,2902,2832,1156,3
409,2156,1846,1739,1594,2646,856,904,2858,2834,1155,3
410,2146,1854,1740,1594,2646,856,906,2834,2835,1155,3
411,2155,1848,1739,1593,2645,856,906,2805,2834,1155,3
412,2154,1850,1740,1592,2646,855,906,2808,2835,1155,3
413,2129,1856,1749,1590,2647,856,906,2856,2835,1155,3
414,2159,1852,1740,1592,2648,856,906,2886,2836,1156,3
415,2158,1857,1739,1591,2646,857,904,2899,2835,1158,3
416,2158,1874,1739,1592,2647,856,907,2902,2838,1157,3
417,2156,1842,1739,1592,2648,855,909,2862,2838,1157,3
418,2158,1862,1739,1590,2648,856,908,2834,2840,1156,3
419,2158,1846,1739,1592,2646,856,909,2803,2838,1157,3
420,2158,1866,1740,1590,2646,855,908,2814,2838,1158,3
421,2158,1834,1739,1592,2647,858,910,2850,2839,1157,3
422,2158,1851,1740,1590,2646,856,915,2887,2840,1156,3
423,2155,1856,1739,1592,2648,856,914,2902,2839,1158,3
424,2171,1857,1740,1590,2650,857,911,2897,2840,1158,3
425,2163,1858,1740,1592,2646,856,913,2870,2842,1159,3
426,2157,1839,1739,1594,2646,858,910,2834,2842,1158,3
427,2161,1857,1740,1592,2648,856,913,2818,2843,1160,3
428,2171,1853,1740,1592,2646,857,914,2822,2846,1159,3
429,2158,1837,1739,1593,2647,857,915,2854,2846,1160,3
430,2165,1853,1740,1594,2648,855,916,2877,2845,1160,3
431,2161,1862,1739,1594,2648,857,917,2908,2846,1160,3
432,2156,1848,1738,1594,2648,857,920,2902,2848,1160,3
433,2157,1850,1739,1595,2648,858,920,2869,2849,1161,3
434,2162,1854,1740,1597,2646,857,920,2840,2849,1161,3
435,2159,1864,1738,1598,2647,856,922,2822,2850,1160,3
436,2145,1857,1750,1600,2648,856,923,2828,2852,1161,3
437,2160,1857,1741,1603,2648,857,925,2857,2851,1161,3
438,2155,1848,1741,1602,2647,857,926,2882,2854,1161,3
439,2179,1857,1742,1603,2648,856,927,2902,2854,1163,3
440,2160,1850,1742,1605,2646,858,929,2908,2854,1164,3
441,2160,1870,1740,1601,2648,857,930,2880,2856,1162,3
442,2165,1858,1739,1607,2646,856,930,2854,2856,1163,3
443,2136,1852,1752,1608,2648,857,932,2830,2857,1163,3
444,2157,1856,1742,1609,2648,856,934,2830,2858,1164,3
445,2161,1859,1741,1610,2646,858,936,2858,2859,1163,3
446,2160,1860,1742,1612,2646,856,932,2882,2859,1164,3
447,2162,1842,1742,1613,2648,857,936,2906,2861,1166,3
448,2162,1846,1743,1615,2646,856,937,2904,2861,1166,3
449,2160,1850,1742,1616,2648,858,940,2877,2862,1166,3
450,2158,1849,1741,1615,2648,858,942,2853,2863,1167,3
451,2161,1850,1742,1618,2648,858,942,2831,2864,1166,3
452,2159,1848,1742,1619,2648,857,943,2830,2864,1166,3
453,2162,1846,1743,1621,2648,858,944,2862,2866,1167,3
454,2162,1839,1744,1622,2648,856,945,2885,2866,1168,3
455,2165,1862,1742,1623,2648,857,944,2907,2867,1166,3
456,2162,1859,1743,1623,2648,857,948,2907,2867,1167,3
457,2162,1857,1743,1624,2648,858,951,2891,2869,1167,3
458,2152,1854,1742,1626,2648,858,950,2862,2867,1168,3
459,2170,1860,1744,1626,2648,857,954,2840,2870,1168,3
460,2168,1864,1744,1628,2649,857,953,2842,2870,1168,3
461,2165,1854,1744,1630,2648,857,956,2870,2872,1168,3
462,2166,1856,1744,1630,2648,857,953,2894,2872,1169,3
463,2201,1860,1744,1631,2648,856,957,2908,2873,1170,3
464,2163,1850,1745,1632,2648,854,958,2907,2873,1169,3
465,2167,1859,1744,1634,2648,857,961,2886,2873,1170,3
466,2154,1857,1744,1632,2649,857,960,2870,2874,1171,3
467,2170,1866,1745,1634,2649,857,961,2843,2875,1171,3
468,2166,1858,1744,1635,2648,858,962,2843,2875,1171,3
469,2196,1865,1745,1635,2649,858,964,2866,2875,1171,3
470,2166,1848,1744,1635,2650,858,966,2888,2876,1171,3
471,2163,1862,1744,1638,2648,857,966,2917,2880,1172,3
472,2170,1864,1745,1638,2649,858,967,2916,2878,1171,3
473,2169,1858,1745,1640,2649,857,968,2894,2880,1174,3
474,2163,1862,1746,1642,2649,857,968,2867,2881,1172,3
475,2170,1865,1744,1642,2649,856,970,2842,2882,1173,3
476,2171,1862,1746,1642,2649,858,969,2846,2882,1173,3
477,2171,1860,1746,1642,2649,857,969,2872,2882,1175,3
478,2165,1859,1747,1642,2649,857,971,2888,2877,1174,3
479,2170,1864,1746,1644,2649,857,974,2910,2884,1174,3
480,2174,1867,1746,1644,2650,860,973,2919,2883,1174,3
481,2179,1865,1748,1642,2650,858,974,2890,2883,1174,3
482,2171,1866,1747,1645,2648,857,964,2867,2884,1175,3
483,2180,1863,1747,1644,2651,857,974,2850,2886,1176,3
484,2174,1860,1747,1646,2650,857,975,2839,2886,1174,3
485,2170,1852,1748,1651,2650,856,978,2871,2886,1176,3
486,2142,1859,1748,1646,2650,858,978,2896,2888,1175,3
487,2171,1862,1747,1646,2650,858,978,2920,2887,1176,3
488,2171,1848,1747,1651,2650,858,978,2914,2888,1176,3
489,2186,1863,1748,1649,2650,857,980,2899,2889,1176,3
490,2174,1862,1748,1649,2651,857,980,2881,2888,1176,3
491,2170,1865,1748,1650,2650,856,981,2849,2890,1176,3
492,2173,1869,1748,1647,2651,861,981,2852,2890,1177,3
493,2212,1864,1749,1649,2651,858,982,2872,2891,1178,3
494,2167,1863,1748,1650,2644,857,982,2898,2891,1176,3
495,2174,1860,1748,1651,2652,857,982,2920,2891,1178,3
496,2171,1849,1750,1651,2653,857,983,2918,2892,1177,3
497,2178,1866,1748,1651,2651,859,981,2901,2892,1178,3
498,2197,1867,1749,1651,2651,859,982,2874,2893,1178,3
499,2163,1865,1750,1651,2653,859,985,2856,2893,1179,3
500,2178,1863,1750,1652,2651,857,985,2856,2894,1178,3
501,2176,1867,1748,1652,2650,858,986,2871,2894,1178,3
502,2174,1882,1750,1654,2653,858,988,2898,2894,1178,3
503,2176,1853,1749,1652,2652,858,988,2917,2895,1179,3
504,2179,1867,1750,1654,2652,857,987,2924,2896,1179,3
505,2169,1862,1750,1655,2652,858,988,2894,2891,1180,3
506,2135,1864,1752,1656,2651,857,988,2883,2896,1180,3
507,2199,1865,1751,1656,2652,857,989,2850,2896,1179,3
508,2161,1864,1756,1654,2653,859,988,2854,2895,1178,3
509,2187,1864,1747,1656,2654,859,989,2873,2897,1179,3
510,2163,1867,1752,1655,2653,858,992,2898,2897,1181,3
511,2186,1864,1752,1655,2658,858,989,2915,2898,1178,3
512,2165,1866,1752,1656,2651,857,990,2923,2898,1180,3
513,2185,1866,1750,1656,2656,859,990,2894,2898,1180,3
514,2165,1865,1752,1657,2652,857,991,2883,2899,1180,3
515,2187,1867,1753,1656,2653,860,991,2850,2898,1181,3
516,2162,1866,1751,1658,2653,859,992,2854,2899,1181,3
517,2193,1866,1752,1658,2652,858,994,2874,2900,1181,3
518,2148,1864,1752,1658,2654,858,995,2898,2899,1182,3
519,2218,1867,1753,1657,2654,860,991,2917,2901,1180,3
520,2181,1867,1753,1659,2653,858,994,2922,2905,1180,3
521,2173,1864,1753,1658,2653,858,996,2898,2902,1181,3
522,2180,1870,1753,1659,2653,861,994,2888,2902,1179,3
523,2178,1852,1754,1658,2653,858,994,2852,2902,1182,3
524,2178,1862,1754,1660,2653,858,994,2856,2902,1181,3
525,2179,1870,1752,1660,2656,859,996,2874,2903,1182,3
526,2178,1867,1753,1658,2654,858,998,2891,2902,1182,3
527,2164,1865,1754,1659,2653,858,996,2922,2904,1182,3
528,2206,1868,1754,1661,2652,858,998,2918,2902,1182,3
529,2182,1870,1753,1662,2654,858,997,2902,2904,1182,3
530,2176,1852,1754,1659,2655,858,999,2880,2904,1182,3
531,2181,1866,1752,1662,2654,859,998,2858,2904,1180,3
532,2173,1868,1754,1662,2654,858,1000,2858,2904,1182,3
533,2195,1866,1754,1660,2653,858,999,2874,2905,1184,3
534,2184,1870,1755,1662,2654,859,1000,2893,2905,1185,3
535,2181,1859,1754,1662,2654,860,1000,2922,2905,1185,3
536,2179,1865,1754,1662,2654,860,998,2926,2905,1178,3
537,2177,1866,1755,1664,2653,860,1000,2905,2906,1182,3
538,2187,1863,1755,1664,2654,857,1000,2890,2906,1183,3
539,2184,1872,1753,1662,2655,859,1000,2856,2906,1184,3
540,2179,1870,1754,1665,2657,860,1002,2858,2907,1186,3
541,2187,1868,1755,1666,2657,859,1001,2876,2907,1184,3
542,2183,1866,1756,1664,2655,859,1002,2891,2907,1184,3
543,2183,1859,1755,1666,2656,860,1001,2923,2907,1186,3
544,2178,1864,1756,1664,2656,859,1002,2920,2907,1186,3
545,2164,1866,1757,1665,2655,858,1001,2899,2907,1186,3
546,2176,1860,1754,1666,2656,859,1002,2888,2908,1185,3
547,2182,1866,1756,1667,2656,860,1002,2856,2909,1186,3
548,2163,1868,1756,1667,2657,860,1001,2859,2909,1185,3
549,2180,1867,1757,1665,2658,859,1002,2882,2910,1183,3
550,2179,1866,1757,1666,2656,859,1002,2894,2910,1186,3
551,2168,1870,1757,1666,2657,859,1005,2925,2912,1187,3
552,2177,1863,1758,1667,2655,860,1004,2926,2912,1186,3
553,2180,1867,1758,1666,2657,860,1004,2902,2912,1187,3
554,2161,1874,1758,1666,2658,859,1006,2890,2911,1187,3
555,2179,1862,1756,1667,2657,860,1004,2863,2912,1186,3
556,2184,1868,1758,1665,2657,860,1005,2856,2914,1184,3
557,2187,1870,1758,1667,2657,860,1004,2875,2912,1186,3
558,2181,1872,1758,1666,2657,859,1007,2899,2912,1186,3
559,2191,1873,1749,1667,2657,860,1007,2920,2912,1186,3
560,2184,1878,1758,1668,2658,860,1006,2917,2914,1187,3
561,2181,1870,1758,1667,2658,860,1007,2907,2913,1186,3
562,2176,1869,1759,1667,2658,860,1006,2890,2914,1186,3
563,2183,1866,1759,1668,2658,859,1007,2859,2914,1187,3
564,2154,1867,1760,1667,2659,859,1008,2856,2914,1187,3
565,2182,1848,1758,1669,2658,860,1000,2883,2915,1187,3
566,2192,1870,1761,1667,2658,860,1007,2901,2915,1186,3
567,2183,1878,1758,1659,2657,859,1008,2920,2915,1187,3
568,2176,1872,1760,1669,2657,858,1007,2926,2915,1187,3
569,2181,1865,1760,1670,2657,861,1006,2906,2915,1188,3
570,2185,1870,1760,1670,2661,860,1009,2886,2916,1190,3
571,2187,1875,1760,1668,2659,862,1007,2859,2915,1188,3
572,2178,1874,1760,1670,2658,860,1010,2862,2915,1189,3
573,2183,1867,1760,1670,2659,860,1010,2886,2918,1187,3
574,2185,1870,1760,1670,2659,859,1007,2894,2917,1188,3
575,2189,1877,1760,1670,2658,859,1010,2922,2916,1188,3
576,2178,1872,1760,1669,2651,859,1008,2927,2917,1186,3
577,2185,1867,1761,1672,2659,859,1011,2911,2918,1190,3
578,2190,1872,1761,1670,2659,859,1010,2888,2917,1189,3
579,2187,1880,1761,1672,2658,860,1010,2861,2918,1188,3
580,2168,1873,1763,1668,2660,860,1011,2862,2919,1188,3
581,2186,1851,1761,1670,2659,860,1005,2883,2918,1189,3
582,2214,1872,1761,1670,2659,860,1012,2905,2919,1190,3
583,2187,1873,1762,1670,2659,861,1011,2922,2918,1190,3
584,2187,1874,1762,1670,2659,860,1011,2922,2919,1189,3
585,2182,1875,1762,1670,2660,858,1012,2912,2918,1189,3
586,2181,1866,1762,1671,2659,861,1014,2890,2920,1189,3
587,2194,1872,1762,1671,2659,859,1010,2861,2920,1191,3
588,2182,1881,1762,1672,2660,860,1009,2859,2918,1190,3
589,2177,1875,1762,1670,2660,860,1012,2881,2920,1190,3
590,2183,1874,1762,1672,2659,860,1011,2904,2920,1192,3
591,2182,1869,1762,1673,2661,851,1014,2927,2920,1190,3
592,2194,1875,1754,1672,2659,859,1011,2924,2921,1190,3
593,2183,1868,1762,1674,2661,860,1011,2904,2921,1190,3
594,2189,1874,1762,1672,2660,861,1011,2889,2920,1190,3
595,2182,1874,1762,1670,2662,860,1014,2868,2920,1189,3
596,2183,1859,1763,1670,2659,860,1012,2863,2922,1192,3
597,2213,1877,1764,1674,2659,859,1014,2888,2921,1190,3
598,2185,1871,1763,1672,2660,860,1012,2898,2922,1191,3
599,2187,1880,1762,1671,2662,859,1014,2924,2922,1190,3
600,2154,1870,1762,1674,2661,859,1015,2924,2922,1191,3
601,2187,1878,1763,1672,2661,860,1016,2911,2922,1192,3
602,2182,1866,1766,1678,2661,861,1016,2894,2923,1192,3
603,2208,1875,1764,1674,2661,860,1014,2869,2923,1192,3
604,2186,1872,1763,1672,2662,860,1014,2860,2923,1191,3
605,2190,1883,1764,1666,2661,860,1016,2883,2923,1192,3
606,2197,1876,1763,1674,2661,861,1017,2898,2923,1193,3
607,2182,1876,1764,1674,2662,860,1016,2927,2923,1194,3
608,2185,1853,1764,1675,2661,861,1014,2928,2923,1192,3
609,2184,1876,1764,1675,2661,860,1016,2911,2924,1193,3
610,2195,1879,1765,1674,2662,859,1017,2889,2924,1194,3
611,2187,1874,1765,1674,2661,860,1015,2862,2925,1192,3
612,2190,1883,1766,1673,2662,862,1016,2860,2926,1192,3
613,2161,1875,1765,1675,2662,860,1016,2883,2925,1192,3
614,2184,1876,1765,1675,2662,860,1017,2905,2925,1193,3
615,2186,1853,1766,1672,2662,862,1019,2929,2926,1192,3
616,2184,1871,1765,1675,2662,861,1018,2929,2925,1192,3
617,2201,1877,1767,1675,2662,860,1019,2914,2925,1194,3
618,2189,1874,1766,1672,2662,862,1015,2894,2926,1193,3
619,2187,1892,1767,1675,2662,861,1017,2863,2925,1194,3
620,2192,1880,1766,1675,2662,860,1017,2862,2926,1192,3
621,2165,1876,1765,1674,2664,861,1020,2882,2927,1194,3
622,2183,1879,1766,1675,2659,861,1019,2905,2926,1192,3
623,2187,1880,1767,1675,2663,862,1018,2929,2927,1194,3
624,2185,1870,1766,1675,2662,861,1019,2931,2928,1194,3
625,2178,1873,1768,1675,2662,861,1018,2910,2927,1194,3
626,2196,1878,1757,1675,2664,862,1019,2898,2927,1194,3
627,2187,1874,1767,1676,2664,860,1018,2863,2928,1194,3
628,2187,1882,1766,1675,2662,860,1018,2860,2928,1194,3
629,2192,1885,1766,1675,2662,867,1018,2885,2926,1194,3
630,2196,1879,1768,1675,2661,861,1018,2899,2928,1195,3
631,2179,1876,1768,1674,2662,862,1017,2920,2928,1194,3
632,2188,1880,1768,1676,2662,861,1018,2932,2928,1194,3
633,2187,1881,1767,1676,2664,861,1020,2912,2929,1194,3
634,2186,1867,1766,1675,2663,861,1017,2894,2928,1194,3
635,2184,1875,1767,1677,2664,861,1020,2869,2929,1194,3
636,2218,1880,1769,1675,2663,862,1021,2867,2930,1194,3
637,2195,1880,1768,1675,2663,861,1020,2883,2929,1195,3
638,2188,1879,1768,1675,2664,860,1019,2899,2928,1194,3
639,2189,1877,1768,1678,2664,860,1019,2924,2929,1195,3
640,2192,1890,1770,1678,2664,861,1025,2918,2929,1195,3
641,2192,1882,1769,1675,2664,863,1020,2906,2930,1194,3
642,2197,1880,1769,1678,2662,862,1020,2888,2929,1194,3
643,2173,1879,1768,1677,2664,860,1020,2862,2930,1195,3
644,2185,1880,1768,1676,2664,862,1012,2866,2930,1194,3
645,2190,1882,1768,1674,2665,861,1024,2882,2930,1194,3
646,2191,1881,1768,1677,2662,862,1025,2898,2931,1194,3
647,2190,1858,1769,1675,2664,862,1024,2922,2931,1195,3
648,2190,1868,1770,1679,2664,860,1020,2931,2931,1195,3
649,2187,1877,1768,1676,2664,857,1024,2904,2931,1195,3
650,2185,1878,1770,1677,2666,860,1022,2894,2930,1196,3
651,2216,1880,1768,1678,2665,860,1025,2863,2930,1195,3
652,2198,1880,1771,1678,2665,860,1024,2860,2931,1195,3
653,2195,1881,1769,1678,2664,861,1021,2884,2930,1195,3
654,2189,1878,1770,1677,2665,862,1024,2891,2930,1198,3
655,2188,1876,1771,1677,2664,861,1024,2916,2932,1196,3
656,2187,1878,1769,1678,2665,862,1019,2926,2932,1196,3
657,2187,1870,1769,1678,2665,861,1024,2899,2931,1197,3
658,2190,1894,1770,1678,2665,861,1031,2884,2933,1196,3
659,2190,1886,1770,1671,2666,861,1021,2864,2931,1194,3
660,2192,1887,1772,1678,2665,861,1024,2854,2929,1195,3
661,2193,1882,1771,1679,2665,861,1022,2886,2932,1196,3
662,2194,1882,1772,1678,2665,861,1022,2900,2933,1196,3
663,2197,1880,1772,1678,2665,862,1021,2925,2934,1195,3
664,2155,1878,1770,1678,2665,861,1021,2926,2932,1196,3
665,2164,1880,1772,1676,2666,861,1022,2906,2932,1195,3
666,2172,1879,1771,1678,2666,861,1022,2887,2934,1198,3
667,2177,1878,1771,1679,2665,860,1025,2856,2932,1198,3
668,2180,1881,1772,1678,2665,860,1025,2850,2933,1196,3
669,2182,1879,1770,1679,2666,861,1025,2886,2934,1196,3
670,2185,1881,1771,1677,2666,862,1024,2898,2934,1195,3
671,2186,1880,1772,1679,2657,861,1025,2922,2933,1198,3
672,2190,1882,1772,1679,2661,861,1025,2923,2934,1198,3
673,2189,1883,1773,1679,2665,860,1025,2904,2934,1195,3
674,2190,1882,1772,1679,2665,860,1026,2886,2934,1194,3
675,2191,1883,1772,1678,2667,861,1025,2862,2935,1198,3
676,2193,1876,1774,1678,2666,862,1024,2859,2938,1196,3
677,2191,1883,1771,1678,2666,860,1026,2882,2935,1198,3
678,2190,1883,1772,1677,2666,862,1026,2900,2935,1196,3
679,2191,1882,1772,1678,2666,861,1025,2923,2935,1198,3
680,2190,1883,1773,1679,2665,861,1026,2925,2935,1194,3
681,2188,1882,1774,1678,2665,862,1026,2904,2935,1198,3
682,2188,1881,1774,1678,2659,861,1024,2890,2935,1198,3
683,2187,1882,1772,1679,2661,861,1025,2862,2935,1198,3
684,2187,1883,1773,1679,2667,862,1024,2859,2936,1196,3
685,2186,1882,1772,1679,2667,861,1026,2885,2935,1199,3
686,2184,1880,1772,1679,2667,861,1028,2902,2935,1198,3
687,2183,1881,1772,1678,2667,862,1026,2916,2937,1198,3
688,2181,1879,1779,1679,2668,862,1025,2918,2935,1198,3
689,2171,1881,1773,1679,2667,861,1026,2896,2936,1198,3
690,2168,1880,1774,1680,2667,861,1026,2878,2937,1198,3
691,2158,1882,1772,1678,2668,862,1028,2858,2936,1197,3
692,2203,1885,1774,1678,2667,861,1025,2854,2936,1198,3
693,2198,1886,1774,1678,2667,860,1026,2875,2938,1199,3
694,2197,1885,1775,1679,2667,860,1025,2896,2937,1198,3
695,2198,1889,1772,1680,2668,866,1025,2918,2936,1199,3
696,2194,1890,1774,1670,2667,862,1026,2920,2937,1199,3
697,2192,1895,1774,1679,2668,861,1031,2900,2937,1197,3
698,2191,1906,1774,1678,2668,862,1026,2880,2938,1198,3
699,2191,1881,1774,1681,2667,861,1024,2856,2937,1199,3
700,2192,1882,1774,1681,2668,861,1026,2854,2937,1199,3
701,2195,1882,1775,1680,2667,861,1027,2878,2937,1198,3
702,2195,1882,1775,1682,2671,861,1027,2894,2937,1198,3
703,2201,1885,1775,1682,2669,861,1029,2922,2938,1199,3
704,2206,1885,1776,1682,2668,861,1027,2926,2937,1199,3
705,2219,1883,1775,1680,2669,861,1026,2904,2938,1199,3
706,2186,1882,1776,1680,2668,861,1027,2886,2938,1200,3
707,2193,1880,1774,1679,2669,863,1029,2863,2938,1198,3
708,2190,1877,1775,1680,2669,862,1028,2864,2938,1199,3
709,2192,1871,1774,1680,2669,860,1028,2887,2938,1199,3
710,2193,1890,1776,1682,2669,862,1028,2902,2939,1199,3
711,2193,1888,1775,1679,2669,864,1028,2923,2939,1198,3
712,2189,1883,1775,1680,2665,861,1028,2923,2939,1202,3
713,2186,1883,1775,1681,2669,861,1029,2895,2938,1199,3
714,2167,1883,1776,1680,2673,862,1030,2886,2939,1199,3
715,2201,1886,1776,1681,2670,861,1028,2858,2938,1197,3
716,2197,1891,1777,1680,2668,868,1027,2857,2939,1199,3
717,2195,1897,1777,1674,2670,862,1030,2881,2939,1198,3
718,2193,1882,1776,1682,2668,861,1028,2898,2939,1201,3
719,2193,1885,1777,1682,2669,862,1028,2920,2939,1199,3
720,2195,1884,1776,1682,2677,861,1029,2918,2939,1200,3
