Count,S1,S2,S3,S4,S5,S6,S7,S8,S9,S10,Flag
1,2080,1800,1671,1616,2542,851,950,2887,2824,1122,0
2,2112,1810,1673,1616,2541,853,951,2918,2824,1123,0
3,2112,1804,1673,1615,2540,850,950,2914,2826,1123,0
4,2106,1795,1672,1614,2540,850,950,2877,2826,1123,0
5,2107,1799,1672,1615,2540,850,950,2830,2826,1123,0
6,2107,1801,1672,1615,2541,851,950,2824,2825,1123,0
7,2123,1800,1674,1616,2539,851,950,2859,2825,1124,0
8,2110,1800,1672,1615,2541,850,951,2898,2824,1122,0
9,2102,1796,1672,1614,2542,853,952,2914,2824,1123,0
10,2110,1807,1672,1614,2540,850,951,2903,2825,1122,0
11,2109,1804,1672,1615,2540,852,952,2861,2826,1123,0
12,2106,1795,1673,1614,2542,850,952,2831,2827,1121,0
13,2112,1801,1674,1614,2548,850,951,2834,2827,1123,0
14,2107,1803,1674,1615,2541,850,952,2872,2826,1123,0
15,2131,1802,1672,1616,2540,850,952,2907,2822,1124,0
16,2120,1802,1674,1615,2541,851,950,2912,2826,1123,0
17,2106,1795,1675,1615,2542,850,951,2883,2826,1122,0
18,2104,1805,1674,1615,2542,851,953,2849,2826,1123,0
19,2106,1806,1675,1615,2539,850,954,2827,2827,1124,0
20,2096,1802,1683,1616,2542,850,954,2858,2827,1124,0
21,2104,1803,1673,1615,2536,851,954,2896,2827,1124,1
22,2112,1804,1674,1615,2541,851,953,2917,2827,1124,1
23,2106,1801,1671,1616,2540,851,952,2907,2827,1125,1
24,2107,1815,1673,1616,2542,851,952,2867,2825,1124,1
25,2109,1800,1674,1615,2541,850,951,2832,2827,1124,1
26,2107,1811,1675,1606,2541,851,954,2835,2827,1123,1
27,2110,1802,1675,1614,2542,851,951,2872,2827,1115,1
28,2106,1803,1674,1615,2542,851,952,2904,2827,1123,1
29,2108,1811,1674,1612,2542,852,951,2920,2827,1122,1
30,2106,1823,1675,1617,2542,850,958,2892,2827,1122,1
31,2107,1803,1674,1615,2542,850,952,2850,2831,1125,1
32,2112,1805,1674,1615,2542,851,951,2830,2827,1123,1
33,2114,1808,1675,1616,2542,850,952,2850,2827,1124,1
34,2104,1802,1674,1616,2538,850,955,2890,2827,1124,1
35,2102,1804,1675,1617,2543,850,952,2919,2829,1124,1
36,2107,1788,1674,1614,2542,851,951,2908,2826,1124,1
37,2106,1787,1674,1617,2541,850,952,2867,2828,1125,1
38,2109,1792,1675,1618,2542,850,951,2835,2828,1124,1
39,2118,1803,1669,1618,2543,851,953,2829,2827,1124,1
40,2119,1801,1676,1619,2542,850,954,2861,2830,1125,1
41,2112,1812,1676,1614,2542,850,955,2906,2830,1125,1
42,2114,1810,1675,1619,2542,851,954,2916,2830,1124,1
43,2113,1813,1676,1619,2544,856,953,2899,2829,1125,1
44,2106,1802,1675,1622,2542,850,956,2861,2830,1126,1
45,2109,1806,1675,1621,2542,850,956,2838,2831,1127,1
46,2104,1802,1676,1622,2543,850,955,2842,2831,1126,1
47,2140,1804,1677,1624,2542,851,958,2878,2831,1126,1
48,2122,1803,1677,1623,2543,850,958,2912,2832,1126,1
49,2107,1813,1676,1624,2543,852,960,2914,2832,1128,1
50,2115,1810,1677,1626,2544,858,957,2883,2834,1127,1
51,2110,1806,1676,1627,2543,851,963,2848,2832,1129,1
52,2112,1805,1678,1627,2543,850,963,2832,2834,1129,1
53,2113,1782,1677,1630,2544,850,957,2862,2834,1128,1
54,2117,1807,1676,1630,2544,852,963,2894,2835,1130,1
55,2110,1806,1676,1632,2546,851,963,2910,2834,1130,1
56,2122,1805,1678,1633,2544,851,963,2906,2835,1132,1
57,2095,1804,1678,1634,2545,851,965,2870,2838,1131,1
58,2109,1806,1678,1635,2543,850,968,2843,2838,1131,1
59,2107,1803,1677,1635,2546,852,967,2842,2838,1131,1
60,2133,1808,1679,1637,2545,851,970,2880,2838,1133,1
61,2117,1814,1679,1639,2546,852,969,2915,2840,1132,1
62,2118,1809,1679,1639,2546,851,971,2919,2838,1134,1
63,2088,1806,1679,1641,2547,851,971,2895,2840,1134,1
64,2115,1792,1679,1645,2546,852,970,2854,2842,1134,1
65,2112,1800,1679,1643,2545,851,975,2842,2843,1134,1
66,2116,1804,1679,1646,2547,851,974,2865,2842,1136,1
67,2118,1816,1679,1643,2546,852,976,2898,2843,1135,1
68,2124,1809,1680,1647,2546,851,977,2922,2844,1135,1
69,2116,1809,1682,1646,2546,852,980,2912,2846,1136,1
70,2115,1802,1681,1649,2547,852,980,2880,2844,1136,1
71,2118,1807,1682,1648,2547,852,980,2854,2846,1136,1
72,2119,1826,1681,1651,2547,852,982,2851,2846,1138,1
73,2118,1808,1682,1651,2542,852,981,2883,2849,1136,1
74,2122,1812,1683,1654,2547,850,984,2909,2848,1141,1
75,2118,1798,1683,1653,2547,851,981,2916,2850,1139,1
76,2120,1807,1683,1655,2549,851,984,2904,2849,1137,1
77,2122,1826,1682,1655,2547,853,984,2869,2851,1139,1
78,2123,1814,1683,1655,2549,852,985,2852,2851,1139,1
79,2122,1813,1683,1656,2547,852,986,2858,2851,1140,1
80,2120,1802,1682,1658,2549,853,986,2891,2852,1140,1
81,2120,1807,1683,1658,2549,853,989,2923,2852,1140,1
82,2123,1820,1683,1657,2548,851,987,2920,2853,1141,1
83,2126,1811,1684,1659,2551,852,988,2891,2852,1141,1
84,2120,1788,1686,1661,2548,851,984,2853,2854,1142,1
85,2120,1807,1685,1661,2550,852,988,2848,2854,1143,1
86,2123,1806,1685,1660,2550,852,989,2880,2854,1142,1
87,2130,1814,1686,1661,2551,853,989,2909,2855,1142,1
88,2102,1813,1685,1664,2550,853,994,2922,2856,1144,1
89,2119,1802,1686,1664,2550,853,993,2906,2856,1144,1
90,2144,1813,1685,1665,2550,852,995,2874,2857,1141,1
91,2129,1821,1688,1665,2549,851,994,2856,2858,1143,1
92,2089,1811,1685,1666,2550,853,994,2859,2856,1144,1
93,2124,1814,1687,1666,2548,851,994,2897,2857,1144,1
94,2150,1813,1686,1666,2552,852,994,2917,2858,1144,1
95,2128,1816,1686,1667,2557,851,994,2918,2858,1143,1
96,2134,1815,1686,1667,2553,853,994,2900,2862,1144,1
97,2118,1814,1688,1666,2554,853,996,2865,2859,1143,1
98,2128,1816,1688,1667,2552,853,998,2850,2858,1148,1
99,2131,1816,1689,1668,2551,852,995,2872,2858,1144,1
100,2124,1802,1687,1668,2551,852,998,2900,2859,1144,1
101,2125,1814,1688,1667,2554,854,995,2926,2858,1144,1
102,2112,1814,1694,1668,2554,854,996,2923,2858,1144,1
103,2121,1809,1690,1668,2553,854,997,2894,2858,1143,1
104,2125,1814,1688,1667,2554,852,995,2875,2858,1144,1
105,2122,1814,1689,1668,2552,854,997,2856,2858,1144,1
106,2120,1812,1688,1668,2553,853,998,2854,2858,1144,1
107,2127,1826,1690,1670,2554,852,997,2890,2859,1144,1
108,2124,1815,1690,1668,2554,852,997,2914,2858,1146,1
109,2142,1816,1689,1667,2554,853,996,2922,2856,1146,1
110,2132,1822,1690,1666,2552,857,994,2920,2856,1143,1
111,2126,1817,1691,1666,2555,854,995,2886,2857,1144,1
112,2136,1814,1691,1665,2554,852,993,2861,2857,1143,1
113,2134,1819,1691,1666,2552,852,992,2850,2856,1144,1
114,2130,1796,1690,1665,2554,854,988,2850,2854,1144,1
115,2129,1814,1691,1664,2554,853,989,2885,2856,1144,1
116,2104,1818,1690,1660,2554,855,990,2914,2854,1144,1
117,2124,1808,1691,1660,2554,854,987,2921,2854,1143,1
118,2130,1812,1690,1658,2554,852,988,2922,2854,1145,1
119,2122,1818,1691,1657,2557,854,987,2886,2854,1142,1
120,2122,1816,1692,1656,2554,854,986,2854,2853,1142,1
121,2129,1835,1691,1656,2554,856,985,2845,2851,1142,2
122,2138,1822,1696,1659,2560,856,985,2854,2853,1144,2
123,2134,1826,1695,1654,2558,856,982,2891,2851,1142,2
124,2137,1824,1694,1654,2560,855,980,2914,2852,1142,2
125,2136,1824,1697,1650,2560,854,979,2922,2852,1142,2
126,2136,1825,1696,1647,2557,855,979,2915,2851,1141,2
127,2136,1824,1694,1643,2560,856,976,2871,2851,1142,2
128,2138,1826,1694,1640,2558,855,976,2844,2850,1141,2
129,2134,1826,1694,1638,2560,856,971,2832,2849,1140,2
130,2137,1825,1695,1635,2558,855,972,2847,2848,1142,2
131,2134,1825,1694,1633,2556,856,970,2890,2846,1139,2
132,2135,1822,1696,1630,2558,854,968,2914,2846,1139,2
133,2132,1825,1695,1628,2558,855,967,2921,2846,1138,2
134,2133,1822,1696,1626,2557,854,963,2906,2843,1139,2
135,2134,1824,1695,1624,2557,856,963,2859,2842,1138,2
136,2134,1823,1694,1621,2557,855,960,2828,2842,1138,2
137,2133,1824,1693,1618,2560,856,958,2823,2840,1138,2
138,2134,1824,1694,1616,2557,855,955,2845,2842,1136,2
139,2134,1824,1694,1616,2557,854,954,2889,2840,1137,2
140,2132,1825,1694,1613,2555,854,951,2914,2840,1135,2
141,2133,1825,1691,1609,2556,854,949,2920,2838,1135,2
142,2131,1822,1693,1609,2556,854,946,2897,2837,1134,2
143,2130,1822,1694,1606,2556,856,947,2845,2836,1135,2
144,2131,1821,1694,1603,2555,854,944,2816,2835,1135,2
145,2134,1821,1694,1601,2556,854,941,2810,2835,1134,2
146,2131,1822,1694,1600,2555,854,942,2843,2833,1135,2
147,2132,1820,1691,1594,2556,855,938,2888,2833,1131,2
148,2131,1820,1694,1593,2556,856,936,2913,2831,1131,2
149,2131,1822,1692,1592,2555,855,935,2914,2829,1133,2
150,2131,1824,1693,1590,2556,856,932,2883,2830,1132,2
151,2131,1819,1693,1588,2556,856,930,2830,2827,1132,2
152,2130,1820,1691,1587,2555,856,926,2799,2827,1129,2
153,2130,1819,1692,1584,2555,856,924,2811,2826,1130,2
154,2132,1821,1693,1582,2555,854,925,2844,2827,1129,2
155,2134,1821,1691,1579,2555,853,923,2892,2825,1129,2
156,2130,1819,1690,1578,2554,854,921,2914,2822,1128,2
157,2130,1819,1691,1578,2555,855,920,2907,2821,1127,2
158,2130,1818,1692,1573,2554,855,918,2871,2820,1128,2
159,2133,1818,1691,1573,2553,854,915,2816,2819,1127,2
160,2130,1820,1691,1571,2554,853,913,2791,2819,1126,2
161,2129,1823,1691,1570,2554,854,910,2804,2819,1126,2
162,2128,1819,1690,1569,2554,854,910,2842,2818,1125,2
163,2128,1818,1690,1566,2554,855,909,2892,2816,1125,2
164,2127,1816,1690,1568,2555,854,906,2908,2812,1124,2
165,2128,1819,1690,1564,2554,853,906,2899,2814,1125,2
166,2127,1816,1689,1562,2554,854,905,2860,2811,1125,2
167,2127,1819,1689,1560,2554,853,902,2798,2810,1124,2
168,2126,1815,1690,1559,2553,854,899,2779,2810,1124,2
169,2127,1817,1690,1558,2554,854,898,2803,2808,1123,2
170,2127,1818,1690,1555,2552,854,897,2842,2807,1122,2
171,2124,1818,1687,1554,2554,855,897,2895,2806,1122,2
172,2127,1815,1690,1554,2553,852,893,2907,2806,1119,2
173,2125,1815,1688,1553,2552,853,892,2894,2805,1121,2
174,2126,1817,1689,1551,2552,852,891,2846,2803,1119,2
175,2123,1814,1688,1551,2553,852,890,2787,2802,1119,2
176,2125,1815,1688,1549,2551,852,888,2773,2802,1119,2
177,2123,1816,1684,1549,2552,854,886,2804,2800,1120,2
178,2123,1815,1688,1547,2551,853,887,2846,2799,1118,2
179,2122,1814,1688,1545,2552,854,885,2897,2799,1118,2
180,2122,1816,1687,1544,2552,854,883,2908,2798,1118,2
181,2120,1816,1685,1544,2552,854,881,2888,2796,1117,2
182,2122,1814,1686,1544,2552,852,880,2839,2795,1116,2
183,2120,1810,1686,1543,2552,853,878,2774,2795,1116,2
184,2120,1816,1685,1542,2550,853,878,2766,2793,1116,2
185,2120,1813,1685,1540,2552,853,876,2805,2794,1115,2
186,2121,1813,1686,1541,2550,853,875,2848,2792,1117,2
187,2120,1813,1684,1537,2551,852,875,2898,2791,1115,2
188,2119,1813,1682,1537,2550,853,874,2904,2789,1114,2
189,2118,1813,1684,1537,2550,851,872,2874,2790,1115,2
190,2114,1813,1682,1538,2551,853,870,2826,2786,1114,2
191,2114,1813,1683,1534,2550,853,870,2763,2787,1112,2
192,2115,1810,1683,1533,2549,852,869,2762,2786,1113,2
193,2117,1810,1683,1533,2549,854,869,2808,2786,1112,2
194,2115,1812,1682,1532,2550,852,866,2854,2784,1113,2
195,2114,1813,1682,1531,2548,852,864,2897,2785,1112,2
196,2114,1811,1682,1531,2549,851,865,2900,2782,1112,2
197,2115,1810,1682,1529,2547,854,865,2866,2781,1112,2
198,2114,1810,1682,1529,2547,852,861,2812,2781,1110,2
199,2112,1811,1681,1528,2548,853,861,2758,2779,1110,2
200,2114,1810,1681,1528,2548,854,859,2760,2779,1108,2
201,2113,1808,1680,1528,2548,854,858,2814,2778,1109,2
202,2113,1813,1678,1526,2547,854,858,2859,2776,1110,2
203,2112,1807,1682,1528,2548,851,857,2898,2776,1107,2
204,2112,1807,1681,1525,2547,851,857,2900,2774,1109,2
205,2112,1809,1678,1526,2547,851,856,2855,2774,1108,2
206,2110,1810,1678,1524,2547,853,855,2803,2771,1106,2
207,2112,1807,1678,1525,2546,852,855,2752,2773,1107,2
208,2108,1808,1678,1523,2546,851,854,2758,2770,1106,2
209,2109,1808,1678,1522,2545,854,853,2820,2770,1107,2
210,2107,1808,1679,1523,2546,852,852,2862,2770,1107,2
211,2106,1809,1677,1523,2545,854,850,2897,2768,1106,2
212,2106,1809,1679,1523,2546,852,850,2898,2766,1105,2
213,2104,1808,1677,1522,2546,850,850,2843,2767,1105,2
214,2104,1808,1676,1522,2546,850,849,2794,2766,1105,2
215,2104,1806,1676,1522,2545,850,846,2743,2766,1104,2
216,2104,1807,1676,1521,2546,850,848,2758,2765,1105,2
217,2103,1806,1676,1521,2545,850,846,2824,2762,1105,2
218,2102,1806,1677,1520,2544,852,846,2863,2762,1104,2
219,2103,1806,1675,1522,2544,850,846,2896,2762,1103,2
220,2102,1802,1676,1520,2544,851,844,2894,2762,1102,2
221,2101,1805,1672,1520,2544,851,844,2833,2760,1102,2
222,2102,1806,1675,1518,2544,851,843,2781,2759,1103,2
223,2100,1805,1674,1520,2544,850,842,2740,2760,1104,2
224,2101,1805,1674,1519,2543,850,843,2755,2758,1103,2
225,2100,1803,1673,1519,2543,851,842,2826,2757,1102,2
226,2098,1803,1672,1518,2543,851,840,2867,2755,1101,2
227,2098,1803,1673,1519,2543,850,840,2896,2755,1102,2
228,2099,1803,1673,1519,2542,851,840,2893,2755,1101,2
229,2099,1803,1671,1518,2543,852,840,2825,2753,1100,2
230,2099,1801,1672,1518,2542,851,838,2770,2753,1101,2
231,2100,1803,1671,1518,2542,852,836,2738,2750,1099,2
232,2098,1805,1672,1518,2542,850,837,2760,2752,1099,2
233,2098,1803,1671,1518,2542,849,838,2833,2752,1099,2
234,2098,1800,1672,1518,2541,851,838,2870,2748,1099,2
235,2096,1801,1670,1519,2541,851,836,2895,2747,1099,2
236,2096,1801,1670,1518,2542,851,836,2887,2747,1099,2
237,2096,1798,1670,1518,2540,851,836,2811,2747,1098,2
238,2095,1801,1669,1518,2541,851,834,2762,2744,1098,2
239,2095,1801,1669,1518,2540,852,834,2737,2744,1098,2
240,2097,1802,1669,1518,2539,851,832,2765,2744,1097,2
241,2096,1802,1668,1518,2540,850,834,2840,2742,1098,2
242,2096,1801,1667,1519,2539,850,835,2874,2742,1098,2
243,2094,1799,1667,1519,2539,850,833,2895,2740,1098,2
244,2094,1800,1666,1518,2539,850,834,2882,2739,1097,2
245,2093,1799,1666,1518,2539,850,830,2803,2739,1098,2
246,2093,1798,1665,1518,2539,851,832,2754,2738,1096,2
247,2094,1798,1666,1518,2537,851,832,2740,2740,1096,2
248,2093,1796,1667,1519,2538,850,829,2771,2738,1096,2
249,2094,1799,1667,1517,2538,850,832,2846,2739,1096,2
250,2090,1798,1666,1518,2538,850,829,2880,2737,1097,2
251,2090,1796,1666,1519,2538,850,828,2894,2736,1095,2
252,2090,1799,1666,1519,2539,850,827,2876,2735,1094,2
253,2090,1795,1666,1519,2538,850,828,2792,2735,1094,2
254,2087,1798,1664,1518,2538,851,828,2743,2733,1094,2
255,2088,1795,1664,1519,2536,851,827,2740,2733,1094,2
256,2086,1794,1664,1518,2536,850,826,2778,2731,1094,2
257,2087,1795,1664,1519,2536,850,826,2852,2732,1093,2
258,2088,1793,1664,1519,2536,849,827,2884,2730,1093,2
259,2090,1795,1662,1518,2535,850,827,2894,2730,1093,2
260,2086,1793,1661,1518,2535,851,824,2868,2730,1093,2
261,2084,1794,1661,1519,2536,850,826,2782,2730,1093,2
262,2086,1789,1659,1518,2535,850,824,2731,2727,1091,2
263,2084,1794,1660,1519,2536,849,825,2742,2728,1092,2
264,2086,1793,1660,1520,2534,849,824,2784,2728,1091,2
265,2085,1794,1658,1520,2535,849,822,2856,2724,1092,2
266,2084,1792,1659,1521,2534,849,825,2888,2726,1090,2
267,2086,1790,1658,1522,2534,850,824,2893,2724,1091,2
268,2083,1788,1659,1521,2533,849,823,2860,2724,1090,2
269,2082,1793,1658,1521,2534,848,823,2774,2724,1091,2
270,2085,1792,1659,1521,2533,849,823,2732,2723,1091,2
271,2087,1790,1658,1520,2531,851,822,2744,2722,1090,2
272,2083,1791,1657,1522,2533,851,822,2791,2721,1090,2
273,2085,1790,1658,1520,2532,850,823,2862,2722,1088,2
274,2083,1789,1658,1523,2533,849,823,2890,2720,1090,2
275,2080,1789,1656,1523,2534,849,821,2894,2720,1088,2
276,2082,1787,1657,1523,2531,849,821,2850,2718,1089,2
277,2082,1792,1654,1522,2533,851,820,2766,2717,1088,2
278,2080,1787,1655,1523,2533,848,819,2730,2717,1088,2
279,2080,1786,1655,1523,2532,849,821,2746,2717,1088,2
280,2076,1786,1654,1522,2531,849,820,2800,2714,1088,2
281,2078,1786,1656,1523,2531,848,819,2865,2715,1086,2
282,2077,1787,1654,1523,2531,849,819,2892,2715,1085,2
283,2076,1787,1654,1523,2531,849,819,2890,2714,1086,2
284,2075,1784,1653,1524,2531,849,818,2839,2712,1088,2
285,2074,1785,1655,1524,2531,848,818,2757,2714,1086,2
286,2075,1786,1654,1524,2531,847,819,2726,2713,1084,2
287,2075,1786,1654,1524,2531,848,819,2754,2712,1083,2
288,2075,1787,1653,1525,2531,847,818,2807,2711,1085,2
289,2075,1787,1653,1526,2530,848,819,2870,2712,1084,2
290,2075,1786,1651,1526,2530,847,819,2894,2710,1085,2
291,2074,1784,1651,1526,2530,847,818,2885,2710,1085,2
292,2075,1783,1651,1527,2530,847,817,2830,2709,1083,2
293,2074,1784,1650,1527,2530,849,818,2748,2706,1082,2
294,2072,1783,1650,1528,2530,847,818,2724,2706,1084,2
295,2074,1785,1649,1528,2528,848,819,2762,2706,1083,2
296,2073,1786,1650,1528,2528,850,818,2818,2706,1082,2
297,2075,1786,1650,1528,2527,848,818,2875,2706,1083,2
298,2071,1781,1650,1529,2530,847,818,2894,2704,1083,2
299,2070,1784,1650,1530,2526,848,816,2878,2705,1082,2
300,2074,1785,1650,1530,2528,847,817,2822,2705,1082,2
301,2073,1782,1650,1529,2528,846,816,2739,2704,1083,2
302,2074,1783,1649,1529,2527,847,815,2723,2703,1083,2
303,2073,1784,1648,1530,2528,848,817,2769,2702,1082,2
304,2070,1782,1648,1531,2526,847,816,2822,2702,1082,2
305,2073,1782,1647,1530,2526,848,816,2882,2700,1080,2
306,2072,1783,1648,1531,2526,847,816,2894,2701,1081,2
307,2071,1781,1647,1532,2524,847,816,2871,2701,1082,2
308,2070,1780,1648,1531,2525,848,815,2809,2699,1079,2
309,2072,1779,1648,1532,2526,849,814,2733,2698,1082,2
310,2067,1780,1647,1532,2524,848,815,2723,2699,1082,2
311,2067,1779,1646,1532,2525,847,816,2773,2698,1080,2
312,2070,1779,1645,1531,2522,850,817,2830,2698,1079,2
313,2067,1778,1646,1536,2524,848,814,2881,2698,1079,2
314,2066,1781,1645,1533,2524,848,815,2892,2698,1080,2
315,2066,1778,1643,1536,2524,847,818,2865,2695,1081,2
316,2066,1781,1644,1536,2525,848,816,2802,2695,1080,2
317,2066,1781,1644,1536,2522,847,814,2728,2695,1080,2
318,2066,1780,1643,1538,2523,847,814,2725,2694,1079,2
319,2066,1780,1643,1537,2523,847,815,2782,2694,1080,2
320,2066,1778,1642,1536,2523,847,814,2835,2694,1079,2
321,2064,1776,1642,1537,2522,846,815,2886,2691,1079,3
322,2059,1764,1636,1532,2518,846,815,2890,2690,1080,3
323,2051,1768,1640,1536,2519,845,807,2850,2691,1080,3
324,2039,1789,1637,1538,2518,846,814,2792,2690,1080,3
325,2060,1770,1637,1542,2518,847,815,2726,2690,1080,3
326,2055,1769,1637,1546,2518,846,815,2726,2690,1078,3
327,2054,1768,1638,1547,2518,846,815,2787,2690,1078,3
328,2056,1764,1638,1551,2522,845,815,2848,2690,1077,3
329,2076,1772,1638,1554,2518,844,816,2886,2690,1078,3
330,2056,1791,1637,1560,2519,845,815,2890,2690,1079,3
331,2046,1787,1637,1563,2518,845,817,2854,2689,1079,3
332,2054,1766,1630,1566,2518,845,818,2792,2690,1079,3
333,2049,1769,1638,1574,2518,845,820,2735,2690,1080,3
334,2058,1786,1638,1578,2518,845,822,2739,2690,1080,3
335,2062,1771,1638,1583,2518,844,823,2802,2690,1080,3
336,2052,1770,1638,1586,2517,844,822,2858,2691,1079,3
337,2037,1786,1638,1592,2519,845,823,2890,2690,1079,3
338,2080,1768,1640,1595,2518,844,822,2896,2691,1079,3
339,2061,1778,1640,1598,2518,845,825,2843,2692,1080,3
340,2070,1770,1640,1601,2519,842,825,2790,2691,1081,3
341,2065,1770,1640,1602,2518,845,824,2739,2685,1080,3
342,2062,1779,1640,1606,2518,843,828,2748,2691,1079,3
343,2061,1767,1638,1606,2516,845,829,2822,2691,1081,3
344,2048,1770,1640,1606,2517,846,828,2857,2692,1080,3
345,2063,1771,1639,1606,2520,846,832,2898,2692,1081,3
346,2066,1776,1641,1606,2518,844,832,2894,2692,1079,3
347,2032,1788,1640,1604,2518,844,832,2839,2693,1080,3
348,2064,1771,1641,1603,2518,844,834,2788,2694,1080,3
349,2059,1770,1640,1604,2518,845,833,2743,2691,1082,3
350,2052,1768,1640,1602,2518,845,834,2755,2693,1082,3
351,2069,1778,1642,1600,2518,844,834,2823,2694,1082,3
352,2083,1771,1639,1597,2518,844,835,2865,2693,1082,3
353,2062,1771,1640,1596,2519,842,834,2895,2693,1083,3
354,2070,1770,1640,1594,2518,844,836,2898,2695,1083,3
355,2051,1768,1640,1592,2518,846,838,2834,2696,1082,3
356,2064,1768,1641,1591,2520,844,838,2790,2694,1082,3
357,2072,1769,1641,1588,2518,845,837,2753,2695,1082,3
358,2070,1776,1640,1588,2518,843,838,2770,2695,1083,3
359,2074,1771,1640,1585,2511,845,838,2826,2696,1084,3
360,2074,1772,1650,1586,2518,845,839,2865,2696,1084,3
361,2071,1771,1642,1582,2518,844,839,2892,2696,1083,3
362,2068,1781,1640,1582,2517,843,840,2898,2696,1084,3
363,2084,1769,1641,1579,2518,845,840,2836,2698,1083,3
364,2070,1762,1640,1579,2518,845,838,2787,2698,1083,3
365,2073,1771,1643,1576,2518,845,842,2753,2699,1085,3
366,2075,1773,1640,1576,2518,845,842,2774,2699,1084,3
367,2059,1770,1640,1576,2517,844,841,2833,2699,1083,3
368,2074,1770,1641,1575,2518,843,843,2874,2698,1083,3
369,2082,1770,1639,1574,2518,844,844,2895,2699,1085,3
370,2066,1764,1638,1574,2518,845,842,2887,2699,1083,3
371,2072,1769,1641,1572,2518,845,843,2832,2705,1085,3
372,2072,1770,1639,1571,2517,844,844,2790,2702,1084,3
373,2059,1768,1638,1571,2517,844,842,2757,2702,1084,3
374,2068,1775,1640,1570,2518,845,846,2779,2702,1084,3
375,2071,1761,1639,1570,2518,846,845,2840,2703,1086,3
376,2066,1763,1640,1570,2517,843,846,2873,2703,1084,3
377,2069,1763,1640,1568,2516,844,846,2894,2704,1086,3
378,2067,1755,1640,1566,2517,845,848,2883,2705,1086,3
379,2066,1770,1640,1567,2517,845,847,2822,2706,1086,3
380,2050,1766,1638,1566,2517,845,849,2782,2706,1085,3
381,2070,1775,1640,1566,2516,844,850,2770,2705,1088,3
382,2078,1771,1640,1566,2517,844,848,2792,2707,1086,3
383,2070,1754,1638,1565,2518,846,849,2847,2706,1088,3
384,2075,1772,1638,1564,2517,845,850,2887,2706,1089,3
385,2082,1771,1640,1563,2518,844,851,2899,2707,1088,3
386,2069,1771,1640,1563,2517,845,852,2884,2706,1089,3
387,2071,1768,1640,1562,2517,844,852,2824,2708,1088,3
388,2070,1774,1640,1560,2517,838,853,2779,2710,1088,3
389,2070,1766,1639,1562,2518,844,851,2773,2709,1086,3
390,2064,1771,1640,1561,2517,845,852,2792,2710,1090,3
391,2095,1772,1640,1561,2517,844,852,2858,2709,1088,3
392,2073,1774,1640,1560,2518,844,854,2888,2710,1086,3
393,2072,1774,1640,1561,2520,845,854,2894,2710,1088,3
394,2091,1771,1639,1560,2518,845,854,2884,2710,1088,3
395,2073,1782,1641,1559,2517,845,855,2820,2711,1088,3
396,2043,1786,1638,1559,2515,843,854,2780,2711,1094,3
397,2073,1774,1640,1558,2518,846,854,2771,2711,1085,3
398,2067,1767,1640,1558,2517,844,856,2799,2712,1088,3
399,2097,1772,1640,1556,2520,843,855,2854,2713,1088,3
400,2075,1771,1640,1558,2517,844,864,2894,2712,1088,3
401,2073,1769,1639,1557,2518,844,856,2898,2712,1089,3
402,2073,1793,1639,1552,2518,846,855,2880,2714,1088,3
403,2072,1786,1640,1556,2517,843,856,2816,2716,1089,3
404,2070,1786,1640,1554,2517,843,856,2778,2714,1089,3
405,2071,1769,1639,1556,2518,846,856,2778,2714,1088,3
406,2073,1769,1638,1554,2518,846,856,2810,2713,1089,3
407,2077,1770,1639,1554,2517,844,857,2866,2714,1089,3
408,2099,1771,1640,1554,2515,844,856,2890,2714,1088,3
409,2070,1766,1640,1553,2518,843,856,2896,2714,1088,3
410,2070,1773,1639,1552,2518,845,857,2867,2714,1090,3
411,2040,1788,1650,1552,2517,844,858,2811,2715,1090,3
412,2071,1780,1639,1552,2518,843,858,2776,2717,1089,3
413,2083,1770,1640,1552,2517,844,857,2782,2716,1090,3
414,2070,1762,1640,1551,2516,844,859,2813,2717,1090,3
415,2055,1770,1639,1551,2515,845,859,2872,2718,1090,3
416,2072,1764,1640,1551,2518,844,858,2896,2718,1089,3
417,2068,1770,1641,1551,2518,844,860,2892,2717,1089,3
418,2067,1770,1640,1551,2517,844,861,2862,2718,1089,3
419,2072,1767,1639,1551,2518,845,859,2808,2718,1090,3
420,2068,1764,1640,1550,2517,845,862,2771,2718,1090,3
421,2077,1771,1641,1550,2518,845,862,2790,2720,1090,3
422,2084,1771,1640,1550,2518,845,860,2821,2722,1091,3
423,2064,1774,1638,1550,2517,845,862,2870,2722,1090,3
424,2072,1770,1640,1548,2516,846,860,2898,2722,1091,3
425,2071,1771,1640,1550,2517,845,865,2890,2722,1090,3
426,2071,1770,1639,1550,2517,844,871,2862,2723,1092,3
427,2072,1773,1640,1549,2518,846,864,2800,2723,1091,3
428,2074,1770,1639,1550,2517,845,864,2780,2726,1091,3
429,2062,1770,1639,1550,2518,844,866,2796,2725,1098,3
430,2091,1770,1630,1551,2518,845,867,2827,2727,1091,3
431,2082,1774,1640,1550,2518,844,867,2881,2727,1091,3
432,2070,1767,1639,1552,2518,845,868,2895,2725,1091,3
433,2074,1769,1641,1552,2518,846,870,2893,2728,1091,3
434,2068,1771,1638,1552,2518,846,870,2854,2730,1092,3
435,2067,1767,1640,1553,2517,845,872,2800,2730,1092,3
436,2072,1784,1639,1554,2516,846,870,2787,2731,1092,3
437,2070,1771,1640,1554,2519,847,872,2798,2731,1094,3
438,2071,1771,1642,1555,2518,846,872,2834,2733,1093,3
439,2074,1768,1641,1555,2518,846,874,2885,2733,1095,3
440,2054,1771,1647,1556,2518,846,875,2895,2734,1095,3
441,2076,1757,1640,1554,2518,847,875,2888,2734,1094,3
442,2086,1771,1641,1557,2520,846,877,2854,2737,1095,3
443,2074,1786,1639,1558,2518,846,876,2808,2738,1095,3
444,2054,1770,1640,1560,2518,846,879,2795,2738,1096,3
445,2075,1773,1641,1562,2518,846,879,2806,2738,1094,3
446,2070,1770,1642,1562,2517,845,881,2841,2739,1094,3
447,2081,1771,1642,1563,2517,847,880,2890,2739,1097,3
448,2075,1785,1641,1560,2518,847,879,2901,2741,1096,3
449,2083,1773,1641,1566,2518,846,882,2890,2742,1097,3
450,2075,1770,1642,1566,2518,845,885,2854,2742,1096,3
451,2077,1774,1642,1568,2518,847,883,2806,2744,1096,3
452,2074,1767,1642,1568,2519,846,887,2795,2741,1097,3
453,2115,1775,1642,1568,2518,845,887,2814,2746,1097,3
454,2085,1773,1643,1570,2519,846,888,2845,2746,1097,3
455,2078,1770,1642,1571,2520,846,889,2894,2747,1094,3
456,2081,1794,1643,1571,2519,845,890,2904,2747,1097,3
457,2082,1778,1642,1571,2519,845,890,2889,2750,1098,3
458,2084,1777,1642,1573,2518,846,892,2859,2749,1097,3
459,2087,1773,1641,1574,2519,846,893,2810,2749,1097,3
460,2051,1768,1643,1574,2520,845,894,2806,2752,1098,3
461,2055,1770,1644,1576,2520,845,896,2827,2752,1100,3
462,2065,1773,1646,1575,2520,846,898,2862,2754,1099,3
463,2066,1771,1642,1575,2520,845,896,2899,2755,1097,3
464,2066,1770,1642,1578,2520,845,898,2905,2755,1100,3
465,2059,1770,1646,1578,2520,845,900,2887,2755,1100,3
466,2058,1771,1643,1579,2520,845,902,2853,2756,1099,3
467,2094,1778,1644,1580,2520,846,900,2811,2758,1099,3
468,2085,1778,1641,1581,2520,847,902,2806,2755,1099,3
469,2086,1781,1643,1582,2519,847,902,2834,2763,1099,3
470,2082,1785,1644,1582,2520,852,904,2865,2759,1100,3
471,2080,1774,1644,1583,2520,845,904,2901,2759,1100,3
472,2080,1772,1645,1582,2520,845,905,2905,2761,1099,3
473,2090,1774,1644,1582,2520,846,906,2875,2760,1100,3
474,2113,1776,1646,1584,2518,845,905,2846,2761,1100,3
475,2078,1771,1643,1584,2520,847,906,2808,2762,1100,3
476,2082,1754,1645,1585,2520,846,907,2805,2762,1102,3
477,2083,1778,1645,1586,2520,845,908,2835,2763,1101,3
478,2062,1773,1648,1586,2521,847,908,2870,2763,1101,3
479,2089,1778,1645,1585,2521,846,908,2902,2764,1100,3
480,2086,1771,1645,1587,2520,847,913,2909,2764,1102,3
481,2088,1777,1644,1587,2522,847,909,2872,2764,1102,3
482,2075,1771,1646,1587,2522,847,910,2846,2766,1101,3
483,2084,1757,1646,1587,2520,846,912,2809,2766,1103,3
484,2080,1775,1646,1588,2520,847,911,2814,2766,1103,3
485,2090,1776,1646,1590,2521,847,913,2847,2766,1103,3
486,2085,1772,1646,1590,2521,847,912,2873,2767,1103,3
487,2098,1776,1645,1590,2522,847,915,2902,2768,1104,3
488,2086,1764,1647,1590,2520,846,916,2904,2769,1103,3
489,2082,1777,1646,1590,2521,846,916,2882,2769,1104,3
490,2088,1782,1646,1589,2522,846,915,2851,2770,1103,3
491,2087,1776,1646,1592,2522,846,916,2817,2770,1100,3
492,2078,1772,1647,1591,2522,846,916,2818,2770,1103,3
493,2083,1782,1647,1592,2521,845,917,2846,2771,1105,3
494,2091,1779,1646,1594,2521,846,917,2876,2772,1104,3
495,2086,1776,1648,1593,2521,846,918,2907,2771,1103,3
496,2078,1775,1648,1592,2522,846,920,2904,2772,1103,3
497,2084,1780,1648,1594,2522,847,920,2870,2772,1109,3
498,2090,1784,1647,1592,2521,842,920,2843,2774,1104,3
499,2088,1778,1648,1595,2522,846,917,2808,2773,1106,3
500,2084,1770,1648,1594,2521,846,922,2813,2774,1105,3
501,2070,1778,1647,1594,2522,847,920,2855,2774,1104,3
502,2086,1776,1648,1594,2522,846,926,2885,2775,1105,3
503,2083,1776,1648,1594,2522,847,919,2904,2776,1105,3
504,2086,1779,1650,1595,2523,846,925,2913,2777,1106,3
505,2087,1787,1648,1593,2523,846,921,2875,2776,1106,3
506,2112,1782,1649,1595,2523,847,922,2840,2776,1104,3
507,2087,1781,1648,1596,2523,845,923,2810,2778,1105,3
508,2091,1789,1650,1595,2523,847,923,2821,2778,1106,3
509,2119,1779,1650,1596,2522,847,923,2854,2778,1106,3
510,2086,1780,1650,1596,2522,847,924,2888,2779,1106,3
511,2090,1794,1648,1592,2523,848,926,2909,2778,1106,3
512,2082,1778,1650,1596,2523,846,925,2904,2779,1106,3
513,2081,1778,1650,1596,2514,847,928,2874,2779,1107,3
514,2086,1778,1650,1597,2523,845,924,2842,2779,1106,3
515,2090,1773,1650,1596,2523,848,925,2812,2780,1107,3
516,2093,1783,1648,1600,2522,847,926,2825,2781,1106,3
517,2098,1782,1650,1598,2527,846,926,2856,2780,1107,3
518,2087,1783,1650,1600,2523,844,929,2886,2781,1107,3
519,2091,1795,1649,1593,2523,847,929,2910,2782,1107,3
520,2083,1779,1650,1600,2523,846,928,2902,2783,1107,3
521,2062,1779,1650,1600,2523,847,928,2870,2783,1108,3
522,2090,1783,1651,1600,2524,847,929,2835,2784,1108,3
523,2088,1784,1650,1598,2523,846,930,2812,2784,1108,3
524,2096,1785,1650,1601,2524,847,928,2825,2784,1108,3
525,2089,1771,1651,1600,2522,847,930,2862,2784,1108,3
526,2094,1786,1652,1601,2522,846,929,2894,2784,1108,3
527,2130,1785,1652,1600,2525,847,929,2906,2786,1107,3
528,2076,1784,1656,1600,2523,847,928,2906,2785,1109,3
529,2095,1784,1650,1600,2524,846,930,2861,2786,1108,3
530,2088,1783,1651,1602,2524,847,930,2832,2786,1108,3
531,2090,1780,1651,1602,2523,846,931,2813,2786,1110,3
532,2089,1784,1652,1602,2525,848,931,2824,2787,1109,3
533,2094,1799,1651,1601,2524,848,931,2866,2787,1107,3
534,2088,1770,1652,1602,2524,846,932,2892,2787,1110,3
535,2097,1790,1652,1602,2526,848,932,2905,2789,1110,3
536,2086,1775,1654,1602,2524,847,931,2902,2787,1110,3
537,2100,1787,1651,1601,2526,847,931,2866,2788,1110,3
538,2086,1780,1652,1602,2525,848,934,2830,2785,1110,3
539,2099,1786,1653,1603,2525,846,934,2822,2790,1110,3
540,2085,1781,1653,1604,2523,847,932,2827,2789,1110,3
541,2099,1786,1653,1602,2524,848,934,2875,2790,1109,3
542,2086,1781,1653,1603,2524,847,934,2895,2789,1109,3
543,2099,1788,1654,1604,2524,847,934,2911,2790,1110,3
544,2086,1782,1654,1603,2526,847,933,2901,2792,1110,3
545,2099,1785,1654,1602,2525,847,932,2862,2794,1109,3
546,2086,1778,1654,1604,2524,848,934,2830,2792,1110,3
547,2097,1787,1654,1603,2523,847,934,2822,2792,1110,3
548,2090,1778,1654,1603,2525,839,936,2830,2793,1110,3
549,2095,1794,1651,1604,2526,848,933,2869,2790,1110,3
550,2091,1771,1652,1610,2525,848,936,2894,2791,1110,3
551,2091,1803,1654,1603,2526,847,936,2912,2793,1110,3
552,2091,1787,1656,1603,2526,847,937,2898,2792,1110,3
553,2091,1782,1654,1604,2526,846,934,2861,2794,1111,3
554,2089,1786,1653,1604,2527,848,936,2834,2793,1111,3
555,2096,1785,1654,1604,2526,846,936,2818,2794,1110,3
556,2074,1786,1658,1604,2526,847,936,2837,2794,1111,3
557,2124,1790,1654,1605,2525,847,935,2874,2794,1112,3
558,2098,1793,1655,1604,2527,848,936,2902,2794,1112,3
559,2090,1775,1654,1604,2528,849,938,2915,2794,1110,3
560,2094,1806,1654,1605,2526,848,940,2902,2796,1112,3
561,2093,1787,1655,1605,2526,848,938,2854,2795,1111,3
562,2093,1784,1655,1604,2526,852,937,2827,2794,1113,3
563,2078,1784,1656,1606,2527,848,936,2823,2795,1111,3
564,2126,1787,1656,1606,2526,847,938,2835,2796,1110,3
565,2098,1795,1655,1605,2527,848,936,2882,2795,1112,3
566,2093,1768,1655,1606,2527,848,936,2903,2796,1112,3
567,2095,1786,1656,1605,2527,848,937,2914,2797,1113,3
568,2090,1784,1656,1605,2526,848,939,2899,2798,1112,3
569,2118,1787,1656,1606,2526,849,934,2851,2796,1112,3
570,2096,1790,1655,1606,2526,847,936,2830,2798,1112,3
571,2095,1771,1656,1608,2526,847,936,2818,2797,1112,3
572,2093,1784,1657,1606,2526,848,938,2843,2797,1113,3
573,2086,1788,1656,1606,2529,848,939,2886,2798,1114,3
574,2087,1784,1658,1607,2527,847,938,2904,2798,1113,3
575,2099,1794,1656,1605,2530,849,939,2907,2798,1112,3
576,2093,1787,1656,1606,2528,847,941,2893,2798,1113,3
577,2103,1787,1656,1606,2530,846,939,2851,2798,1112,3
578,2098,1790,1656,1606,2528,848,939,2829,2804,1113,3
579,2095,1775,1658,1606,2526,849,940,2819,2798,1113,3
580,2093,1786,1656,1606,2527,848,940,2847,2799,1113,3
581,2086,1789,1657,1606,2529,849,941,2886,2800,1113,3
582,2090,1782,1658,1607,2528,848,940,2904,2800,1114,3
583,2097,1811,1656,1604,2530,848,938,2909,2799,1112,3
584,2090,1789,1657,1606,2529,850,938,2894,2802,1114,3
585,2090,1785,1657,1607,2529,850,940,2848,2801,1114,3
586,2094,1802,1656,1607,2528,848,941,2827,2801,1113,3
587,2095,1788,1658,1606,2530,848,942,2830,2801,1114,3
588,2126,1789,1658,1608,2528,848,940,2843,2800,1114,3
589,2099,1800,1658,1606,2528,849,941,2888,2802,1113,3
590,2093,1792,1658,1606,2527,848,942,2911,2801,1114,3
591,2118,1786,1657,1608,2529,848,941,2906,2802,1113,3
592,2096,1801,1657,1607,2529,850,942,2890,2801,1114,3
593,2094,1790,1658,1606,2530,849,940,2853,2802,1114,3
594,2092,1795,1658,1608,2530,848,939,2827,2803,1112,3
595,2095,1800,1658,1607,2530,849,940,2822,2802,1113,3
596,2090,1790,1658,1607,2529,849,942,2854,2802,1114,3
597,2090,1788,1657,1606,2530,848,941,2886,2802,1113,3
598,2095,1787,1658,1609,2530,848,941,2911,2803,1114,3
599,2082,1790,1658,1608,2530,849,942,2912,2803,1114,3
600,2093,1781,1659,1608,2529,850,941,2886,2804,1114,3
601,2099,1787,1659,1608,2530,849,942,2851,2804,1114,3
602,2099,1790,1658,1608,2530,848,942,2826,2810,1114,3
603,2098,1797,1659,1608,2531,849,942,2830,2803,1114,3
604,2107,1794,1660,1609,2530,848,942,2846,2805,1114,3
605,2102,1801,1658,1607,2531,850,941,2887,2803,1114,3
606,2093,1794,1659,1608,2530,850,943,2914,2803,1114,3
607,2094,1788,1660,1608,2530,849,944,2907,2805,1114,3
608,2096,1788,1659,1608,2530,849,943,2888,2805,1115,3
609,2070,1791,1660,1606,2531,849,943,2847,2806,1114,3
610,2094,1779,1659,1609,2530,849,944,2824,2806,1114,3
611,2106,1794,1649,1608,2531,849,943,2826,2806,1114,3
612,2097,1804,1660,1607,2530,849,943,2857,2806,1115,3
613,2091,1792,1660,1608,2523,849,944,2896,2807,1115,3
614,2094,1784,1659,1609,2530,849,943,2907,2806,1116,3
615,2097,1789,1660,1609,2531,849,942,2905,2806,1116,3
616,2100,1795,1660,1610,2531,849,943,2886,2806,1116,3
617,2095,1790,1660,1610,2531,848,944,2850,2808,1116,3
618,2094,1789,1659,1610,2531,850,943,2821,2807,1115,3
619,2098,1789,1661,1608,2532,847,943,2834,2808,1115,3
620,2101,1794,1660,1609,2531,848,942,2858,2806,1116,3
621,2097,1795,1661,1609,2531,848,944,2891,2808,1117,3
622,2092,1787,1660,1610,2531,848,943,2907,2808,1117,3
623,2096,1786,1660,1610,2532,848,943,2910,2808,1116,3
624,2101,1790,1660,1610,2532,848,943,2884,2809,1116,3
625,2096,1793,1662,1610,2533,848,946,2840,2808,1118,3
626,2091,1788,1661,1610,2531,848,945,2824,2808,1116,3
627,2097,1789,1662,1610,2533,849,944,2827,2808,1116,3
628,2101,1795,1662,1609,2534,849,944,2863,2808,1116,3
629,2094,1792,1661,1610,2531,849,946,2900,2808,1115,3
630,2097,1783,1664,1610,2532,849,944,2908,2810,1117,3
631,2103,1792,1664,1610,2539,848,944,2906,2811,1116,3
632,2101,1800,1662,1608,2540,850,944,2888,2809,1118,3
633,2085,1787,1662,1611,2533,848,944,2843,2810,1116,3
634,2098,1778,1661,1610,2532,851,943,2821,2809,1118,3
635,2122,1790,1664,1610,2533,849,946,2830,2810,1116,3
636,2099,1790,1660,1610,2533,848,944,2862,2810,1117,3
637,2103,1794,1661,1610,2533,849,946,2902,2810,1118,3
638,2097,1796,1664,1609,2534,850,946,2917,2810,1116,3
639,2095,1786,1664,1610,2533,849,947,2906,2810,1118,3
640,2108,1793,1662,1610,2532,849,946,2880,2811,1117,3
641,2096,1810,1665,1611,2533,848,947,2842,2811,1115,3
642,2062,1790,1664,1610,2532,848,946,2828,2816,1117,3
643,2099,1794,1664,1610,2531,848,944,2830,2811,1118,3
644,2096,1787,1664,1611,2532,849,946,2859,2811,1118,3
645,2104,1794,1664,1611,2531,848,945,2898,2812,1117,3
646,2100,1792,1666,1611,2534,850,945,2915,2811,1118,3
647,2066,1795,1664,1611,2533,850,947,2909,2811,1118,3
648,2099,1795,1665,1611,2533,850,946,2886,2811,1118,3
649,2096,1786,1665,1610,2533,849,947,2836,2811,1118,3
650,2110,1796,1667,1612,2532,849,946,2824,2811,1118,3
651,2097,1790,1664,1610,2532,849,946,2840,2812,1119,3
652,2103,1800,1666,1612,2534,848,946,2866,2813,1118,3
653,2092,1794,1666,1612,2523,847,948,2905,2814,1118,3
654,2098,1800,1666,1612,2534,848,949,2910,2812,1118,3
655,2091,1790,1666,1611,2532,848,946,2904,2814,1118,3
656,2099,1793,1666,1611,2534,848,946,2876,2813,1118,3
657,2099,1806,1664,1611,2534,848,948,2841,2814,1118,3
658,2110,1796,1665,1611,2534,850,946,2827,2814,1118,3
659,2096,1793,1665,1611,2534,849,947,2842,2814,1116,3
660,2099,1778,1666,1612,2534,849,942,2859,2816,1118,3
661,2102,1794,1666,1612,2535,849,946,2898,2810,1117,3
662,2101,1790,1666,1612,2534,848,947,2909,2816,1117,3
663,2099,1807,1666,1612,2534,847,950,2907,2814,1118,3
664,2107,1795,1666,1612,2534,849,949,2877,2816,1116,3
665,2095,1793,1666,1612,2532,849,946,2842,2814,1118,3
666,2099,1801,1665,1610,2534,850,949,2822,2817,1118,3
667,2096,1794,1665,1611,2536,850,947,2837,2814,1120,3
668,2106,1795,1667,1612,2534,850,948,2863,2816,1118,3
669,2099,1792,1667,1612,2534,849,948,2907,2817,1118,3
670,2104,1803,1667,1612,2534,848,948,2915,2818,1118,3
671,2084,1795,1666,1611,2536,850,946,2906,2817,1118,3
672,2100,1798,1666,1612,2534,849,949,2883,2818,1118,3
673,2099,1783,1666,1619,2535,848,946,2833,2818,1119,3
674,2092,1790,1666,1612,2535,850,947,2824,2818,1119,3
675,2106,1795,1666,1612,2536,849,948,2835,2818,1118,3
676,2098,1794,1666,1613,2536,850,947,2870,2817,1120,3
677,2106,1802,1667,1612,2534,849,948,2907,2817,1120,3
678,2075,1798,1669,1612,2534,849,948,2915,2818,1120,3
679,2099,1798,1667,1612,2534,849,950,2906,2819,1118,3
680,2099,1799,1667,1613,2534,849,948,2874,2818,1120,3
681,2097,1790,1668,1613,2534,849,948,2833,2818,1120,3
682,2118,1798,1667,1613,2536,849,950,2824,2818,1120,3
683,2103,1797,1669,1611,2536,848,947,2838,2818,1120,3
684,2099,1797,1668,1612,2534,849,947,2870,2818,1121,3
685,2105,1802,1667,1612,2534,850,948,2907,2819,1120,3
686,2078,1798,1667,1613,2536,850,950,2916,2819,1121,3
687,2098,1800,1667,1614,2536,850,950,2905,2819,1119,3
688,2099,1800,1668,1613,2536,850,950,2872,2818,1120,3
689,2099,1788,1667,1612,2534,850,948,2832,2819,1118,3
690,2139,1798,1670,1614,2536,849,949,2822,2819,1118,3
691,2107,1798,1668,1613,2536,850,948,2839,2820,1121,3
692,2101,1799,1668,1614,2537,850,949,2866,2819,1120,3
693,2102,1810,1667,1611,2536,850,952,2910,2819,1119,3
694,2106,1803,1667,1612,2536,849,948,2915,2819,1121,3
695,2079,1795,1667,1612,2537,849,949,2903,2819,1119,3
696,2098,1796,1668,1612,2530,849,949,2877,2819,1120,3
697,2102,1800,1668,1612,2537,848,950,2827,2820,1120,3
698,2100,1781,1668,1612,2534,849,944,2822,2820,1122,3
699,2098,1794,1670,1612,2536,849,950,2840,2820,1120,3
700,2128,1800,1670,1613,2536,847,950,2868,2820,1122,3
701,2107,1798,1669,1613,2536,849,950,2904,2821,1122,3
702,2099,1798,1670,1613,2536,849,950,2907,2821,1120,3
703,2106,1813,1670,1613,2538,850,946,2902,2820,1121,3
704,2103,1805,1670,1612,2536,848,949,2872,2821,1121,3
705,2115,1800,1670,1611,2537,851,948,2834,2824,1119,3
706,2083,1794,1674,1613,2536,849,950,2827,2821,1120,3
707,2102,1800,1668,1612,2536,849,950,2849,2822,1119,3
708,2099,1800,1670,1612,2538,849,951,2870,2822,1121,3
709,2105,1783,1670,1614,2537,849,946,2904,2822,1121,3
710,2098,1793,1670,1611,2537,850,950,2910,2822,1121,3
711,2092,1797,1670,1613,2537,848,950,2896,2822,1122,3
712,2120,1799,1670,1612,2538,849,952,2867,2822,1120,3
713,2105,1798,1670,1614,2541,849,949,2828,2822,1122,3
714,2101,1798,1670,1614,2538,849,950,2822,2822,1122,3
715,2101,1798,1669,1612,2538,849,948,2850,2822,1121,3
716,2104,1810,1669,1612,2538,850,949,2878,2822,1119,3
717,2106,1804,1672,1611,2538,850,947,2912,2822,1119,3
718,2106,1798,1670,1614,2538,848,950,2914,2822,1122,3
719,2086,1798,1674,1611,2538,850,950,2900,2822,1121,3
720,2098,1798,1672,1613,2539,850,951,2873,2823,1123,3
