Time,NO2,C2H5CH,VOC,CO,Temperature,Pressure,Humidity,Gas Resistance
0,97,75,244,362,15.26,1020.07,30.29,752.66
1,97,74,244,362,15.26,1020.06,30.30,750.14
2,97,74,244,363,15.26,1020.06,30.29,748.89
3,96,74,244,362,15.26,1020.06,30.29,752.24
4,97,74,244,363,15.26,1020.06,30.29,752.66
5,97,75,244,363,15.26,1020.06,30.28,755.62
6,97,74,243,363,15.27,1020.06,30.28,750.14
7,97,75,243,363,15.27,1020.07,30.29,753.50
8,97,74,244,363,15.27,1020.06,30.27,753.50
9,97,74,243,362,15.27,1020.06,30.27,755.19
10,97,74,243,362,15.27,1020.06,30.27,756.04
11,97,74,243,362,15.27,1020.06,30.26,751.40
12,97,74,243,362,15.27,1020.06,30.26,754.35
13,96,74,242,363,15.27,1020.06,30.26,749.30
14,97,73,243,363,15.27,1020.06,30.25,753.08
15,97,74,243,362,15.27,1020.06,30.25,754.35
16,97,74,242,362,15.27,1020.07,30.25,748.47
17,97,74,243,362,15.27,1020.06,30.25,755.62
18,97,74,242,362,15.27,1020.05,30.24,752.66
19,97,74,242,362,15.27,1020.05,30.24,750.14
20,96,74,242,362,15.27,1020.06,30.24,753.08
21,97,74,242,362,15.27,1020.06,30.24,757.32
22,96,73,242,362,15.27,1020.06,30.24,749.30
23,97,73,241,362,15.27,1020.06,30.22,756.04
24,97,74,242,362,15.27,1020.07,30.23,755.19
25,97,73,242,362,15.27,1020.07,30.22,753.08
26,97,73,242,363,15.27,1020.06,30.22,750.98
27,96,74,242,362,15.27,1020.05,30.21,754.35
28,96,74,241,362,15.28,1020.06,30.21,754.35
29,97,73,242,363,15.28,1020.05,30.21,751.82
30,97,74,242,363,15.28,1020.05,30.21,755.62
31,97,73,242,362,15.28,1020.05,30.21,749.72
32,96,74,241,362,15.28,1020.05,30.21,752.66
33,97,73,241,362,15.28,1020.05,30.20,754.77
34,96,73,241,362,15.28,1020.05,30.20,748.89
35,97,73,241,363,15.27,1020.05,30.20,756.47
36,96,73,241,363,15.27,1020.04,30.19,754.35
37,97,73,241,363,15.27,1020.04,30.19,750.56
38,97,73,241,362,15.27,1020.04,30.19,748.47
39,96,73,241,363,15.27,1020.05,30.19,749.30
40,96,73,241,362,15.28,1020.05,30.19,752.24
41,96,73,241,363,15.28,1020.06,30.19,750.56
42,96,73,241,362,15.28,1020.06,30.18,752.24
43,97,73,240,362,15.28,1020.06,30.18,754.35
44,97,73,240,362,15.28,1020.06,30.18,750.56
45,96,73,240,362,15.28,1020.06,30.18,757.75
46,97,73,239,362,15.28,1020.06,30.18,751.82
47,96,73,240,363,15.28,1020.06,30.17,748.05
48,97,73,240,363,15.28,1020.06,30.18,754.35
49,97,72,240,363,15.28,1020.06,30.18,748.47
50,97,73,240,362,15.28,1020.06,30.18,753.50
51,96,73,239,362,15.28,1020.06,30.18,748.05
52,96,72,239,362,15.28,1020.06,30.18,750.98
53,96,73,239,363,15.28,1020.06,30.17,752.66
54,96,72,239,363,15.28,1020.07,30.16,750.14
55,96,73,239,363,15.28,1020.07,30.16,748.47
56,96,73,239,362,15.28,1020.06,30.18,747.64
57,96,72,239,362,15.28,1020.06,30.15,752.66
58,96,73,239,363,15.28,1020.07,30.18,750.98
59,96,73,239,362,15.28,1020.07,30.16,751.40
60,96,73,239,363,15.28,1020.07,30.17,752.24
61,96,72,239,362,15.28,1020.06,30.16,753.92
62,96,73,239,362,15.28,1020.06,30.16,752.66
63,95,73,239,362,15.28,1020.07,30.16,754.35
64,96,73,239,363,15.28,1020.06,30.16,753.50
65,96,73,238,362,15.28,1020.06,30.18,750.14
66,96,72,238,363,15.28,1020.06,30.16,748.47
67,96,73,238,362,15.28,1020.06,30.16,751.82
68,96,73,238,362,15.28,1020.07,30.16,749.72
69,96,72,240,364,15.28,1020.06,30.16,750.56
70,96,73,240,365,15.28,1020.06,30.15,748.47
71,96,72,240,365,15.28,1020.06,30.16,747.64
72,96,72,239,365,15.28,1020.06,30.16,750.14
73,97,72,239,364,15.28,1020.06,30.16,746.48
74,96,73,239,365,15.28,1020.06,30.17,747.64
75,96,72,239,366,15.28,1020.06,30.18,748.97
76,97,72,239,365,15.29,1020.07,30.17,751.82
77,96,72,239,365,15.29,1020.07,30.18,750.98
78,97,72,238,366,15.29,1020.08,30.20,748.14
79,97,72,238,366,15.29,1020.07,30.20,748.89
80,97,73,238,365,15.29,1020.07,30.20,749.30
81,96,72,238,366,15.29,1020.07,30.23,750.14
82,96,72,238,366,15.29,1020.07,30.24,749.30
83,96,72,239,365,15.29,1020.06,30.24,748.14
84,97,72,238,365,15.29,1020.07,30.24,748.89
85,96,73,238,365,15.29,1020.07,30.24,748.89
86,96,73,238,365,15.29,1020.07,30.25,751.40
87,96,72,238,365,15.29,1020.07,30.25,748.97
88,95,72,237,365,15.29,1020.07,30.27,748.89
89,95,72,238,364,15.29,1020.06,30.27,753.92
90,96,72,237,365,15.29,1020.06,30.27,747.64
91,95,72,237,365,15.29,1020.07,30.28,750.14
92,96,72,237,364,15.29,1020.07,30.28,747.31
93,95,72,237,365,15.29,1020.07,30.26,749.30
94,96,72,237,365,15.29,1020.07,30.28,748.14
95,96,72,237,364,15.29,1020.08,30.29,748.97
96,95,72,237,364,15.29,1020.08,30.27,746.48
97,95,71,236,364,15.29,1020.08,30.29,750.56
98,96,72,236,365,15.29,1020.08,30.27,748.97
99,95,72,236,364,15.29,1020.08,30.28,748.14
100,95,72,236,365,15.29,1020.08,30.28,750.14
101,96,72,237,363,15.29,1020.07,30.29,750.56
102,96,72,236,365,15.29,1020.08,30.27,750.14
103,96,71,236,364,15.29,1020.08,30.28,753.50
104,96,72,236,364,15.29,1020.09,30.28,750.14
105,96,71,236,364,15.29,1020.08,30.28,750.98
106,95,72,235,364,15.29,1020.09,30.27,747.31
107,96,72,236,363,15.29,1020.09,30.27,752.66
108,96,71,236,363,15.29,1020.09,30.28,754.77
109,95,72,236,364,15.29,1020.09,30.27,752.24
110,96,71,235,364,15.29,1020.09,30.27,748.14
111,95,72,236,364,15.29,1020.09,30.26,747.64
112,96,72,236,364,15.29,1020.09,30.27,752.24
113,96,72,236,364,15.29,1020.09,30.25,752.66
114,96,72,236,364,15.29,1020.09,30.27,751.40
115,95,71,235,364,15.29,1020.09,30.27,748.89
116,95,71,236,363,15.29,1020.09,30.26,748.47
117,95,71,236,364,15.29,1020.09,30.27,750.14
118,95,71,236,364,15.29,1020.09,30.26,747.31
119,95,71,235,363,15.29,1020.10,30.27,749.30
120,95,71,235,364,15.29,1020.10,30.26,747.31
121,95,71,235,364,15.29,1020.09,30.25,752.66
122,95,71,235,364,15.29,1020.09,30.27,749.72
123,96,72,237,364,15.29,1020.10,30.27,750.14
124,105,75,242,366,15.29,1020.10,30.27,738.27
125,115,76,248,368,15.29,1020.10,30.27,733.44
126,124,78,251,370,15.29,1020.10,30.30,721.62
127,131,78,252,371,15.30,1020.10,30.34,710.18
128,137,80,254,373,15.30,1020.10,30.40,701.28
129,140,80,254,374,15.30,1020.11,30.49,694.75
130,143,80,256,374,15.30,1020.10,30.60,685.54
131,143,80,255,374,15.30,1020.11,30.73,680.68
132,143,80,256,374,15.30,1020.11,30.85,677.93
133,145,81,257,375,15.30,1020.11,31.02,677.93
134,146,80,258,376,15.30,1020.11,31.17,670.49
135,145,81,258,376,15.30,1020.11,31.32,665.18
136,146,81,258,376,15.30,1020.11,31.49,665.84
137,148,81,258,377,15.30,1020.11,31.68,663.21
138,149,81,260,377,15.30,1020.11,31.85,663.86
139,150,82,261,377,15.30,1020.10,32.01,658.01
140,150,82,261,378,15.30,1020.36,32.21,653.53
141,151,81,263,379,15.31,1020.87,32.38,652.26
142,150,82,263,379,15.31,1021.26,32.57,649.11
143,149,82,263,378,15.32,1021.54,32.75,644.13
144,148,81,264,379,15.33,1021.75,32.93,642.90
145,147,81,264,379,15.34,1021.92,33.11,643.51
146,146,82,264,379,15.35,1022.03,33.30,640.45
147,145,82,265,380,15.36,1022.13,33.47,640.45
148,144,82,265,380,15.37,1022.19,33.64,642.28
149,143,81,265,380,15.37,1022.24,33.80,641.67
150,143,82,265,380,15.38,1022.29,33.96,644.13
151,143,81,266,381,15.39,1022.31,34.11,638.01
152,142,81,266,380,15.39,1022.33,34.26,641.67
153,141,81,266,380,15.40,1022.35,34.39,636.80
154,140,81,266,381,15.40,1022.36,34.52,638.62
155,141,82,266,381,15.41,1022.38,34.66,636.80
156,140,81,266,381,15.41,1022.39,34.77,636.20
157,140,82,266,380,15.41,1022.40,34.89,638.01
158,139,81,267,380,15.42,1022.40,34.98,637.41
159,139,82,267,381,15.42,1022.41,35.09,637.41
160,139,81,266,382,15.42,1022.41,35.17,636.80
161,138,81,266,381,15.43,1022.41,35.28,639.84
162,138,82,267,382,15.43,1022.40,35.35,639.84
163,137,81,267,381,15.43,1022.40,35.43,642.90
164,137,82,267,382,15.43,1022.41,35.50,636.20
165,137,81,266,381,15.44,1022.41,35.58,642.28
166,137,82,267,382,15.44,1022.41,35.64,642.28
167,136,81,267,381,15.44,1022.41,35.71,641.06
168,136,81,267,381,15.44,1022.41,35.76,640.45
169,136,81,266,381,15.44,1022.40,35.82,638.01
170,136,81,267,382,15.45,1022.41,35.87,640.45
171,136,82,267,382,15.45,1022.41,35.93,641.67
172,135,82,267,382,15.45,1022.42,35.97,640.45
173,135,82,267,381,15.45,1022.42,36.00,642.28
174,135,82,267,381,15.45,1022.42,36.05,644.13
175,135,82,267,382,15.45,1022.42,36.08,638.01
176,135,81,267,381,15.46,1022.42,36.11,643.51
177,135,81,268,381,15.46,1022.41,36.15,639.23
178,134,82,267,381,15.46,1022.41,36.18,640.45
179,133,82,267,382,15.46,1022.42,36.21,642.28
180,133,82,267,382,15.46,1022.42,36.23,644.13
181,133,82,267,382,15.46,1022.42,36.25,642.90
182,133,82,267,382,15.46,1022.43,36.27,645.99
183,133,82,267,382,15.46,1022.42,36.29,639.84
184,133,82,268,382,15.46,1022.41,36.31,639.23
185,133,82,267,382,15.46,1022.41,36.33,644.13
186,133,82,267,382,15.46,1022.40,36.34,644.13
187,133,82,267,382,15.46,1022.41,36.35,640.45
188,133,82,267,382,15.46,1022.41,36.36,639.23
189,132,82,267,382,15.46,1022.40,36.37,638.62
190,133,82,268,381,15.46,1022.42,36.37,641.67
191,132,82,268,382,15.46,1022.41,36.37,640.45
192,132,82,267,382,15.47,1022.42,36.40,641.67
193,132,82,267,382,15.47,1022.42,36.39,642.28
194,132,83,267,382,15.47,1022.42,36.39,641.67
195,132,82,268,382,15.47,1022.42,36.40,646.61
196,132,82,267,383,15.47,1022.42,36.40,642.28
197,132,82,268,383,15.47,1022.41,36.39,640.45
198,132,82,267,383,15.47,1022.41,36.40,641.67
199,132,82,267,382,15.47,1022.41,36.40,645.37
200,132,82,267,382,15.47,1022.41,36.39,641.67
201,131,82,268,382,15.46,1022.41,36.38,645.37
202,131,82,267,383,15.46,1022.40,36.39,650.37
203,131,82,268,382,15.47,1022.41,36.37,642.90
204,131,82,267,382,15.47,1022.41,36.37,647.23
205,131,82,267,382,15.47,1022.42,36.36,642.90
206,131,83,267,382,15.47,1022.43,36.36,645.99
207,131,83,267,382,15.47,1022.42,36.34,642.90
208,131,82,267,383,15.46,1022.43,36.34,647.23
209,131,82,267,382,15.46,1022.43,36.34,644.13
210,130,82,268,382,15.46,1022.43,36.34,641.06
211,131,82,267,383,15.46,1022.42,36.32,644.13
212,131,83,267,382,15.46,1022.42,36.32,645.37
213,131,82,267,382,15.46,1022.42,36.31,647.86
214,130,82,267,383,15.46,1022.42,36.29,644.13
215,130,82,268,383,15.46,1022.42,36.29,644.13
216,130,83,266,383,15.46,1022.41,36.27,642.90
217,131,83,268,383,15.46,1022.42,36.26,644.75
218,130,82,267,383,15.46,1022.42,36.25,642.28
219,130,82,267,384,15.46,1022.42,36.23,643.51
220,130,82,268,383,15.46,1022.42,36.22,642.28
221,130,83,267,383,15.46,1022.42,36.20,644.13
222,130,82,267,382,15.46,1022.42,36.20,644.13
223,130,82,267,383,15.46,1022.41,36.20,644.13
224,130,83,267,383,15.46,1022.41,36.18,646.61
225,130,82,267,383,15.46,1022.41,36.15,645.37
226,129,82,267,382,15.46,1022.41,36.15,645.99
227,130,82,267,383,15.46,1022.42,36.14,643.51
228,130,83,267,383,15.45,1022.42,36.13,645.99
229,129,83,267,382,15.46,1022.42,36.12,644.75
230,130,83,267,383,15.45,1022.43,36.11,642.28
231,129,83,267,383,15.45,1022.43,36.08,648.48
232,130,82,267,383,15.45,1022.43,36.08,647.23
233,130,83,267,383,15.45,1022.42,36.07,645.37
234,129,83,267,383,15.45,1022.43,36.05,642.90
235,130,83,267,384,15.45,1022.43,36.04,646.61
236,129,83,267,384,15.45,1022.44,36.02,642.90
237,129,83,267,383,15.45,1022.43,36.00,647.23
238,129,83,267,384,15.45,1022.44,36.00,644.13
239,130,83,267,382,15.45,1022.43,35.99,647.23
240,129,83,267,383,15.45,1022.43,35.98,642.90
241,130,83,267,384,15.44,1022.43,35.97,645.99
242,129,83,267,383,15.44,1022.43,35.95,645.37
243,129,83,267,384,15.44,1022.43,35.93,643.51
244,129,83,267,383,15.44,1022.43,35.93,647.23
245,129,83,267,384,15.44,1022.43,35.91,642.90
246,130,83,267,384,15.44,1022.43,35.89,644.13
247,129,83,267,383,15.44,1022.43,35.89,645.99
248,129,83,266,384,15.44,1022.43,35.88,647.23
249,129,83,267,384,15.44,1022.43,35.86,646.61
250,129,83,267,383,15.44,1022.42,35.84,647.23
251,129,83,267,383,15.43,1022.42,35.83,642.28
252,128,83,267,384,15.43,1022.42,35.81,644.75
253,128,83,267,382,15.43,1022.43,35.81,644.13
254,129,83,267,383,15.43,1022.43,35.79,649.11
255,129,83,267,384,15.43,1022.43,35.78,642.90
256,129,83,267,384,15.43,1022.42,35.77,647.23
257,129,83,267,384,15.43,1022.43,35.76,644.13
258,129,83,267,383,15.43,1022.43,35.75,642.28
259,129,83,268,384,15.43,1022.43,35.74,644.13
260,129,83,267,384,15.43,1022.43,35.72,644.75
261,129,83,267,384,15.42,1022.42,35.70,646.61
262,129,83,268,384,15.42,1022.42,35.69,649.74
263,129,83,267,384,15.42,1022.43,35.69,645.37
264,128,83,267,384,15.42,1022.43,35.67,649.74
265,128,83,267,384,15.42,1022.43,35.66,644.13
266,128,83,268,383,15.42,1022.42,35.64,642.90
267,129,84,267,384,15.42,1022.42,35.64,648.48
268,129,83,267,384,15.42,1022.42,35.62,648.48
269,129,83,267,384,15.42,1022.43,35.61,645.99
270,129,83,267,384,15.42,1022.42,35.59,646.61
271,129,83,267,384,15.41,1022.42,35.59,642.28
272,128,83,267,384,15.41,1022.42,35.58,644.75
273,129,83,267,384,15.41,1022.42,35.57,642.90
274,129,83,267,384,15.41,1022.42,35.55,647.86
275,129,84,267,384,15.41,1022.42,35.55,644.75
276,129,84,267,383,15.41,1022.42,35.54,649.11
277,128,83,268,385,15.41,1022.42,35.52,647.86
278,129,83,268,385,15.41,1022.42,35.50,645.37
279,129,83,267,384,15.41,1022.42,35.49,644.75
280,128,83,267,384,15.40,1022.43,35.47,644.75
281,129,84,268,384,15.40,1022.43,35.48,645.99
282,129,84,267,384,15.40,1022.43,35.46,645.99
283,129,84,268,384,15.40,1022.44,35.44,644.13
284,128,84,267,385,15.40,1022.43,35.44,644.13
285,129,84,268,385,15.40,1022.42,35.43,646.61
286,129,83,268,384,15.40,1022.42,35.43,647.23
287,129,83,267,385,15.40,1022.42,35.41,644.13
288,129,84,267,385,15.39,1022.42,35.41,645.37
289,128,83,267,385,15.39,1022.42,35.39,647.86
290,128,84,268,384,15.39,1022.42,35.38,646.61
291,128,84,267,384,15.39,1022.42,35.37,649.11
292,129,83,267,384,15.39,1022.42,35.36,644.13
293,128,83,267,385,15.39,1022.42,35.36,649.74
294,129,84,267,385,15.39,1022.42,35.34,648.48
295,129,83,268,385,15.39,1022.42,35.33,650.37
296,128,83,268,384,15.38,1022.43,35.32,649.11
297,129,84,268,384,15.38,1022.43,35.33,644.75
298,129,84,268,384,15.38,1022.43,35.31,642.90
299,129,83,267,385,15.38,1022.42,35.29,643.51
300,129,84,268,384,15.38,1022.42,35.29,644.13
301,129,84,268,385,15.38,1022.42,35.27,646.61
302,129,83,267,385,15.38,1022.42,35.26,644.13
303,128,84,268,385,15.38,1022.42,35.25,645.99
304,129,84,268,386,15.38,1022.42,35.25,644.13
305,129,83,268,385,15.37,1022.42,35.23,646.61
306,129,84,268,385,15.37,1022.42,35.23,642.90
307,128,84,268,385,15.37,1022.42,35.22,647.23
308,129,84,267,385,15.37,1022.42,35.21,641.06
309,129,84,268,385,15.37,1022.42,35.20,644.13
310,128,83,268,385,15.37,1022.41,35.19,642.90
311,129,84,267,386,15.37,1022.42,35.19,642.90
312,129,84,267,386,15.37,1022.42,35.18,644.13
313,128,83,267,384,15.36,1022.42,35.16,650.37
314,129,84,267,385,15.36,1022.42,35.16,646.61
315,129,84,268,385,15.36,1022.42,35.16,644.13
316,129,84,268,385,15.36,1022.42,35.13,645.99
317,129,84,268,385,15.36,1022.43,35.14,644.13
318,129,84,268,386,15.36,1022.42,35.13,646.61
319,129,84,268,385,15.36,1022.42,35.11,643.51
320,129,84,268,385,15.36,1022.42,35.11,647.23
321,128,84,268,386,15.36,1022.43,35.10,645.37
322,129,84,268,386,15.36,1022.42,35.10,645.37
323,129,83,268,386,15.35,1022.42,35.09,642.90
324,129,84,267,386,15.35,1022.42,35.09,641.67
325,129,83,267,386,15.35,1022.42,35.08,645.37
326,128,84,268,385,15.35,1022.42,35.07,641.67
327,129,84,268,386,15.35,1022.42,35.06,643.51
328,129,84,268,386,15.35,1022.41,35.05,645.37
329,128,84,268,386,15.35,1022.42,35.04,644.13
330,129,84,268,386,15.35,1022.42,35.04,644.13
331,129,84,268,385,15.34,1022.42,35.03,643.51
332,129,84,267,386,15.34,1022.42,35.02,641.67
333,129,84,268,385,15.34,1022.42,35.02,643.51
334,129,84,268,385,15.34,1022.43,35.02,642.28
335,129,84,269,386,15.34,1022.42,35.01,648.48
336,128,84,268,386,15.34,1022.42,35.01,644.75
337,129,84,268,386,15.34,1022.42,35.00,644.13
338,128,84,268,386,15.34,1022.41,35.00,641.67
339,129,84,268,386,15.34,1022.42,34.98,647.23
340,129,84,268,386,15.33,1022.41,34.98,644.75
341,129,84,268,386,15.33,1022.41,34.97,644.13
342,129,85,268,386,15.33,1022.41,34.97,641.06
343,129,84,268,385,15.33,1022.41,34.97,644.75
344,129,84,268,385,15.33,1022.41,34.95,649.11
345,129,84,268,386,15.33,1022.41,34.95,645.37
346,129,84,268,386,15.33,1022.41,34.94,643.51
347,129,84,268,386,15.33,1022.42,34.94,642.90
348,129,85,268,386,15.33,1022.41,34.93,645.37
349,128,84,268,386,15.33,1022.41,34.91,646.61
350,129,84,268,386,15.33,1022.42,34.92,644.13
351,129,84,268,386,15.32,1022.42,34.91,649.11
352,128,84,268,386,15.32,1022.43,34.91,647.23
353,129,84,268,386,15.32,1022.43,34.91,642.90
354,129,85,268,386,15.32,1022.42,34.90,647.23
355,129,85,269,386,15.32,1022.43,34.89,643.51
356,128,84,268,386,15.32,1022.43,34.89,645.37
357,129,84,268,386,15.32,1022.42,34.88,642.28
358,128,84,268,387,15.32,1022.42,34.90,642.28
359,129,85,269,386,15.32,1022.42,34.87,642.90
360,129,85,268,386,15.31,1022.42,34.87,642.90
361,129,85,269,386,15.31,1022.42,34.87,641.67
362,129,85,269,386,15.31,1022.41,34.85,642.90
363,129,84,269,387,15.31,1022.41,34.85,641.67
364,129,85,268,386,15.31,1022.41,34.84,641.06
365,129,84,268,387,15.31,1022.42,34.85,642.90
366,129,85,268,387,15.31,1022.42,34.84,641.67
367,129,84,268,386,15.31,1022.41,34.83,641.67
368,129,84,268,387,15.31,1022.42,34.81,642.90
369,129,84,268,387,15.31,1022.42,34.83,641.67
370,129,84,269,387,15.31,1022.42,34.82,642.90
371,129,84,269,386,15.30,1022.42,34.81,641.67
372,129,84,268,387,15.30,1022.41,34.80,646.61
373,129,85,269,387,15.30,1022.41,34.81,647.23
374,128,84,268,387,15.30,1022.42,34.79,641.67
375,129,84,268,387,15.30,1022.43,34.79,641.67
376,129,85,269,386,15.30,1022.43,34.78,642.90
377,129,85,269,387,15.30,1022.43,34.78,643.51
378,129,84,269,387,15.30,1022.42,34.77,642.90
379,129,85,269,386,15.30,1022.42,34.76,643.51
380,129,85,269,386,15.29,1022.42,34.77,642.90
381,129,85,268,387,15.29,1022.42,34.75,641.67
382,129,85,268,387,15.29,1022.42,34.76,644.13
383,129,85,269,387,15.29,1022.43,34.76,643.51
384,129,85,269,387,15.29,1022.43,34.74,644.75
385,129,85,269,388,15.29,1022.43,34.76,645.99
386,129,84,269,387,15.29,1022.42,34.74,641.06
387,128,85,269,387,15.29,1022.43,34.73,642.90
388,130,85,269,388,15.29,1022.42,34.74,641.06
389,129,85,269,387,15.29,1022.43,34.73,644.75
390,129,85,269,388,15.29,1022.43,34.73,641.06
391,129,84,269,387,15.28,1022.44,34.72,647.23
392,129,85,269,388,15.28,1022.43,34.71,641.67
393,129,84,269,387,15.28,1022.43,34.71,645.99
394,129,85,269,387,15.28,1022.43,34.70,640.45
395,128,85,269,387,15.28,1022.43,34.70,642.90
396,129,85,269,387,15.28,1022.42,34.70,641.67
397,129,85,269,387,15.28,1022.42,34.70,640.45
398,129,85,269,387,15.28,1022.42,34.69,642.28
399,130,84,269,387,15.28,1022.42,34.70,639.23
400,129,85,269,387,15.28,1022.43,34.69,640.45
401,129,85,269,387,15.27,1022.42,34.68,639.23
402,129,84,269,387,15.27,1022.42,34.67,640.45
403,130,85,269,388,15.27,1022.42,34.68,642.28
404,129,85,269,388,15.27,1022.42,34.66,646.61
405,129,85,269,388,15.27,1022.41,34.67,640.45
406,130,85,269,388,15.27,1022.42,34.67,645.37
407,130,85,269,387,15.27,1022.42,34.66,640.45
408,130,85,269,388,15.27,1022.41,34.66,640.45
409,130,85,269,388,15.27,1022.41,34.65,639.84
410,129,85,269,388,15.27,1022.41,34.65,638.01
411,129,84,269,387,15.26,1022.41,34.64,640.45
412,130,84,269,388,15.26,1022.41,34.66,639.84
413,129,85,269,388,15.26,1022.41,34.64,640.45
414,129,85,270,388,15.26,1022.41,34.64,639.84
415,129,85,269,388,15.26,1022.41,34.65,639.23
416,130,85,269,388,15.26,1022.42,34.63,640.45
417,130,85,269,388,15.26,1022.42,34.63,640.45
418,129,85,269,388,15.26,1022.41,34.63,639.23
419,129,85,269,388,15.25,1022.41,34.63,639.23
420,129,85,270,388,15.25,1022.40,34.63,638.01
421,129,85,269,389,15.25,1022.41,34.61,635.60
422,129,85,269,388,15.25,1022.41,34.61,640.45
423,129,85,270,388,15.25,1022.41,34.60,638.62
424,129,84,269,388,15.25,1022.42,34.61,638.01
425,129,85,269,388,15.25,1022.41,34.60,635.60
426,130,84,269,389,15.25,1022.41,34.60,640.45
427,130,85,270,388,15.25,1022.40,34.60,640.45
428,130,85,270,388,15.25,1022.41,34.60,641.67
429,129,85,270,389,15.25,1022.41,34.60,638.01
430,129,85,270,388,15.25,1022.41,34.59,642.28
431,130,85,270,389,15.24,1022.41,34.59,638.01
432,130,85,270,389,15.24,1022.41,34.58,639.84
433,130,85,270,389,15.24,1022.41,34.59,633.20
434,130,85,270,389,15.24,1022.41,34.57,642.28
435,130,85,270,389,15.24,1022.41,34.57,638.62
436,130,85,269,388,15.24,1022.41,34.57,638.01
437,130,85,270,389,15.24,1022.41,34.56,639.23
438,129,85,269,388,15.24,1022.41,34.58,640.45
439,130,85,270,388,15.24,1022.41,34.57,639.84
440,130,86,270,389,15.24,1022.41,34.56,638.62
441,129,85,270,389,15.24,1022.42,34.56,639.23
442,130,85,270,388,15.24,1022.41,34.56,643.51
443,129,85,271,388,15.24,1022.41,34.56,639.23
444,130,85,270,389,15.24,1022.41,34.56,639.23
445,130,85,269,389,15.23,1022.42,34.55,638.01
446,129,85,270,388,15.23,1022.42,34.54,634.40
447,130,85,270,389,15.23,1022.41,34.55,638.01
448,130,85,270,389,15.23,1022.41,34.54,638.01
449,129,85,270,388,15.23,1022.41,34.53,642.90
450,130,85,270,388,15.23,1022.41,34.53,637.41
451,130,86,270,389,15.23,1022.41,34.53,636.80
452,130,85,270,389,15.23,1022.42,34.52,642.90
453,130,85,270,388,15.23,1022.42,34.52,636.20
454,129,85,269,389,15.23,1022.42,34.52,637.41
455,130,86,271,389,15.23,1022.42,34.52,636.20
456,130,85,270,389,15.22,1022.42,34.52,634.40
457,130,85,269,389,15.22,1022.42,34.51,638.01
458,130,85,270,390,15.22,1022.42,34.52,637.41
459,130,85,271,389,15.22,1022.42,34.51,636.20
460,130,85,271,389,15.22,1022.42,34.51,636.80
461,130,86,271,389,15.22,1022.43,34.51,639.23
462,129,85,270,389,15.22,1022.43,34.51,636.20
463,130,85,270,389,15.22,1022.42,34.51,640.45
464,130,86,271,389,15.22,1022.42,34.50,635.60
465,130,85,271,389,15.22,1022.42,34.49,642.28
466,130,85,271,390,15.22,1022.42,34.50,636.80
467,129,85,271,390,15.21,1022.42,34.50,635.60
468,130,86,271,390,15.21,1022.42,34.49,639.84
469,130,85,271,389,15.21,1022.42,34.49,637.41
470,130,85,271,389,15.21,1022.41,34.49,640.45
471,130,85,270,389,15.21,1022.41,34.49,637.41
472,130,86,271,389,15.21,1022.41,34.49,635.60
473,130,86,270,389,15.21,1022.41,34.48,640.45
474,130,86,271,390,15.21,1022.41,34.48,636.80
475,130,85,270,389,15.21,1022.41,34.47,635.00
476,130,85,271,390,15.21,1022.41,34.48,637.41
477,130,85,271,390,15.21,1022.40,34.47,633.20
478,130,85,271,390,15.20,1022.41,34.47,638.62
479,130,86,271,390,15.20,1022.41,34.46,641.06
480,130,85,271,390,15.20,1022.41,34.47,636.80
481,130,85,270,390,15.20,1022.41,34.46,633.20
482,130,86,271,390,15.20,1022.41,34.47,635.60
483,130,85,270,390,15.20,1022.41,34.47,635.60
484,130,86,271,390,15.20,1022.41,34.46,634.40
485,130,85,270,389,15.20,1022.42,34.46,635.60
486,130,85,271,390,15.20,1022.41,34.47,635.60
487,130,85,271,390,15.20,1022.42,34.46,640.45
488,130,86,271,390,15.20,1022.41,34.45,636.80
489,130,85,270,389,15.20,1022.41,34.44,632.61
490,130,85,271,390,15.19,1022.41,34.44,635.00
491,130,85,271,390,15.19,1022.41,34.45,636.20
492,130,86,271,390,15.19,1022.41,34.44,633.20
493,129,86,271,391,15.19,1022.40,34.44,633.20
494,131,86,270,390,15.19,1022.40,34.43,633.80
495,130,85,270,390,15.19,1022.40,34.45,633.20
496,130,85,271,390,15.19,1022.41,34.44,640.45
497,130,86,271,390,15.19,1022.41,34.44,632.01
498,130,85,271,390,15.19,1022.42,34.43,636.20
499,130,85,271,390,15.19,1022.41,34.44,638.01
500,130,86,271,390,15.19,1021.88,34.43,634.40
501,128,84,269,388,15.18,1021.38,34.42,637.41
502,124,84,266,387,15.18,1021.00,34.42,642.90
503,121,83,264,385,15.17,1020.72,34.42,645.99
504,119,83,263,384,15.16,1020.50,34.40,654.16
505,117,83,262,382,15.15,1020.33,34.40,659.30
506,115,83,261,381,15.14,1020.21,34.39,663.21
507,113,82,260,380,15.14,1020.12,34.36,672.50
508,111,82,259,379,15.13,1020.05,34.32,676.56
509,110,82,259,377,15.13,1020.00,34.31,682.06
510,109,82,258,377,15.12,1019.96,34.28,688.35
511,108,82,257,376,15.12,1019.94,34.24,688.35
512,108,82,257,375,15.12,1019.91,34.20,695.47
513,106,82,256,374,15.11,1019.89,34.16,699.09
514,105,82,256,374,15.11,1019.87,34.12,699.09
515,105,81,254,373,15.11,1019.86,34.07,704.22
516,104,81,254,373,15.11,1019.85,34.03,705.70
517,104,81,254,372,15.11,1019.84,33.97,705.70
518,104,81,254,372,15.10,1019.84,33.93,710.18
519,103,81,253,371,15.10,1019.84,33.88,710.93
520,103,80,253,370,15.10,1019.84,33.84,712.44
521,103,81,252,370,15.10,1019.83,33.79,715.47
522,103,81,251,369,15.10,1019.83,33.74,718.53
523,102,80,251,370,15.10,1019.82,33.71,718.53
524,102,81,251,368,15.10,1019.83,33.64,720.07
525,101,80,251,368,15.10,1019.83,33.61,723.95
526,101,79,250,368,15.10,1019.82,33.56,724.73
527,102,80,250,368,15.10,1019.83,33.52,723.95
528,101,80,249,367,15.10,1019.83,33.47,726.30
529,101,80,249,367,15.10,1019.82,33.42,726.30
530,101,80,249,366,15.10,1019.82,33.37,727.87
531,101,80,249,366,15.10,1019.82,33.33,727.87
532,100,79,248,365,15.10,1019.82,33.28,729.46
533,100,79,248,366,15.10,1019.82,33.26,734.24
534,100,79,247,366,15.10,1019.82,33.21,727.87
535,100,79,247,364,15.10,1019.81,33.17,732.64
536,100,79,247,364,15.10,1019.82,33.12,733.44
537,99,79,246,364,15.11,1019.82,33.08,734.24
538,99,79,246,365,15.11,1019.82,33.04,732.64
539,99,79,245,364,15.11,1019.81,33.00,739.08
540,100,79,245,364,15.11,1019.81,32.97,735.04
541,99,78,244,363,15.11,1019.82,32.94,739.08
542,99,79,245,363,15.11,1019.82,32.89,735.85
543,99,79,244,363,15.12,1019.82,32.85,734.24
544,98,78,244,362,15.12,1019.82,32.83,739.08
545,99,78,244,363,15.12,1019.83,32.78,739.90
546,99,78,244,362,15.12,1019.82,32.76,744.82
547,99,78,244,362,15.12,1019.81,32.73,739.08
548,99,78,243,362,15.12,1019.80,32.68,741.53
549,99,78,243,362,15.13,1019.80,32.65,743.17
550,98,78,243,362,15.13,1019.80,32.62,739.90
551,99,78,242,361,15.13,1019.79,32.59,742.35
552,98,77,242,361,15.13,1019.79,32.54,741.53
553,99,77,242,362,15.13,1019.79,32.52,744.82
554,98,77,242,361,15.13,1019.79,32.49,742.35
555,98,78,241,360,15.14,1019.79,32.46,744.00
556,98,77,241,361,15.14,1019.79,32.43,742.35
557,98,78,241,361,15.14,1019.79,32.41,743.17
558,97,77,241,361,15.14,1019.80,32.37,744.00
559,97,77,241,361,15.14,1019.80,32.33,749.81
560,98,77,240,361,15.15,1019.80,32.32,744.00
561,98,77,240,361,15.15,1019.80,32.29,747.31
562,97,77,240,360,15.15,1019.80,32.26,745.65
563,97,76,240,360,15.15,1019.80,32.24,744.00
564,97,77,240,360,15.15,1019.79,32.21,748.97
565,97,77,240,360,15.16,1019.80,32.18,748.14
566,97,76,239,360,15.16,1019.80,32.15,750.64
567,97,76,239,360,15.16,1019.80,32.12,746.48
568,96,77,239,360,15.16,1019.80,32.12,749.72
569,96,76,238,360,15.17,1019.80,32.08,748.14
570,97,76,238,360,15.17,1019.81,32.05,744.82
571,97,76,239,360,15.17,1019.81,32.04,746.48
572,97,77,238,360,15.17,1019.81,32.03,747.31
573,97,76,237,359,15.17,1019.80,31.99,751.82
574,96,76,238,359,15.18,1019.80,31.98,747.31
575,97,76,237,359,15.18,1019.79,31.94,744.82
576,96,76,237,359,15.18,1019.79,31.93,746.48
577,97,76,237,358,15.18,1019.79,31.91,751.40
578,96,77,236,359,15.18,1019.79,31.89,746.48
579,96,76,237,359,15.19,1019.79,31.86,750.14
580,96,76,237,359,15.19,1019.78,31.85,751.82
581,96,76,237,359,15.19,1019.77,31.84,752.24
582,96,76,236,359,15.19,1019.77,31.81,747.64
583,96,76,236,359,15.20,1019.78,31.79,750.14
584,96,75,236,359,15.20,1019.77,31.78,748.47
585,96,76,235,359,15.20,1019.77,31.75,747.64
586,96,75,235,358,15.20,1019.78,31.74,750.14
587,96,76,236,358,15.21,1019.77,31.73,748.97
588,96,75,235,358,15.21,1019.77,31.71,749.81
589,95,75,235,358,15.21,1019.77,31.69,750.56
590,96,75,235,358,15.21,1019.77,31.67,748.47
591,95,75,234,358,15.21,1019.78,31.64,755.19
592,96,75,235,358,15.22,1019.78,31.63,750.56
593,96,75,234,359,15.22,1019.78,31.61,748.05
594,96,75,234,358,15.22,1019.78,31.59,752.66
595,95,75,234,358,15.22,1019.78,31.56,751.40
596,95,75,235,359,15.23,1019.78,31.57,747.64
597,96,75,234,358,15.23,1019.78,31.54,752.66
598,95,74,234,358,15.23,1019.78,31.52,752.24
599,95,75,234,358,15.23,1019.78,31.52,751.82
600,95,75,233,358,15.23,1019.78,31.50,749.81
601,95,74,233,357,15.24,1019.77,31.48,751.82
602,95,75,232,358,15.24,1019.78,31.47,749.72
603,95,75,233,358,15.24,1019.76,31.46,754.35
604,95,74,233,358,15.24,1019.76,31.44,751.40
605,95,74,233,358,15.24,1019.76,31.43,750.98
606,95,74,233,358,15.24,1019.76,31.41,756.89
607,95,74,232,357,15.25,1019.77,31.40,750.56
608,95,74,233,358,15.25,1019.78,31.39,754.35
609,94,74,232,358,15.25,1019.77,31.37,752.24
610,95,74,231,358,15.25,1019.77,31.35,757.32
611,95,74,232,358,15.25,1019.77,31.35,752.66
612,94,73,232,358,15.26,1019.77,31.34,753.50
613,94,74,232,357,15.26,1019.77,31.33,755.19
614,94,74,231,358,15.26,1019.78,31.31,756.47
615,94,74,232,357,15.26,1019.78,31.30,751.82
616,95,73,231,357,15.26,1019.77,31.28,750.56
617,94,74,231,356,15.26,1019.77,31.28,752.24
618,94,74,230,357,15.27,1019.76,31.25,755.19
619,94,74,230,357,15.27,1019.77,31.24,752.24
620,94,74,231,357,15.27,1019.78,31.23,753.50
621,94,74,230,356,15.27,1019.78,31.22,754.35
622,93,74,230,357,15.27,1019.78,31.21,756.89
623,93,74,230,356,15.27,1019.78,31.20,754.35
624,94,74,230,357,15.28,1019.77,31.18,758.60
625,93,73,230,356,15.28,1019.77,31.17,757.75
626,93,74,230,357,15.28,1019.77,31.14,761.18
627,94,73,229,356,15.28,1019.77,31.14,756.89
628,94,73,229,356,15.28,1019.76,31.13,753.50
629,94,73,230,357,15.29,1019.76,31.12,756.04
630,94,73,229,356,15.29,1019.76,31.10,754.77
631,94,73,229,357,15.29,1019.77,31.09,754.35
632,93,73,229,356,15.29,1019.77,31.08,757.32
633,93,73,229,357,15.29,1019.77,31.06,759.46
634,93,73,229,357,15.29,1019.77,31.05,761.18
635,93,73,228,357,15.30,1019.77,31.04,759.46
636,93,73,229,356,15.30,1019.77,31.04,759.46
637,93,73,228,356,15.30,1019.77,31.02,756.89
638,93,73,228,357,15.30,1019.77,31.01,758.60
639,94,73,229,356,15.30,1019.77,31.01,753.92
640,93,72,229,356,15.30,1019.77,31.00,759.89
641,93,73,228,356,15.30,1019.76,30.98,753.08
642,92,73,228,356,15.31,1019.76,30.97,753.92
643,93,73,227,356,15.31,1019.77,30.95,757.32
644,93,72,228,356,15.31,1019.76,30.95,756.04
645,93,72,227,356,15.31,1019.76,30.95,759.46
646,93,72,228,356,15.31,1019.76,30.93,758.60
647,93,72,228,357,15.31,1019.77,30.92,756.47
648,93,73,228,356,15.31,1019.76,30.91,760.32
649,93,72,227,356,15.32,1019.77,30.90,758.17
650,93,73,227,356,15.32,1019.76,30.88,758.17
651,93,72,227,357,15.32,1019.76,30.88,753.92
652,93,72,228,357,15.32,1019.76,30.88,757.75
653,92,72,227,356,15.32,1019.75,30.86,754.77
654,93,73,227,356,15.32,1019.75,30.85,754.35
655,93,72,226,357,15.32,1019.74,30.85,757.75
656,93,72,227,357,15.32,1019.76,30.84,757.32
657,92,72,227,357,15.32,1019.76,30.83,759.89
658,93,72,226,357,15.33,1019.76,30.82,758.17
659,93,72,227,358,15.33,1019.76,30.82,757.32
660,92,72,226,356,15.33,1019.75,30.81,759.46
661,93,72,226,356,15.33,1019.76,30.80,755.19
662,93,72,227,356,15.33,1019.76,30.79,755.19
663,93,72,226,357,15.33,1019.76,30.79,755.62
664,93,71,226,356,15.33,1019.76,30.77,762.04
665,93,72,226,357,15.33,1019.76,30.78,759.46
666,93,72,226,356,15.33,1019.75,30.77,755.62
667,92,72,226,357,15.33,1019.76,30.76,754.35
668,93,72,226,356,15.33,1019.77,30.75,755.19
669,93,71,226,357,15.33,1019.77,30.75,755.62
670,92,72,226,357,15.33,1019.77,30.75,754.77
671,93,72,225,357,15.34,1019.78,30.74,757.75
672,93,71,226,357,15.34,1019.78,30.74,758.60
673,92,71,226,357,15.34,1019.77,30.74,759.03
674,92,71,225,357,15.34,1019.75,30.72,758.60
675,92,72,225,356,15.34,1019.75,30.72,756.04
676,92,71,225,356,15.34,1019.75,30.70,760.32
677,91,71,224,357,15.34,1019.76,30.71,762.04
678,92,71,225,357,15.34,1019.76,30.70,756.04
679,93,71,225,357,15.34,1019.75,30.69,756.89
680,93,71,224,357,15.34,1019.75,30.69,760.32
681,93,71,225,356,15.34,1019.75,30.69,758.17
682,92,72,225,357,15.34,1019.76,30.68,757.75
683,93,71,224,357,15.34,1019.76,30.68,755.19
684,93,71,224,357,15.34,1019.76,30.68,756.47
685,92,71,225,357,15.35,1019.76,30.66,756.89
686,92,71,224,357,15.35,1019.76,30.66,759.46
687,92,71,224,357,15.35,1019.75,30.66,757.75
688,93,71,224,356,15.35,1019.76,30.66,762.90
689,92,71,225,357,15.35,1019.76,30.65,757.32
690,93,71,225,357,15.35,1019.75,30.64,755.19
691,93,71,225,356,15.35,1019.75,30.64,758.60
692,93,71,225,357,15.35,1019.76,30.65,758.60
693,93,71,224,357,15.35,1019.76,30.63,756.89
694,93,71,224,357,15.35,1019.75,30.64,758.60
695,93,71,224,357,15.35,1019.76,30.63,762.04
696,92,71,224,357,15.35,1019.76,30.63,761.18
697,92,71,223,356,15.35,1019.77,30.63,757.75
698,92,70,223,357,15.35,1019.75,30.63,758.60
699,92,71,223,356,15.36,1019.75,30.63,758.17
700,92,71,222,356,15.36,1019.75,30.62,754.35
701,92,71,223,357,15.36,1019.75,30.63,757.75
702,93,71,223,356,15.36,1019.75,30.60,756.04
703,92,70,223,357,15.36,1019.74,30.60,754.35
704,92,70,222,357,15.36,1019.75,30.60,756.04
705,92,70,223,357,15.36,1019.75,30.60,757.75
706,92,70,223,356,15.36,1019.75,30.59,758.17
707,92,71,222,357,15.36,1019.74,30.60,756.89
708,92,70,223,356,15.36,1019.74,30.59,760.32
709,92,71,222,357,15.36,1019.76,30.59,760.32
710,92,70,223,357,15.36,1019.77,30.58,759.46
711,91,71,222,357,15.36,1019.77,30.58,754.35
712,92,70,223,356,15.36,1019.75,30.57,760.75
713,92,70,222,357,15.36,1019.75,30.57,763.34
714,92,70,223,357,15.36,1019.75,30.56,755.19
715,92,70,222,356,15.36,1019.75,30.57,762.90
716,92,70,222,356,15.37,1019.75,30.56,758.60
717,92,71,222,356,15.37,1019.75,30.55,759.46
718,92,70,221,356,15.37,1019.75,30.55,754.35
719,92,70,221,356,15.37,1019.75,30.55,764.20
720,92,70,221,357,15.37,1019.76,30.54,756.89
721,92,70,222,357,15.37,1019.75,30.54,756.04
722,92,69,222,357,15.37,1019.76,30.53,758.60
723,92,70,221,357,15.37,1019.76,30.53,758.60
724,91,70,221,357,15.37,1019.77,30.52,763.34
725,91,70,221,356,15.37,1019.77,30.52,762.47
726,92,70,221,357,15.37,1019.76,30.51,762.47
727,91,69,221,356,15.37,1019.75,30.51,760.75
728,92,70,221,356,15.37,1019.74,30.50,756.89
729,91,69,221,356,15.37,1019.75,30.49,767.26
730,91,70,220,357,15.37,1019.75,30.49,757.75
731,91,70,221,356,15.37,1019.76,30.49,756.47
732,92,69,220,357,15.37,1019.76,30.48,764.64
733,91,70,220,356,15.37,1019.76,30.48,761.18
734,92,70,220,356,15.37,1019.77,30.48,763.34
735,91,70,220,356,15.37,1019.78,30.48,765.51
736,92,69,220,357,15.37,1019.78,30.47,764.64
737,91,70,221,357,15.37,1019.76,30.46,764.64
738,91,69,220,356,15.37,1019.76,30.46,759.03
739,92,69,220,357,15.37,1019.76,30.44,759.03
740,91,70,219,356,15.37,1019.76,30.45,765.51
741,91,69,220,357,15.37,1019.75,30.44,759.46
742,91,70,220,356,15.37,1019.76,30.45,760.75
743,91,69,220,356,15.37,1019.77,30.42,760.32
744,91,69,220,356,15.37,1019.77,30.42,760.75
745,91,70,220,357,15.37,1019.77,30.41,760.32
746,91,70,220,356,15.37,1019.77,30.42,766.82
747,91,69,220,356,15.37,1019.77,30.41,764.64
748,91,69,219,356,15.37,1019.77,30.41,765.51
749,91,70,219,356,15.37,1019.76,30.40,766.38
