Time,NO2,C2H5CH,VOC,CO,Temperature,Pressure,Humidity,Gas Resistance
0,85,62,206,317,14.06,1024.02,32.54,932.09
1,85,62,206,317,14.06,1024.02,32.54,926.95
2,85,62,206,318,14.06,1024.03,32.55,931.44
3,85,62,206,318,14.06,1024.02,32.53,934.68
4,85,62,206,318,14.06,1024.04,32.53,932.73
5,85,62,206,318,14.06,1024.02,32.53,928.87
6,85,62,205,318,14.06,1024.04,32.52,934.68
7,85,62,206,317,14.06,1024.02,32.51,934.68
8,85,62,206,317,14.06,1024.04,32.51,927.59
9,85,62,206,318,14.06,1024.03,32.51,932.09
10,85,62,205,317,14.06,1024.03,32.51,929.51
11,85,62,206,318,14.06,1024.03,32.50,933.38
12,85,62,206,317,14.06,1024.03,32.48,931.44
13,85,61,205,318,14.06,1024.04,32.50,933.38
14,85,62,205,317,14.06,1024.03,32.48,932.09
15,85,61,205,317,14.06,1024.05,32.49,934.03
16,85,62,206,317,14.06,1024.03,32.48,935.98
17,85,62,206,317,14.06,1024.04,32.48,929.51
18,84,61,205,318,14.06,1024.03,32.46,926.31
19,85,62,205,318,14.06,1024.04,32.46,928.87
20,84,62,204,318,14.06,1024.03,32.46,934.68
21,85,62,205,318,14.06,1024.04,32.46,931.44
22,85,62,205,317,14.06,1024.04,32.45,935.98
23,85,62,205,318,14.06,1024.03,32.44,930.79
24,85,62,205,318,14.06,1024.04,32.44,928.23
25,85,61,204,317,14.06,1024.03,32.44,939.90
26,84,61,205,317,14.06,1024.04,32.42,935.33
27,85,62,205,317,14.06,1024.03,32.42,936.63
28,85,62,205,317,14.06,1024.04,32.41,935.98
29,84,62,204,317,14.06,1024.04,32.41,935.98
30,85,62,205,318,14.06,1024.05,32.41,931.44
31,85,62,205,318,14.06,1024.03,32.40,938.59
32,85,61,205,318,14.06,1024.04,32.41,931.44
33,85,61,204,317,14.06,1024.03,32.39,938.59
34,84,62,204,318,14.06,1024.05,32.38,932.73
35,85,62,205,318,14.06,1024.04,32.38,932.73
36,84,61,205,318,14.06,1024.04,32.38,937.28
37,84,61,204,317,14.06,1024.03,32.37,926.95
38,85,61,205,317,14.06,1024.04,32.37,937.28
39,85,62,204,318,14.06,1024.05,32.36,931.44
40,85,61,204,317,14.06,1024.03,32.36,934.03
41,85,61,204,318,14.06,1024.04,32.36,941.22
42,84,61,204,317,14.06,1024.03,32.35,933.38
43,84,61,205,317,14.06,1024.05,32.36,936.63
44,84,62,204,317,14.06,1024.04,32.35,935.98
45,85,62,205,317,14.06,1024.06,32.33,933.38
46,85,61,204,317,14.06,1024.03,32.34,937.93
47,85,61,204,317,14.06,1024.05,32.33,930.79
48,84,61,203,318,14.06,1024.03,32.32,934.68
49,85,61,204,317,14.06,1024.04,32.32,932.09
50,84,61,204,318,14.06,1024.03,32.32,936.63
51,85,62,204,317,14.06,1024.03,32.32,933.38
52,84,61,204,317,14.06,1024.02,32.32,932.73
53,85,61,204,317,14.06,1024.02,32.31,939.90
54,84,61,204,318,14.06,1024.03,32.31,930.15
55,84,61,204,317,14.06,1024.03,32.31,932.73
56,84,61,203,317,14.06,1024.03,32.30,935.98
57,84,61,203,317,14.06,1024.03,32.29,937.28
58,85,61,203,317,14.06,1024.03,32.30,932.73
59,85,61,203,317,14.06,1024.02,32.30,933.38
60,84,61,204,317,14.06,1024.03,32.28,934.68
61,84,61,203,317,14.06,1024.02,32.27,937.28
62,84,61,203,317,14.06,1024.03,32.27,934.68
63,84,61,203,317,14.06,1024.02,32.26,934.68
64,84,61,203,317,14.06,1024.03,32.27,934.68
65,84,61,204,318,14.06,1024.04,32.26,938.59
66,84,61,203,317,14.06,1024.02,32.26,937.28
67,84,61,203,317,14.06,1024.03,32.26,936.63
68,84,61,202,318,14.06,1024.02,32.24,937.93
69,84,61,203,318,14.06,1024.03,32.24,942.54
70,84,61,203,317,14.06,1024.02,32.24,939.90
71,84,61,203,317,14.06,1024.03,32.23,932.73
72,84,61,203,317,14.06,1024.03,32.22,938.59
73,84,61,203,318,14.06,1024.02,32.23,939.25
74,84,60,203,318,14.06,1024.03,32.21,939.90
75,84,61,203,317,14.06,1024.01,32.21,933.38
76,83,61,202,317,14.06,1024.03,32.21,938.59
77,84,61,203,317,14.06,1024.00,32.20,942.54
78,84,61,203,317,14.06,1024.02,32.20,944.52
79,84,61,203,317,14.06,1024.02,32.19,943.20
80,83,61,202,316,14.06,1024.02,32.19,943.20
81,84,60,203,317,14.06,1024.02,32.17,939.25
82,83,61,203,317,14.06,1024.02,32.18,939.25
83,84,61,203,317,14.06,1024.04,32.17,937.93
84,84,60,203,317,14.06,1024.02,32.17,940.56
85,84,61,203,317,14.06,1024.03,32.16,939.25
86,84,61,203,317,14.06,1024.02,32.16,939.90
87,84,61,202,317,14.06,1024.03,32.15,934.68
88,83,61,202,316,14.06,1024.04,32.15,935.98
89,84,61,203,317,14.06,1024.03,32.15,939.90
90,84,61,202,317,14.06,1024.04,32.14,944.52
91,84,60,203,317,14.06,1024.03,32.14,942.54
92,84,61,203,317,14.06,1024.04,32.14,943.20
93,84,61,202,317,14.06,1024.03,32.13,942.54
94,84,61,203,317,14.06,1024.03,32.13,932.09
95,84,60,203,318,14.06,1024.03,32.12,939.25
96,84,60,202,317,14.06,1024.03,32.13,945.85
97,84,60,202,318,14.06,1024.04,32.11,938.59
98,84,61,202,317,14.06,1024.03,32.13,937.28
99,84,61,202,317,14.06,1024.05,32.12,939.90
100,84,61,203,317,14.06,1024.03,32.12,939.25
101,84,60,202,318,14.06,1024.03,32.10,941.22
102,84,60,202,318,14.06,1024.03,32.10,939.25
103,84,61,202,318,14.06,1024.04,32.09,934.68
104,84,61,202,317,14.06,1024.04,32.10,941.22
105,84,60,201,318,14.06,1024.03,32.10,938.59
106,84,61,202,317,14.06,1024.05,32.10,932.09
107,83,61,202,317,14.06,1024.04,32.09,938.59
108,84,60,203,318,14.06,1024.05,32.10,935.33
109,84,61,203,317,14.06,1024.03,32.09,938.59
110,84,61,202,318,14.06,1024.04,32.09,942.54
111,84,61,202,318,14.06,1024.03,32.08,939.90
112,84,60,202,317,14.06,1024.02,32.09,936.63
113,84,60,202,318,14.06,1024.03,32.09,938.59
114,84,61,202,318,14.06,1024.02,32.08,942.54
115,84,61,202,318,14.06,1024.04,32.09,939.90
116,84,60,202,317,14.06,1024.03,32.08,939.90
117,83,61,202,318,14.06,1024.04,32.08,937.28
118,84,60,201,318,14.06,1024.03,32.06,941.22
119,84,60,202,317,14.06,1024.03,32.08,941.22
120,84,60,202,317,14.06,1024.04,32.08,937.93
121,84,61,202,318,14.06,1024.04,32.07,937.28
122,84,60,202,317,14.06,1024.05,32.08,935.33
123,84,61,203,319,14.06,1024.03,32.09,932.73
124,87,62,204,320,14.06,1024.04,32.07,928.87
125,88,62,207,322,14.06,1024.03,32.07,913.72
126,90,63,209,325,14.06,1024.03,32.09,904.50
127,92,65,211,326,14.07,1024.04,32.13,887.79
128,95,65,213,329,14.07,1024.03,32.16,868.30
129,97,66,214,331,14.07,1024.04,32.23,858.88
130,100,66,216,333,14.07,1024.04,32.32,836.44
131,103,66,217,337,14.07,1024.05,32.44,828.71
132,105,66,219,338,14.08,1024.06,32.57,815.64
133,106,67,220,340,14.08,1024.05,32.73,804.42
134,108,67,221,342,14.08,1024.07,32.91,791.64
135,110,68,222,343,14.09,1024.06,33.11,778.81
136,112,68,223,345,14.09,1024.07,33.33,772.10
137,113,68,224,346,14.09,1024.06,33.56,764.64
138,114,68,225,348,14.09,1024.06,33.82,753.50
139,115,68,226,349,14.09,1024.07,34.09,747.31
140,117,69,226,350,14.09,1024.14,34.34,739.08
141,118,69,228,352,14.10,1024.22,34.65,730.25
142,118,69,229,353,14.10,1024.28,34.95,722.39
143,119,68,228,354,14.10,1024.32,35.25,717.76
144,119,69,229,355,14.10,1024.35,35.56,711.68
145,119,69,229,355,14.11,1024.38,35.88,709.43
146,119,68,230,356,14.11,1024.40,36.20,707.19
147,119,69,230,356,14.11,1024.42,36.52,707.19
148,119,68,230,357,14.12,1024.43,36.84,697.64
149,119,68,230,357,14.12,1024.44,37.14,699.09
150,118,68,230,358,14.13,1024.44,37.45,694.04
151,118,68,231,359,14.13,1024.45,37.75,693.32
152,118,68,230,359,14.14,1024.45,38.04,688.35
153,118,68,231,359,14.15,1024.46,38.33,689.05
154,117,68,230,360,14.15,1024.46,38.60,686.24
155,117,69,231,361,14.16,1024.46,38.87,686.24
156,117,68,231,361,14.16,1024.46,39.12,682.75
157,116,68,231,360,14.17,1024.45,39.38,684.14
158,116,68,231,361,14.17,1024.45,39.62,677.25
159,117,68,231,362,14.17,1024.45,39.86,679.30
160,116,68,231,361,14.18,1024.46,40.09,682.06
161,116,68,231,362,14.19,1024.46,40.29,678.61
162,115,68,231,363,14.19,1024.47,40.50,673.85
163,115,68,231,363,14.20,1024.47,40.71,679.30
164,114,69,231,363,14.20,1024.47,40.88,673.85
165,115,68,231,363,14.20,1024.47,41.06,675.20
166,114,68,231,364,14.21,1024.47,41.27,673.85
167,114,69,230,364,14.21,1024.47,41.43,675.20
168,114,68,231,364,14.22,1024.46,41.59,671.16
169,114,68,230,364,14.22,1024.46,41.74,671.16
170,114,68,231,363,14.22,1024.46,41.88,675.88
171,113,68,231,365,14.23,1024.46,42.02,671.16
172,114,68,231,365,14.23,1024.46,42.16,672.50
173,113,68,231,365,14.24,1024.47,42.28,669.82
174,113,68,231,365,14.24,1024.47,42.40,669.82
175,113,68,231,365,14.24,1024.48,42.52,667.16
176,113,68,231,365,14.25,1024.47,42.63,667.16
177,112,68,231,365,14.25,1024.47,42.74,664.52
178,112,68,231,366,14.25,1024.46,42.84,669.82
179,112,68,231,365,14.26,1024.46,42.93,669.15
180,112,68,231,366,14.26,1024.46,43.03,669.82
181,111,68,231,367,14.26,1024.46,43.11,668.49
182,112,68,231,366,14.27,1024.47,43.18,669.82
183,111,68,231,367,14.27,1024.47,43.26,667.16
184,112,68,232,366,14.27,1024.48,43.33,663.21
185,112,69,231,366,14.28,1024.48,43.38,666.50
186,111,68,231,367,14.28,1024.48,43.46,669.15
187,111,68,231,367,14.28,1024.47,43.53,667.16
188,110,68,231,367,14.28,1024.48,43.59,668.49
189,111,68,231,367,14.29,1024.48,43.63,661.90
190,110,69,231,368,14.29,1024.47,43.67,661.90
191,110,68,231,368,14.29,1024.48,43.73,663.21
192,110,68,231,368,14.29,1024.48,43.79,667.16
193,110,68,231,367,14.30,1024.47,43.82,663.86
194,110,68,231,368,14.30,1024.47,43.85,667.16
195,110,68,231,368,14.30,1024.48,43.90,667.82
196,109,68,232,367,14.30,1024.47,43.92,661.90
197,110,68,231,368,14.31,1024.48,43.95,664.52
198,109,68,231,367,14.31,1024.48,43.97,664.52
199,109,68,231,368,14.31,1024.48,43.99,662.55
200,109,68,231,368,14.31,1024.49,44.02,666.50
201,109,68,231,368,14.32,1024.48,44.04,665.84
202,109,68,231,368,14.32,1024.49,44.06,663.86
203,109,69,231,368,14.32,1024.50,44.07,664.52
204,109,68,231,368,14.32,1024.50,44.10,664.52
205,109,68,232,368,14.32,1024.50,44.10,660.60
206,109,68,231,369,14.32,1024.49,44.12,659.30
207,109,68,231,368,14.33,1024.50,44.12,666.50
208,109,68,231,369,14.33,1024.50,44.13,662.55
209,109,68,231,369,14.33,1024.50,44.14,671.16
210,109,68,231,369,14.33,1024.49,44.14,663.86
211,109,68,231,369,14.33,1024.49,44.15,660.60
212,109,68,231,368,14.33,1024.49,44.16,667.16
213,108,68,231,369,14.33,1024.50,44.16,660.60
214,108,68,231,369,14.34,1024.50,44.15,665.84
215,109,69,231,369,14.34,1024.49,44.15,663.86
216,108,69,231,369,14.34,1024.49,44.13,665.84
217,108,69,231,369,14.34,1024.50,44.15,661.90
218,109,68,231,369,14.34,1024.50,44.15,663.21
219,109,69,230,369,14.34,1024.49,44.13,663.86
220,109,68,231,369,14.34,1024.49,44.12,665.18
221,108,68,231,369,14.35,1024.49,44.14,667.16
222,108,69,231,369,14.35,1024.50,44.12,660.60
223,108,69,230,369,14.35,1024.50,44.11,665.84
224,108,68,231,370,14.35,1024.50,44.09,669.82
225,109,68,231,370,14.35,1024.50,44.09,663.21
226,109,69,231,369,14.35,1024.50,44.08,661.90
227,108,69,231,369,14.35,1024.50,44.07,663.21
228,108,69,231,369,14.35,1024.50,44.06,663.21
229,108,68,231,369,14.36,1024.49,44.04,663.86
230,108,68,232,369,14.36,1024.49,44.02,661.90
231,108,69,231,370,14.36,1024.51,44.02,661.90
232,107,68,231,369,14.36,1024.50,44.01,659.30
233,108,68,231,370,14.36,1024.51,43.98,660.60
234,108,68,231,370,14.36,1024.50,43.97,663.86
235,107,68,231,370,14.36,1024.50,43.97,661.90
236,107,69,231,369,14.36,1024.50,43.95,667.16
237,108,68,231,369,14.36,1024.51,43.93,663.21
238,108,68,231,370,14.37,1024.50,43.92,660.60
239,108,68,231,369,14.37,1024.51,43.90,656.72
240,108,69,231,369,14.37,1024.51,43.89,661.90
241,108,68,232,370,14.37,1024.51,43.86,665.18
242,107,69,232,370,14.37,1024.51,43.85,665.18
243,108,69,231,370,14.37,1024.51,43.83,663.21
244,108,68,231,369,14.37,1024.50,43.81,662.55
245,107,69,231,370,14.37,1024.50,43.80,663.86
246,107,69,231,370,14.37,1024.50,43.77,669.82
247,107,69,231,370,14.37,1024.50,43.75,664.52
248,107,69,231,370,14.38,1024.50,43.74,661.90
249,108,68,231,370,14.38,1024.50,43.72,664.52
250,107,68,231,370,14.38,1024.51,43.69,664.52
251,107,68,232,370,14.38,1024.51,43.69,667.82
252,107,68,231,369,14.38,1024.51,43.66,662.55
253,107,69,232,370,14.38,1024.51,43.65,660.60
254,107,68,231,370,14.38,1024.51,43.63,661.25
255,108,69,231,370,14.38,1024.50,43.60,661.90
256,108,69,232,369,14.38,1024.50,43.57,665.18
257,108,68,232,370,14.39,1024.50,43.57,661.90
258,107,69,232,370,14.39,1024.50,43.54,663.21
259,108,68,232,369,14.39,1024.50,43.53,663.21
260,107,69,232,370,14.39,1024.50,43.49,663.21
261,107,69,232,370,14.39,1024.51,43.48,659.30
262,107,69,231,370,14.39,1024.51,43.45,660.60
263,107,69,232,370,14.39,1024.51,43.45,660.60
264,107,69,231,370,14.39,1024.51,43.42,663.86
265,107,68,231,370,14.39,1024.50,43.40,665.18
266,107,69,231,370,14.39,1024.50,43.38,659.95
267,108,69,231,370,14.39,1024.51,43.36,660.60
268,107,68,231,370,14.39,1024.50,43.34,667.16
269,107,69,231,369,14.40,1024.51,43.31,663.21
270,107,69,231,370,14.40,1024.50,43.30,665.18
271,107,69,231,370,14.40,1024.50,43.28,663.86
272,107,68,231,370,14.40,1024.50,43.25,660.60
273,107,68,232,370,14.40,1024.50,43.23,660.60
274,107,69,231,370,14.40,1024.50,43.21,669.15
275,107,69,231,370,14.40,1024.50,43.19,661.90
276,107,69,232,370,14.40,1024.50,43.19,660.60
277,107,68,232,370,14.40,1024.50,43.16,662.55
278,107,69,232,371,14.40,1024.50,43.13,659.95
279,107,68,231,370,14.40,1024.50,43.12,663.21
280,107,69,231,370,14.40,1024.51,43.11,663.21
281,107,69,231,370,14.41,1024.51,43.08,663.21
282,108,68,231,370,14.41,1024.51,43.05,663.86
283,108,69,232,370,14.41,1024.51,43.06,658.65
284,107,68,231,370,14.41,1024.51,43.03,664.52
285,107,69,232,370,14.41,1024.51,43.01,661.90
286,107,69,232,370,14.41,1024.51,42.99,661.25
287,107,69,231,370,14.41,1024.51,42.96,660.60
288,107,69,232,370,14.41,1024.51,42.95,660.60
289,107,69,232,370,14.41,1024.51,42.93,661.90
290,107,69,232,370,14.41,1024.52,42.90,663.21
291,107,69,231,370,14.41,1024.52,42.88,663.21
292,107,69,232,371,14.41,1024.52,42.87,661.90
293,107,68,232,370,14.41,1024.51,42.84,660.60
294,107,69,232,369,14.41,1024.52,42.83,660.60
295,107,68,232,370,14.41,1024.51,42.81,663.21
296,107,69,232,371,14.42,1024.51,42.80,663.21
297,107,69,232,370,14.42,1024.50,42.78,667.16
298,108,68,232,370,14.42,1024.51,42.75,662.55
299,107,69,232,370,14.42,1024.51,42.75,667.82
300,107,68,232,370,14.42,1024.50,42.71,662.55
301,107,68,232,370,14.42,1024.50,42.69,663.21
302,108,68,232,370,14.42,1024.50,42.66,663.21
303,107,69,232,370,14.42,1024.50,42.66,662.55
304,107,69,232,370,14.42,1024.50,42.63,663.86
305,108,69,232,371,14.42,1024.50,42.62,658.01
306,107,69,232,370,14.42,1024.50,42.59,659.30
307,107,69,232,371,14.42,1024.50,42.59,664.52
308,107,69,232,370,14.42,1024.50,42.57,660.60
309,107,69,232,371,14.42,1024.50,42.54,660.60
310,107,69,232,371,14.42,1024.50,42.53,660.60
311,107,69,232,370,14.42,1024.49,42.51,661.90
312,108,68,233,371,14.43,1024.50,42.49,659.30
313,107,69,232,370,14.43,1024.50,42.48,667.82
314,107,69,232,370,14.43,1024.50,42.46,661.25
315,107,69,233,370,14.43,1024.50,42.45,660.60
316,107,69,232,370,14.43,1024.51,42.43,662.55
317,107,69,232,370,14.43,1024.51,42.41,658.65
318,108,69,233,371,14.43,1024.50,42.39,660.60
319,107,68,232,371,14.43,1024.50,42.37,662.55
320,107,69,232,370,14.43,1024.51,42.37,660.60
321,107,68,232,371,14.43,1024.50,42.35,661.90
322,108,69,232,370,14.43,1024.50,42.32,658.01
323,107,69,232,370,14.43,1024.50,42.32,656.08
324,107,69,232,370,14.43,1024.50,42.29,658.01
325,107,69,232,370,14.43,1024.51,42.28,663.21
326,108,69,233,371,14.43,1024.51,42.26,656.08
327,107,69,233,371,14.43,1024.51,42.24,658.01
328,108,69,233,370,14.44,1024.50,42.23,661.25
329,107,69,232,371,14.44,1024.50,42.21,660.60
330,108,69,233,371,14.44,1024.50,42.20,660.60
331,108,69,232,371,14.44,1024.49,42.18,661.25
332,107,68,233,370,14.44,1024.50,42.17,661.90
333,107,69,233,371,14.44,1024.50,42.16,659.95
334,108,69,232,370,14.44,1024.50,42.13,654.80
335,108,69,232,371,14.44,1024.50,42.12,661.90
336,108,69,233,370,14.44,1024.50,42.09,663.21
337,107,69,232,370,14.44,1024.50,42.09,664.52
338,107,69,232,370,14.44,1024.50,42.07,663.21
339,107,69,233,370,14.44,1024.50,42.07,658.65
340,108,69,232,370,14.44,1024.51,42.05,659.95
341,107,69,233,370,14.44,1024.50,42.03,660.60
342,107,69,233,370,14.44,1024.51,42.02,659.30
343,108,69,233,370,14.44,1024.50,42.00,659.95
344,107,69,232,370,14.44,1024.50,41.99,665.18
345,107,69,232,371,14.44,1024.50,41.97,658.65
346,108,69,232,370,14.44,1024.50,41.96,658.01
347,108,69,233,371,14.44,1024.50,41.94,660.60
348,108,68,233,371,14.44,1024.50,41.93,660.60
349,108,68,233,370,14.44,1024.50,41.90,660.60
350,108,69,233,370,14.44,1024.50,41.89,658.65
351,108,69,233,371,14.44,1024.50,41.88,658.01
352,107,70,233,370,14.45,1024.50,41.86,659.30
353,108,70,233,370,14.45,1024.51,41.85,663.21
354,108,69,233,370,14.45,1024.50,41.83,657.37
355,108,69,233,370,14.45,1024.49,41.81,659.95
356,108,69,233,370,14.45,1024.50,41.81,660.60
357,107,69,233,370,14.45,1024.50,41.81,659.95
358,107,69,233,370,14.45,1024.50,41.78,659.30
359,107,69,232,370,14.45,1024.50,41.76,659.95
360,108,69,233,370,14.45,1024.50,41.76,660.60
361,108,70,233,370,14.45,1024.50,41.75,659.30
362,108,69,233,370,14.45,1024.50,41.72,656.72
363,108,69,233,370,14.45,1024.50,41.71,656.72
364,107,69,232,371,14.45,1024.51,41.70,659.30
365,108,69,233,370,14.45,1024.50,41.69,654.80
366,108,69,233,371,14.45,1024.50,41.68,656.08
367,107,69,233,370,14.45,1024.49,41.66,657.37
368,108,69,233,370,14.45,1024.49,41.65,655.44
369,108,69,233,370,14.45,1024.49,41.64,659.30
370,108,69,234,371,14.45,1024.49,41.62,658.01
371,108,69,233,370,14.45,1024.48,41.62,658.65
372,107,69,233,371,14.45,1024.49,41.61,655.44
373,107,68,233,371,14.45,1024.49,41.59,659.95
374,108,70,234,371,14.45,1024.49,41.58,659.95
375,108,70,234,370,14.45,1024.49,41.56,659.30
376,107,70,233,371,14.45,1024.48,41.54,661.90
377,108,69,233,371,14.45,1024.48,41.54,659.95
378,108,69,233,370,14.45,1024.48,41.53,661.25
379,108,70,233,371,14.46,1024.49,41.51,656.08
380,107,70,233,370,14.45,1024.49,41.50,656.08
381,107,69,234,370,14.46,1024.49,41.49,661.90
382,108,69,234,370,14.46,1024.49,41.48,656.08
383,108,69,233,370,14.46,1024.49,41.47,658.65
384,108,69,234,370,14.46,1024.49,41.46,657.37
385,108,70,233,370,14.46,1024.49,41.44,658.01
386,108,69,233,370,14.46,1024.49,41.44,659.30
387,108,70,233,371,14.46,1024.49,41.41,659.30
388,108,69,234,370,14.46,1024.49,41.41,659.95
389,108,70,234,370,14.46,1024.49,41.38,656.72
390,108,70,233,370,14.46,1024.49,41.38,660.60
391,108,69,233,370,14.46,1024.48,41.37,659.95
392,108,69,234,371,14.46,1024.49,41.34,656.72
393,108,70,234,370,14.46,1024.50,41.35,656.72
394,108,69,233,370,14.46,1024.49,41.33,658.65
395,108,70,233,370,14.46,1024.49,41.31,656.08
396,108,70,233,370,14.46,1024.49,41.31,657.37
397,107,69,233,370,14.46,1024.49,41.29,658.65
398,108,69,233,370,14.46,1024.50,41.28,658.65
399,108,70,233,370,14.46,1024.50,41.29,654.16
400,108,70,234,370,14.46,1024.50,41.26,658.01
401,108,69,233,371,14.46,1024.49,41.25,656.08
402,108,70,233,371,14.46,1024.49,41.25,653.53
403,107,69,233,370,14.46,1024.49,41.25,657.37
404,108,70,234,370,14.46,1024.49,41.23,653.53
405,108,70,233,371,14.47,1024.50,41.22,657.37
406,108,70,233,370,14.47,1024.50,41.19,654.80
407,109,69,233,370,14.47,1024.50,41.19,656.72
408,108,70,235,371,14.47,1024.49,41.17,653.53
409,108,69,233,370,14.47,1024.49,41.16,656.72
410,108,69,234,371,14.47,1024.50,41.14,654.80
411,108,70,234,370,14.47,1024.49,41.14,652.89
412,108,70,234,370,14.47,1024.50,41.13,659.30
413,108,70,234,371,14.47,1024.50,41.13,655.44
414,108,70,234,370,14.47,1024.50,41.11,656.08
415,108,70,233,370,14.47,1024.49,41.11,656.72
416,108,70,234,370,14.47,1024.50,41.10,655.44
417,108,70,234,370,14.47,1024.49,41.08,652.26
418,109,70,234,371,14.47,1024.50,41.07,655.44
419,109,70,234,370,14.47,1024.50,41.08,658.01
420,108,70,234,370,14.47,1024.49,41.05,656.08
421,108,70,234,371,14.47,1024.50,41.04,660.60
422,108,70,235,371,14.47,1024.50,41.03,654.80
423,109,70,234,371,14.47,1024.51,41.03,651.00
424,108,70,234,370,14.47,1024.50,41.01,655.44
425,108,69,235,371,14.47,1024.50,41.00,658.01
426,108,69,234,370,14.47,1024.50,40.99,656.08
427,108,69,235,371,14.47,1024.49,41.00,655.44
428,108,70,235,370,14.47,1024.50,40.97,656.08
429,108,70,234,370,14.47,1024.50,40.96,652.89
430,108,70,234,371,14.47,1024.51,40.95,658.01
431,108,70,235,371,14.47,1024.50,40.95,654.80
432,109,70,235,370,14.47,1024.50,40.94,654.80
433,109,70,234,371,14.47,1024.51,40.94,656.08
434,109,70,235,370,14.47,1024.50,40.92,659.30
435,109,70,234,371,14.47,1024.50,40.92,656.72
436,108,70,235,370,14.47,1024.50,40.91,655.44
437,108,70,235,370,14.47,1024.50,40.90,658.01
438,108,70,234,370,14.47,1024.50,40.89,654.80
439,109,69,235,370,14.48,1024.51,40.88,652.89
440,108,70,234,371,14.48,1024.51,40.87,655.44
441,108,70,235,371,14.48,1024.51,40.86,651.63
442,108,69,234,371,14.48,1024.51,40.85,649.11
443,108,70,235,370,14.48,1024.52,40.84,652.89
444,109,69,235,370,14.48,1024.51,40.83,659.30
445,108,70,235,370,14.48,1024.50,40.83,652.89
446,108,70,234,371,14.48,1024.51,40.81,654.16
447,108,70,234,371,14.48,1024.51,40.81,656.72
448,108,70,235,371,14.48,1024.50,40.79,655.44
449,109,69,235,371,14.48,1024.51,40.79,651.00
450,109,70,235,371,14.48,1024.51,40.78,654.80
451,108,70,235,371,14.48,1024.51,40.76,654.16
452,109,70,235,371,14.48,1024.51,40.77,654.80
453,109,70,235,370,14.48,1024.51,40.75,654.16
454,108,70,235,371,14.48,1024.51,40.74,654.16
455,108,70,235,371,14.48,1024.51,40.75,654.80
456,109,70,235,370,14.48,1024.51,40.73,654.16
457,109,70,235,370,14.48,1024.51,40.72,651.63
458,108,70,235,370,14.48,1024.51,40.72,652.26
459,108,70,235,370,14.48,1024.51,40.71,654.16
460,109,69,235,370,14.48,1024.51,40.70,654.80
461,109,70,235,371,14.48,1024.52,40.69,655.44
462,109,70,235,371,14.48,1024.51,40.67,655.44
463,108,70,235,370,14.48,1024.51,40.67,654.16
464,109,70,235,371,14.48,1024.51,40.66,653.53
465,109,70,235,370,14.48,1024.51,40.65,654.80
466,109,70,235,370,14.48,1024.50,40.65,651.63
467,108,70,235,370,14.48,1024.50,40.63,651.63
468,108,70,235,371,14.48,1024.51,40.65,652.89
469,109,70,235,370,14.48,1024.50,40.64,653.53
470,108,70,236,371,14.48,1024.50,40.62,649.74
471,109,70,235,371,14.48,1024.50,40.60,650.37
472,108,70,235,371,14.48,1024.50,40.59,652.89
473,109,70,236,370,14.48,1024.50,40.59,654.80
474,108,70,236,370,14.48,1024.49,40.59,652.89
475,108,70,235,371,14.48,1024.49,40.57,652.26
476,109,69,235,371,14.48,1024.50,40.56,651.63
477,109,70,236,371,14.48,1024.49,40.56,652.89
478,109,70,236,370,14.49,1024.49,40.56,647.86
479,109,70,236,371,14.49,1024.49,40.55,652.89
480,109,70,235,370,14.49,1024.50,40.54,651.63
481,109,70,235,370,14.49,1024.50,40.53,651.63
482,108,70,235,371,14.49,1024.49,40.53,652.26
483,109,70,235,371,14.49,1024.50,40.53,648.48
484,109,70,236,371,14.49,1024.50,40.50,652.89
485,109,69,236,371,14.49,1024.49,40.51,654.16
486,108,70,236,370,14.49,1024.49,40.49,652.89
487,108,70,236,371,14.49,1024.49,40.48,652.26
488,109,71,236,370,14.49,1024.49,40.48,649.11
489,109,70,236,370,14.49,1024.50,40.47,651.63
490,109,70,236,371,14.49,1024.50,40.47,649.74
491,109,70,236,371,14.49,1024.50,40.46,649.74
492,109,70,236,370,14.49,1024.50,40.46,651.00
493,109,70,236,371,14.49,1024.50,40.44,652.89
494,109,70,236,371,14.49,1024.48,40.43,652.26
495,109,70,236,371,14.49,1024.48,40.43,652.26
496,109,70,236,371,14.49,1024.48,40.42,645.99
497,109,70,236,371,14.49,1024.48,40.40,651.00
498,109,70,236,370,14.49,1024.49,40.41,652.89
499,109,71,236,371,14.49,1024.50,40.40,650.37
500,109,71,236,370,14.49,1024.38,40.39,651.63
501,110,70,236,371,14.49,1024.30,40.38,648.48
502,108,70,236,370,14.49,1024.25,40.37,651.63
503,108,70,236,370,14.49,1024.19,40.37,653.53
504,108,70,235,369,14.49,1024.16,40.37,658.01
505,107,70,235,367,14.48,1024.15,40.35,663.86
506,107,69,233,366,14.48,1024.12,40.33,668.49
507,105,69,233,364,14.47,1024.11,40.29,684.84
508,104,69,232,363,14.47,1024.09,40.29,694.04
509,103,68,231,362,14.46,1024.08,40.25,699.09
510,102,69,231,360,14.45,1024.09,40.20,707.93
511,101,68,229,359,14.45,1024.07,40.15,719.30
512,101,68,230,357,14.44,1024.07,40.09,721.62
513,99,68,228,356,14.43,1024.08,40.03,730.25
514,99,68,228,356,14.43,1024.06,39.97,738.27
515,98,68,228,354,14.42,1024.07,39.90,748.14
516,97,68,227,353,14.41,1024.06,39.82,754.77
517,97,68,227,352,14.41,1024.07,39.72,757.75
518,97,68,226,350,14.40,1024.07,39.63,758.60
519,96,68,226,350,14.39,1024.06,39.56,766.38
520,96,68,226,348,14.38,1024.07,39.47,769.01
521,96,67,225,347,14.37,1024.05,39.39,780.62
522,95,67,225,347,14.37,1024.07,39.31,782.43
523,94,68,224,345,14.36,1024.05,39.21,781.98
524,94,68,224,346,14.36,1024.06,39.12,789.32
525,94,67,224,344,14.35,1024.06,39.01,788.86
526,93,67,224,343,14.35,1024.06,38.93,797.75
527,93,67,223,343,14.34,1024.06,38.83,797.27
528,92,67,223,342,14.34,1024.06,38.74,801.07
529,93,67,223,342,14.34,1024.07,38.67,807.32
530,93,66,223,341,14.33,1024.06,38.57,810.73
531,92,67,222,341,14.33,1024.07,38.48,812.20
532,92,67,222,340,14.32,1024.05,38.38,813.67
533,92,66,222,339,14.32,1024.07,38.30,811.22
534,92,67,221,339,14.32,1024.05,38.20,821.62
535,92,67,221,339,14.31,1024.06,38.11,824.14
536,92,66,221,338,14.31,1024.05,38.02,824.14
537,92,67,222,337,14.31,1024.07,37.94,826.17
538,91,66,220,337,14.30,1024.06,37.85,825.15
539,91,66,221,336,14.30,1024.08,37.77,828.71
540,91,66,221,336,14.30,1024.07,37.69,832.82
541,91,66,219,335,14.29,1024.08,37.60,835.92
542,91,67,220,335,14.29,1024.07,37.52,835.40
543,91,66,219,334,14.29,1024.08,37.44,837.48
544,91,66,220,333,14.28,1024.08,37.36,840.62
545,90,66,219,334,14.28,1024.07,37.28,844.85
546,90,67,219,333,14.28,1024.06,37.21,841.15
547,90,66,219,332,14.27,1024.06,37.12,845.38
548,90,66,218,332,14.27,1024.07,37.05,849.12
549,90,66,219,332,14.27,1024.07,36.97,846.44
550,90,66,218,332,14.27,1024.08,36.89,854.51
551,90,66,218,331,14.26,1024.05,36.82,851.80
552,90,66,218,330,14.26,1024.06,36.76,852.88
553,89,65,218,330,14.26,1024.04,36.66,852.88
554,90,66,217,330,14.26,1024.06,36.59,856.14
555,90,66,217,330,14.25,1024.05,36.52,856.69
556,89,66,217,329,14.25,1024.07,36.47,857.23
557,89,65,217,330,14.25,1024.06,36.41,860.52
558,90,66,217,329,14.25,1024.07,36.33,858.33
559,89,66,217,329,14.24,1024.06,36.26,865.51
560,90,65,216,329,14.24,1024.07,36.19,862.18
561,89,65,216,328,14.24,1024.05,36.14,865.51
562,89,66,216,328,14.24,1024.06,36.06,862.18
563,89,65,216,328,14.24,1024.04,36.01,861.63
564,89,65,216,327,14.23,1024.06,35.96,866.62
565,89,65,216,328,14.23,1024.05,35.89,871.11
566,89,65,216,327,14.23,1024.06,35.83,869.99
567,89,65,216,327,14.23,1024.06,35.76,868.30
568,89,64,215,327,14.23,1024.07,35.71,871.68
569,89,65,215,326,14.23,1024.06,35.66,871.68
570,89,66,215,326,14.23,1024.06,35.61,871.11
571,89,65,215,326,14.22,1024.05,35.56,876.22
572,88,65,215,326,14.22,1024.06,35.49,875.08
573,89,65,215,326,14.22,1024.06,35.45,872.24
574,88,65,215,325,14.22,1024.07,35.38,873.38
575,88,65,215,325,14.22,1024.05,35.34,878.51
576,88,65,215,325,14.22,1024.06,35.29,876.22
577,88,65,214,325,14.22,1024.06,35.23,876.79
578,88,65,214,324,14.22,1024.07,35.19,884.29
579,88,65,214,324,14.21,1024.06,35.14,881.97
580,88,65,214,325,14.21,1024.06,35.10,884.87
581,88,65,214,324,14.21,1024.06,35.05,883.12
582,88,64,213,325,14.21,1024.05,35.00,875.08
583,89,65,214,324,14.21,1024.06,34.96,875.65
584,88,65,213,324,14.21,1024.06,34.92,885.45
585,88,65,214,324,14.21,1024.07,34.87,888.37
586,88,65,214,324,14.21,1024.05,34.83,884.87
587,88,65,213,324,14.21,1024.07,34.78,887.20
588,88,65,213,324,14.20,1024.05,34.76,884.87
589,88,65,212,323,14.20,1024.06,34.72,886.62
590,88,64,213,323,14.20,1024.05,34.67,881.97
591,88,64,213,323,14.20,1024.06,34.63,884.29
592,88,64,213,323,14.20,1024.06,34.60,890.14
593,88,65,213,323,14.20,1024.07,34.56,888.37
594,88,65,212,323,14.20,1024.06,34.52,886.62
595,88,65,212,323,14.20,1024.07,34.49,888.37
596,87,65,212,323,14.20,1024.06,34.45,888.37
597,88,64,212,322,14.19,1024.07,34.40,893.69
598,87,64,212,323,14.19,1024.05,34.37,887.20
599,88,64,211,322,14.19,1024.07,34.33,894.28
600,87,64,212,323,14.19,1024.05,34.31,894.88
601,87,64,212,323,14.19,1024.07,34.29,889.55
602,87,64,211,322,14.19,1024.06,34.24,894.88
603,87,64,212,322,14.19,1024.06,34.21,897.26
604,87,65,212,321,14.19,1024.05,34.19,891.32
605,88,65,211,322,14.19,1024.06,34.16,891.91
606,87,64,210,323,14.19,1024.05,34.11,898.46
607,87,64,211,321,14.18,1024.06,34.09,898.46
608,87,64,211,321,14.18,1024.04,34.05,892.50
609,88,64,211,322,14.18,1024.07,34.04,892.50
610,88,64,211,321,14.18,1024.06,34.00,897.86
611,87,64,211,322,14.18,1024.07,33.99,897.26
612,87,64,211,322,14.18,1024.05,33.96,896.67
613,87,64,211,321,14.18,1024.06,33.92,902.08
614,87,64,210,321,14.18,1024.05,33.89,894.88
615,87,64,210,321,14.18,1024.06,33.88,902.08
616,87,64,210,322,14.18,1024.05,33.85,897.86
617,87,63,210,321,14.18,1024.05,33.83,897.26
618,87,64,209,322,14.17,1024.06,33.80,899.06
619,87,63,210,321,14.17,1024.05,33.79,900.87
620,87,64,210,321,14.17,1024.06,33.77,902.08
621,87,63,210,321,14.17,1024.06,33.74,902.08
622,87,64,210,321,14.17,1024.06,33.71,903.29
623,87,64,209,321,14.17,1024.05,33.69,901.47
624,87,63,210,321,14.17,1024.06,33.66,901.47
625,87,64,210,320,14.17,1024.05,33.64,899.06
626,87,63,209,320,14.17,1024.06,33.62,902.68
627,87,64,209,321,14.17,1024.06,33.60,904.50
628,87,64,209,320,14.17,1024.07,33.57,904.50
629,87,63,210,320,14.17,1024.05,33.56,899.66
630,86,64,209,320,14.17,1024.06,33.54,909.40
631,87,63,209,321,14.17,1024.05,33.52,908.17
632,87,63,209,321,14.17,1024.07,33.50,906.95
633,87,63,208,321,14.17,1024.05,33.48,903.29
634,86,63,209,321,14.17,1024.07,33.47,903.29
635,87,64,209,321,14.17,1024.06,33.45,902.68
636,86,64,209,320,14.17,1024.06,33.44,900.87
637,86,64,209,320,14.16,1024.05,33.43,910.63
638,87,64,209,320,14.16,1024.06,33.41,906.95
639,87,63,209,321,14.16,1024.05,33.39,899.66
640,87,64,209,320,14.16,1024.06,33.37,908.78
641,87,63,209,320,14.16,1024.04,33.36,905.72
642,86,63,209,320,14.16,1024.06,33.33,903.29
643,87,63,208,320,14.16,1024.05,33.33,909.40
644,87,63,209,321,14.16,1024.06,33.30,907.56
645,87,63,208,320,14.16,1024.06,33.29,911.25
646,87,63,208,320,14.16,1024.06,33.27,910.63
647,87,63,209,320,14.16,1024.07,33.28,913.10
648,87,64,208,319,14.16,1024.06,33.26,910.63
649,86,63,208,320,14.16,1024.07,33.25,908.78
650,86,63,208,320,14.16,1024.06,33.25,906.95
651,87,64,208,320,14.16,1024.07,33.23,913.72
652,86,62,208,320,14.16,1024.05,33.20,906.95
653,87,63,208,320,14.16,1024.07,33.19,911.86
654,87,63,208,320,14.16,1024.05,33.17,911.25
655,86,63,208,320,14.15,1024.05,33.16,913.10
656,87,62,208,320,14.15,1024.04,33.15,911.86
657,86,63,208,319,14.15,1024.06,33.15,910.63
658,86,62,208,320,14.15,1024.05,33.14,910.01
659,86,63,207,320,14.15,1024.05,33.13,910.63
660,86,63,208,320,14.15,1024.06,33.13,910.63
661,86,62,208,320,14.15,1024.06,33.10,908.78
662,87,63,208,320,14.15,1024.07,33.10,914.34
663,86,63,208,320,14.15,1024.06,33.09,908.17
664,86,63,208,319,14.15,1024.07,33.08,911.86
665,86,63,207,319,14.15,1024.06,33.07,916.84
666,86,63,207,320,14.15,1024.07,33.06,908.17
667,86,63,207,320,14.15,1024.05,33.05,910.63
668,86,63,207,319,14.15,1024.06,33.05,912.48
669,86,63,207,320,14.15,1024.05,33.04,914.34
670,86,63,207,320,14.15,1024.06,33.04,909.40
671,86,63,207,319,14.15,1024.05,33.01,908.78
672,86,62,206,320,14.15,1024.06,33.01,910.01
673,86,63,207,320,14.15,1024.05,33.00,907.56
674,86,62,206,320,14.15,1024.05,33.00,914.34
675,86,62,207,320,14.15,1024.04,32.98,915.59
676,86,63,207,319,14.15,1024.06,32.97,914.34
677,86,63,207,319,14.15,1024.05,32.96,917.46
678,85,63,206,319,14.15,1024.06,32.96,913.10
679,86,63,207,319,14.15,1024.04,32.94,909.40
680,86,63,207,319,14.15,1024.05,32.94,917.46
681,86,63,206,319,14.15,1024.05,32.93,909.40
682,86,63,206,319,14.15,1024.05,32.92,919.97
683,86,63,206,319,14.15,1024.05,32.92,916.84
684,85,63,206,319,14.15,1024.04,32.91,911.86
685,86,63,206,319,14.15,1024.05,32.90,916.84
686,86,63,206,319,14.15,1024.04,32.88,910.63
687,85,63,205,320,14.14,1024.05,32.88,920.60
688,86,62,206,319,14.14,1024.03,32.86,919.34
689,86,62,206,320,14.14,1024.05,32.85,911.86
690,85,62,206,319,14.14,1024.02,32.84,913.72
691,85,63,206,318,14.14,1024.04,32.84,911.86
692,85,62,206,319,14.14,1024.04,32.84,918.09
693,85,62,206,319,14.14,1024.04,32.83,910.63
694,85,62,205,319,14.14,1024.04,32.81,914.34
695,85,63,205,318,14.14,1024.04,32.81,920.60
696,85,63,206,319,14.14,1024.05,32.80,916.84
697,85,62,205,318,14.14,1024.04,32.79,913.72
698,86,62,206,319,14.14,1024.04,32.79,915.59
699,86,62,206,319,14.14,1024.03,32.79,921.86
700,86,62,206,320,14.14,1024.04,32.77,923.13
701,85,62,205,318,14.14,1024.04,32.76,919.34
702,85,62,205,319,14.14,1024.03,32.75,912.48
703,85,62,205,318,14.14,1024.03,32.75,922.50
704,85,62,205,318,14.14,1024.02,32.75,914.97
705,85,62,205,319,14.14,1024.04,32.74,916.84
706,85,62,205,318,14.14,1024.02,32.74,916.21
707,85,63,204,319,14.14,1024.04,32.72,916.84
708,85,62,205,318,14.14,1024.03,32.71,916.21
709,85,62,205,319,14.14,1024.03,32.71,918.09
710,86,62,205,319,14.14,1024.03,32.71,920.60
711,85,62,204,319,14.14,1024.04,32.71,916.84
712,85,62,205,319,14.14,1024.04,32.69,921.86
713,85,62,204,319,14.14,1024.02,32.68,920.60
714,85,62,205,319,14.14,1024.04,32.67,923.13
715,85,62,205,319,14.14,1024.02,32.68,919.97
716,85,62,205,319,14.14,1024.04,32.66,913.10
717,85,62,204,319,14.14,1024.03,32.66,919.97
718,85,62,205,319,14.14,1024.04,32.67,922.50
719,85,62,205,319,14.14,1024.02,32.66,921.23
720,85,62,204,318,14.14,1024.04,32.64,917.46
721,85,62,204,319,14.14,1024.04,32.65,921.23
722,85,62,205,319,14.14,1024.04,32.64,919.34
723,85,62,204,319,14.14,1024.03,32.64,928.23
724,84,62,204,318,14.14,1024.02,32.63,919.97
725,85,62,205,319,14.14,1024.04,32.63,922.50
726,86,62,204,319,14.14,1024.03,32.62,917.46
727,85,62,205,319,14.14,1024.04,32.62,919.97
728,85,62,204,319,14.14,1024.03,32.62,916.84
729,85,62,205,318,14.14,1024.04,32.61,916.21
730,85,62,204,319,14.14,1024.02,32.62,918.09
731,85,62,205,319,14.14,1024.04,32.60,921.86
732,85,62,204,318,14.14,1024.03,32.60,919.97
733,85,61,204,318,14.13,1024.03,32.61,917.46
734,85,61,203,318,14.13,1024.03,32.60,922.50
735,85,61,204,319,14.13,1024.02,32.59,919.34
736,85,62,203,319,14.13,1024.04,32.59,921.86
737,85,61,204,319,14.13,1024.03,32.58,923.76
738,85,61,203,319,14.13,1024.04,32.57,923.13
739,85,61,203,318,14.13,1024.02,32.57,923.76
740,85,61,204,319,14.13,1024.03,32.57,919.97
741,84,61,203,318,14.13,1024.03,32.57,923.13
742,85,61,204,318,14.14,1024.03,32.57,926.95
743,84,61,202,318,14.13,1024.03,32.54,924.40
744,85,61,203,318,14.13,1024.03,32.54,923.76
745,85,61,203,318,14.13,1024.04,32.54,923.13
746,84,61,202,318,14.13,1024.02,32.54,921.86
747,85,62,203,318,14.13,1024.03,32.53,927.59
748,84,61,203,318,14.13,1024.02,32.53,923.76
749,84,61,203,317,14.13,1024.03,32.52,928.23
