Time,NO2,C2H5CH,VOC,CO,Temperature,Pressure,Humidity,Gas Resistance
0,100,71,221,368,15.88,1017.40,35.67,762.47
1,100,71,220,369,15.88,1017.38,35.68,767.26
2,100,71,220,368,15.88,1017.40,35.69,765.51
3,101,70,220,368,15.88,1017.39,35.69,763.34
4,100,71,220,369,15.87,1017.38,35.69,763.34
5,100,71,221,369,15.87,1017.41,35.70,762.47
6,101,71,220,368,15.87,1017.38,35.70,767.69
7,100,71,221,368,15.87,1017.39,35.71,764.64
8,100,71,221,368,15.87,1017.39,35.69,764.20
9,101,71,221,368,15.87,1017.38,35.70,764.64
10,100,70,220,368,15.87,1017.40,35.70,763.77
11,100,71,220,369,15.87,1017.38,35.70,765.51
12,100,71,221,368,15.87,1017.39,35.70,762.90
13,100,70,220,368,15.87,1017.40,35.70,767.69
14,100,71,220,369,15.87,1017.39,35.69,759.46
15,100,70,219,369,15.87,1017.40,35.69,760.75
16,99,70,220,369,15.87,1017.40,35.70,764.20
17,100,70,220,368,15.87,1017.40,35.70,763.34
18,100,71,220,368,15.87,1017.41,35.69,764.20
19,100,70,220,368,15.87,1017.39,35.69,765.51
20,99,70,220,369,15.87,1017.41,35.70,762.90
21,100,70,220,368,15.87,1017.40,35.69,764.64
22,100,71,220,368,15.87,1017.39,35.69,762.47
23,100,70,220,368,15.87,1017.41,35.68,765.07
24,100,70,220,368,15.87,1017.40,35.68,766.38
25,100,71,220,369,15.87,1017.40,35.70,765.07
26,100,71,219,369,15.87,1017.41,35.68,762.47
27,100,71,219,368,15.87,1017.40,35.68,763.77
28,100,70,219,368,15.87,1017.40,35.68,763.77
29,100,70,219,369,15.87,1017.40,35.68,769.89
30,100,70,219,369,15.87,1017.39,35.68,765.07
31,100,70,220,368,15.87,1017.40,35.66,773.43
32,100,71,220,368,15.87,1017.38,35.66,768.13
33,100,70,220,368,15.87,1017.39,35.66,765.95
34,99,70,219,369,15.87,1017.40,35.66,767.26
35,100,70,220,369,15.86,1017.39,35.67,766.38
36,100,70,219,368,15.86,1017.40,35.66,767.26
37,100,70,219,368,15.86,1017.40,35.66,768.57
38,100,70,219,368,15.86,1017.39,35.65,767.26
39,100,70,218,368,15.86,1017.41,35.65,770.33
40,99,70,219,368,15.86,1017.40,35.66,764.64
41,100,70,219,369,15.86,1017.39,35.66,770.77
42,100,70,219,368,15.86,1017.41,35.65,768.57
43,100,70,219,369,15.86,1017.40,35.63,766.38
44,99,70,219,367,15.86,1017.38,35.64,768.13
45,100,70,219,368,15.86,1017.40,35.63,771.66
46,99,70,219,368,15.86,1017.40,35.62,769.89
47,99,70,219,368,15.86,1017.39,35.62,769.89
48,99,70,219,368,15.86,1017.40,35.62,774.32
49,100,70,219,368,15.86,1017.41,35.63,767.69
50,99,70,218,368,15.86,1017.40,35.62,769.89
51,99,70,219,368,15.86,1017.39,35.61,769.01
52,100,70,218,368,15.86,1017.41,35.62,769.89
53,99,70,218,368,15.86,1017.39,35.62,769.89
54,99,70,218,368,15.86,1017.38,35.62,771.66
55,99,70,219,368,15.86,1017.39,35.60,770.33
56,99,70,218,368,15.86,1017.38,35.61,769.01
57,99,70,218,368,15.86,1017.39,35.60,771.66
58,99,69,218,368,15.86,1017.40,35.60,768.57
59,99,69,219,368,15.86,1017.40,35.59,767.26
60,99,70,218,368,15.86,1017.39,35.59,769.01
61,99,69,218,369,15.86,1017.40,35.58,768.57
62,99,70,218,368,15.86,1017.39,35.58,764.64
63,99,70,218,369,15.86,1017.38,35.59,770.33
64,99,70,218,368,15.86,1017.40,35.58,772.10
65,99,69,219,368,15.86,1017.40,35.57,770.33
66,99,70,219,368,15.86,1017.38,35.57,768.13
67,99,70,219,368,15.85,1017.39,35.58,773.43
68,99,70,218,368,15.85,1017.39,35.56,767.26
69,100,70,218,368,15.85,1017.38,35.56,770.77
70,100,70,218,369,15.85,1017.39,35.56,768.57
71,99,70,218,368,15.85,1017.40,35.55,768.57
72,99,69,218,368,15.85,1017.39,35.55,772.54
73,99,69,218,368,15.85,1017.40,35.54,769.01
74,99,69,218,369,15.85,1017.40,35.55,767.69
75,99,70,218,369,15.85,1017.39,35.55,770.33
76,99,69,218,368,15.85,1017.41,35.53,769.89
77,99,70,218,369,15.85,1017.41,35.54,769.01
78,99,69,218,369,15.85,1017.40,35.54,769.89
79,99,69,218,369,15.85,1017.41,35.54,767.69
80,99,69,218,370,15.85,1017.41,35.54,769.01
81,99,69,218,369,15.85,1017.40,35.53,772.10
82,99,70,218,369,15.85,1017.41,35.53,769.01
83,99,70,218,370,15.85,1017.41,35.53,769.01
84,99,70,217,370,15.85,1017.39,35.53,769.89
85,99,70,217,370,15.85,1017.41,35.52,772.54
86,99,69,218,369,15.85,1017.41,35.52,772.10
87,99,69,218,370,15.85,1017.39,35.52,763.34
88,100,69,218,369,15.85,1017.39,35.53,767.69
89,99,70,217,369,15.85,1017.40,35.52,767.69
90,99,70,217,369,15.85,1017.40,35.51,765.95
91,99,69,218,370,15.85,1017.40,35.52,772.54
92,99,70,217,370,15.85,1017.41,35.52,769.89
93,100,70,217,370,15.85,1017.40,35.51,768.13
94,99,70,217,370,15.85,1017.40,35.52,775.22
95,99,69,217,369,15.85,1017.41,35.51,768.13
96,99,69,217,370,15.85,1017.40,35.51,766.38
97,99,70,217,370,15.85,1017.39,35.51,769.01
98,100,69,218,370,15.85,1017.40,35.51,772.10
99,100,69,218,370,15.85,1017.41,35.51,770.77
100,99,69,217,371,15.85,1017.39,35.51,767.26
101,99,69,217,371,15.85,1017.40,35.51,771.22
102,99,69,217,371,15.85,1017.40,35.51,769.89
103,99,69,217,370,15.85,1017.39,35.50,770.77
104,99,69,217,370,15.85,1017.41,35.49,767.69
105,99,70,218,371,15.85,1017.41,35.50,766.82
106,100,70,217,371,15.84,1017.41,35.50,767.26
107,100,69,217,371,15.84,1017.42,35.49,768.13
108,99,70,217,372,15.84,1017.42,35.51,767.26
109,99,69,217,371,15.84,1017.40,35.50,767.26
110,99,70,217,371,15.85,1017.41,35.49,772.10
111,99,69,217,372,15.85,1017.42,35.48,764.20
112,99,69,217,372,15.85,1017.40,35.49,762.90
113,99,69,217,371,15.85,1017.42,35.48,767.26
114,100,70,217,372,15.84,1017.42,35.49,773.43
115,99,69,217,372,15.84,1017.39,35.49,768.13
116,100,70,217,371,15.84,1017.40,35.49,772.54
117,99,70,217,372,15.84,1017.41,35.49,769.89
118,99,69,217,371,15.84,1017.39,35.49,771.66
119,99,70,217,372,15.84,1017.39,35.49,764.64
120,100,69,217,371,15.84,1017.41,35.48,769.89
121,100,69,217,372,15.84,1017.39,35.48,770.33
122,100,69,216,372,15.84,1017.40,35.48,766.82
123,100,70,218,375,15.84,1017.42,35.48,750.64
124,102,71,220,381,15.84,1017.40,35.48,737.46
125,103,72,221,389,15.85,1017.40,35.49,712.44
126,105,72,223,396,15.85,1017.41,35.51,694.04
127,106,73,226,403,15.85,1017.40,35.57,673.85
128,107,74,228,411,15.85,1017.39,35.64,651.00
129,110,74,228,418,15.85,1017.41,35.75,639.84
130,111,74,230,424,15.85,1017.42,35.87,624.96
131,114,75,231,431,15.86,1017.40,36.04,612.42
132,114,75,232,437,15.86,1017.41,36.22,598.78
133,115,76,234,441,15.86,1017.43,36.41,591.92
134,116,75,234,445,15.86,1017.41,36.65,586.24
135,116,76,234,449,15.86,1017.41,36.91,579.16
136,118,76,236,453,15.87,1017.43,37.16,571.77
137,119,76,236,456,15.87,1017.42,37.46,567.90
138,119,76,237,459,15.87,1017.42,37.74,561.26
139,119,77,238,461,15.87,1017.43,38.03,561.26
140,120,76,238,463,15.87,1017.49,38.37,559.86
141,120,77,238,465,15.87,1017.58,38.66,551.58
142,120,76,239,465,15.87,1017.63,38.98,548.43
143,120,77,240,466,15.88,1017.68,39.29,549.33
144,120,76,239,467,15.88,1017.72,39.59,548.88
145,119,76,239,468,15.88,1017.74,39.92,545.76
146,120,76,240,468,15.89,1017.76,40.22,546.65
147,119,76,239,469,15.89,1017.78,40.52,545.76
148,119,76,239,470,15.90,1017.79,40.80,541.36
149,119,76,239,471,15.90,1017.80,41.08,538.32
150,119,76,239,471,15.91,1017.80,41.35,537.03
151,119,76,239,472,15.91,1017.81,41.62,536.17
152,118,76,239,473,15.92,1017.81,41.84,537.03
153,119,76,240,473,15.93,1017.82,42.09,535.75
154,119,77,239,474,15.93,1017.82,42.31,534.04
155,118,76,239,474,15.94,1017.82,42.54,531.93
156,118,76,239,474,15.95,1017.82,42.72,531.51
157,118,76,240,475,15.95,1017.82,42.93,531.93
158,117,76,240,476,15.96,1017.82,43.11,532.77
159,118,76,240,476,15.96,1017.82,43.30,530.67
160,117,76,239,477,15.97,1017.83,43.46,529.83
161,116,76,239,476,15.98,1017.83,43.62,526.92
162,118,76,240,476,15.98,1017.83,43.77,528.58
163,117,76,239,477,15.99,1017.82,43.91,526.10
164,117,76,240,477,15.99,1017.81,44.03,527.34
165,117,76,240,478,16.00,1017.82,44.17,526.92
166,116,76,240,479,16.00,1017.82,44.27,525.69
167,116,76,238,478,16.01,1017.82,44.40,526.51
168,116,76,240,478,16.01,1017.82,44.51,524.46
169,116,76,239,479,16.02,1017.83,44.60,525.28
170,116,76,240,479,16.02,1017.83,44.69,524.46
171,116,76,240,479,16.03,1017.83,44.78,525.28
172,116,76,239,479,16.04,1017.83,44.87,525.28
173,115,76,239,479,16.04,1017.83,44.95,523.64
174,115,76,239,480,16.05,1017.83,45.02,523.23
175,116,77,239,479,16.05,1017.83,45.08,524.46
176,116,76,239,479,16.06,1017.83,45.14,523.23
177,116,77,240,480,16.06,1017.83,45.18,524.46
178,115,76,240,480,16.06,1017.84,45.25,523.64
179,116,76,240,479,16.07,1017.83,45.30,524.05
180,115,76,239,479,16.07,1017.83,45.34,523.64
181,115,76,239,480,16.08,1017.83,45.38,523.64
182,115,77,240,479,16.08,1017.82,45.42,523.64
183,114,77,239,479,16.08,1017.82,45.44,522.42
184,115,76,240,479,16.09,1017.83,45.48,521.20
185,114,76,239,480,16.09,1017.83,45.51,520.80
186,115,76,240,480,16.09,1017.82,45.53,523.64
187,115,77,239,479,16.09,1017.82,45.58,518.79
188,115,77,240,479,16.10,1017.83,45.59,522.82
189,115,76,239,480,16.10,1017.83,45.60,519.59
190,115,77,239,479,16.10,1017.83,45.62,522.01
191,115,77,239,480,16.11,1017.83,45.62,524.05
192,115,77,239,480,16.11,1017.83,45.64,521.61
193,114,76,239,480,16.11,1017.83,45.64,520.80
194,115,76,239,480,16.12,1017.83,45.65,520.80
195,115,76,239,480,16.12,1017.84,45.65,521.20
196,115,77,240,480,16.12,1017.84,45.66,518.38
197,114,77,240,479,16.13,1017.84,45.65,521.61
198,115,76,239,480,16.13,1017.84,45.65,523.64
199,114,77,239,480,16.13,1017.84,45.65,521.20
200,114,76,239,480,16.13,1017.84,45.64,518.79
201,114,77,239,479,16.14,1017.84,45.65,518.79
202,114,77,240,479,16.14,1017.84,45.63,519.99
203,114,77,240,479,16.14,1017.84,45.62,520.80
204,115,77,239,479,16.14,1017.83,45.61,521.61
205,114,77,239,479,16.15,1017.83,45.61,523.64
206,114,77,239,478,16.15,1017.84,45.59,520.39
207,114,77,240,479,16.15,1017.84,45.58,521.20
208,114,77,239,479,16.15,1017.85,45.57,521.20
209,114,76,240,478,16.15,1017.84,45.55,521.20
210,114,76,239,478,16.16,1017.84,45.54,517.99
211,114,77,240,478,16.16,1017.84,45.55,520.39
212,114,77,239,478,16.16,1017.84,45.50,520.39
213,114,76,240,478,16.17,1017.85,45.48,522.42
214,114,76,239,478,16.17,1017.85,45.48,520.39
215,114,77,240,478,16.17,1017.85,45.46,521.20
216,114,77,239,478,16.17,1017.86,45.44,519.19
217,114,76,239,478,16.17,1017.85,45.42,521.20
218,114,77,240,477,16.17,1017.85,45.41,519.59
219,114,77,240,477,16.18,1017.85,45.38,518.79
220,114,77,240,477,16.18,1017.86,45.36,520.80
221,114,77,239,476,16.18,1017.85,45.34,518.79
222,114,77,240,477,16.18,1017.86,45.32,521.61
223,113,77,240,476,16.18,1017.86,45.30,519.19
224,114,76,239,476,16.19,1017.85,45.28,519.99
225,114,77,239,476,16.19,1017.86,45.27,520.39
226,114,77,240,477,16.19,1017.87,45.22,518.79
227,114,77,240,477,16.19,1017.86,45.20,520.39
228,114,77,240,476,16.19,1017.86,45.17,522.82
229,114,76,240,477,16.20,1017.87,45.16,520.80
230,114,77,240,476,16.20,1017.86,45.14,519.59
231,114,77,240,476,16.20,1017.86,45.10,520.80
232,114,77,240,476,16.20,1017.85,45.09,518.79
233,114,77,240,475,16.20,1017.85,45.07,517.19
234,114,77,240,475,16.20,1017.86,45.03,519.19
235,113,77,241,475,16.20,1017.85,45.01,521.61
236,114,77,240,475,16.21,1017.85,44.99,520.39
237,114,77,240,475,16.21,1017.85,44.97,521.20
238,114,77,240,475,16.21,1017.85,44.96,519.59
239,114,77,239,475,16.21,1017.86,44.93,519.59
240,114,77,240,475,16.21,1017.86,44.91,517.99
241,113,77,240,475,16.21,1017.86,44.87,517.59
242,114,77,240,474,16.22,1017.86,44.86,522.01
243,114,77,240,474,16.22,1017.87,44.83,518.38
244,114,77,240,474,16.22,1017.87,44.80,518.79
245,114,77,240,474,16.22,1017.86,44.78,520.80
246,114,77,240,473,16.22,1017.86,44.76,521.20
247,114,77,240,474,16.22,1017.86,44.73,519.59
248,114,77,240,474,16.23,1017.86,44.70,516.39
249,114,77,240,474,16.23,1017.86,44.68,519.59
250,114,77,240,473,16.23,1017.86,44.66,520.39
251,114,77,240,473,16.23,1017.87,44.63,517.99
252,114,77,240,473,16.23,1017.87,44.61,517.59
253,114,77,241,473,16.23,1017.87,44.58,518.38
254,114,78,240,473,16.24,1017.87,44.57,519.19
255,114,78,241,473,16.24,1017.88,44.53,518.79
256,113,77,240,472,16.24,1017.88,44.51,519.19
257,114,78,240,472,16.24,1017.87,44.49,519.59
258,113,78,241,472,16.24,1017.87,44.47,521.20
259,113,77,240,472,16.24,1017.88,44.45,521.61
260,114,77,240,472,16.24,1017.87,44.41,519.59
261,114,77,241,472,16.24,1017.88,44.39,518.79
262,114,78,240,471,16.25,1017.87,44.36,515.60
263,114,77,240,472,16.25,1017.87,44.34,520.39
264,114,77,241,471,16.25,1017.88,44.31,519.19
265,113,78,241,471,16.25,1017.87,44.29,517.59
266,114,77,240,471,16.25,1017.88,44.26,517.99
267,114,77,240,471,16.25,1017.89,44.25,522.82
268,114,77,241,471,16.25,1017.88,44.24,517.19
269,114,78,241,470,16.26,1017.88,44.21,517.59
270,114,77,240,470,16.26,1017.88,44.19,522.01
271,114,78,240,471,16.26,1017.88,44.16,517.99
272,114,78,241,470,16.26,1017.88,44.15,519.19
273,114,78,240,470,16.26,1017.89,44.13,519.59
274,114,78,241,470,16.26,1017.89,44.10,516.39
275,114,78,241,470,16.26,1017.88,44.08,517.59
276,114,78,241,470,16.26,1017.88,44.06,518.38
277,114,77,241,470,16.26,1017.88,44.03,518.79
278,114,77,241,470,16.27,1017.88,44.01,521.61
279,114,77,240,468,16.27,1017.88,44.00,519.99
280,114,77,240,468,16.27,1017.88,43.96,518.79
281,114,78,241,468,16.27,1017.88,43.95,516.39
282,114,77,241,469,16.27,1017.88,43.92,518.38
283,114,77,241,469,16.27,1017.88,43.91,518.79
284,114,77,241,469,16.27,1017.89,43.88,517.99
285,114,78,241,468,16.27,1017.88,43.86,520.39
286,114,77,241,468,16.27,1017.88,43.84,517.59
287,114,77,241,468,16.27,1017.88,43.83,518.79
288,114,78,241,468,16.28,1017.88,43.80,518.79
289,115,77,242,467,16.28,1017.88,43.78,518.79
290,114,78,241,468,16.28,1017.88,43.75,518.79
291,114,78,241,467,16.28,1017.88,43.75,518.38
292,114,77,242,467,16.28,1017.89,43.72,519.19
293,114,77,241,467,16.28,1017.89,43.71,517.59
294,114,78,241,467,16.28,1017.89,43.68,520.80
295,114,78,242,466,16.28,1017.89,43.66,519.19
296,114,78,241,467,16.28,1017.89,43.64,518.79
297,114,77,241,467,16.28,1017.89,43.62,518.79
298,114,78,241,466,16.28,1017.89,43.59,519.99
299,114,77,241,467,16.28,1017.89,43.59,522.42
300,114,78,241,466,16.29,1017.89,43.57,517.59
301,115,78,241,467,16.29,1017.89,43.54,519.59
302,114,78,242,465,16.29,1017.88,43.53,517.99
303,114,78,242,466,16.29,1017.88,43.50,518.79
304,115,78,242,465,16.29,1017.88,43.49,517.99
305,114,78,242,465,16.29,1017.88,43.46,518.79
306,114,78,241,466,16.29,1017.88,43.46,520.39
307,114,78,241,465,16.29,1017.89,43.44,519.59
308,115,78,242,466,16.29,1017.89,43.42,518.79
309,114,78,241,465,16.29,1017.90,43.40,519.59
310,114,78,241,465,16.30,1017.90,43.38,517.99
311,114,78,242,465,16.30,1017.90,43.37,518.79
312,114,78,242,464,16.30,1017.89,43.34,519.59
313,115,78,241,465,16.30,1017.89,43.33,517.59
314,114,78,242,464,16.30,1017.88,43.31,518.38
315,115,78,242,465,16.30,1017.89,43.29,518.79
316,114,77,242,464,16.30,1017.89,43.28,518.79
317,114,78,241,464,16.30,1017.89,43.26,519.59
318,114,78,242,464,16.30,1017.88,43.24,518.79
319,114,78,241,464,16.30,1017.89,43.22,516.39
320,115,78,242,464,16.30,1017.89,43.21,519.99
321,115,78,242,465,16.30,1017.89,43.20,517.19
322,114,78,242,464,16.30,1017.88,43.19,519.19
323,114,78,242,464,16.30,1017.88,43.16,519.59
324,114,78,242,463,16.31,1017.89,43.14,521.20
325,114,78,242,463,16.31,1017.88,43.13,517.99
326,114,78,242,464,16.31,1017.88,43.11,518.79
327,115,78,242,463,16.31,1017.87,43.09,518.79
328,114,78,242,463,16.31,1017.88,43.08,518.38
329,114,78,243,463,16.31,1017.88,43.06,516.39
330,114,78,242,463,16.31,1017.88,43.05,518.79
331,114,78,242,462,16.31,1017.88,43.04,515.21
332,115,78,242,462,16.31,1017.88,43.02,518.79
333,115,78,243,462,16.31,1017.88,43.01,516.39
334,114,78,243,461,16.31,1017.88,42.99,519.99
335,115,78,242,462,16.31,1017.88,42.98,519.19
336,115,78,242,462,16.31,1017.88,42.97,515.60
337,115,78,243,462,16.32,1017.88,42.94,516.00
338,115,78,242,462,16.32,1017.89,42.91,518.79
339,114,78,242,462,16.32,1017.88,42.91,515.60
340,115,78,242,462,16.32,1017.88,42.88,519.59
341,115,78,242,461,16.32,1017.88,42.89,517.59
342,115,78,243,462,16.32,1017.88,42.86,517.19
343,115,78,243,461,16.32,1017.87,42.84,519.59
344,114,78,243,461,16.32,1017.88,42.82,519.99
345,115,78,243,461,16.32,1017.89,42.82,519.19
346,114,78,242,460,16.32,1017.89,42.79,517.19
347,114,78,243,460,16.32,1017.89,42.80,518.79
348,115,78,243,460,16.32,1017.88,42.78,519.59
349,115,78,242,461,16.33,1017.89,42.76,518.38
350,115,78,243,460,16.33,1017.89,42.75,516.39
351,115,78,242,460,16.33,1017.89,42.73,520.39
352,115,78,243,461,16.33,1017.90,42.72,516.00
353,114,78,242,460,16.33,1017.89,42.70,519.59
354,115,78,243,460,16.33,1017.90,42.70,517.59
355,115,78,243,459,16.33,1017.90,42.69,519.19
356,115,78,243,459,16.33,1017.90,42.67,517.99
357,114,78,243,460,16.33,1017.88,42.65,518.79
358,115,78,243,460,16.33,1017.88,42.64,519.99
359,115,78,242,460,16.33,1017.88,42.63,518.38
360,115,78,243,459,16.33,1017.88,42.61,515.60
361,115,78,243,459,16.33,1017.88,42.61,516.00
362,115,78,243,459,16.33,1017.88,42.58,517.19
363,115,78,243,459,16.33,1017.89,42.58,516.39
364,115,78,242,459,16.33,1017.88,42.57,519.59
365,115,79,243,458,16.34,1017.88,42.54,517.19
366,115,79,243,459,16.34,1017.88,42.54,517.99
367,115,78,243,459,16.34,1017.89,42.52,517.99
368,115,78,243,458,16.34,1017.88,42.52,518.79
369,115,78,244,458,16.34,1017.88,42.49,517.19
370,115,79,243,458,16.34,1017.88,42.48,517.19
371,115,79,244,458,16.34,1017.89,42.48,515.21
372,115,78,244,458,16.34,1017.89,42.46,517.99
373,115,78,243,458,16.34,1017.88,42.45,515.60
374,115,78,243,458,16.34,1017.89,42.43,517.99
375,115,78,244,458,16.34,1017.89,42.43,517.59
376,115,79,243,458,16.34,1017.88,42.42,517.19
377,115,78,244,458,16.34,1017.88,42.40,517.99
378,115,79,244,457,16.34,1017.88,42.40,516.79
379,115,78,244,458,16.35,1017.89,42.37,514.42
380,115,78,244,457,16.35,1017.89,42.36,514.81
381,115,79,244,457,16.35,1017.89,42.36,517.19
382,115,78,244,458,16.35,1017.89,42.34,518.38
383,115,79,244,458,16.35,1017.89,42.33,517.19
384,116,78,244,457,16.35,1017.89,42.32,517.19
385,115,79,243,457,16.35,1017.89,42.31,514.81
386,115,79,244,456,16.35,1017.89,42.30,519.19
387,115,78,244,457,16.35,1017.88,42.28,517.19
388,115,78,244,457,16.35,1017.88,42.28,516.39
389,115,79,243,457,16.35,1017.88,42.27,516.79
390,115,78,244,457,16.35,1017.89,42.24,516.39
391,115,78,244,456,16.35,1017.88,42.23,514.81
392,115,79,244,456,16.35,1017.88,42.24,516.39
393,116,78,244,457,16.35,1017.87,42.21,514.02
394,116,78,244,457,16.35,1017.88,42.20,515.21
395,115,78,244,456,16.35,1017.88,42.21,515.21
396,116,78,245,456,16.35,1017.88,42.16,517.99
397,116,79,244,456,16.35,1017.87,42.18,517.19
398,116,78,244,455,16.35,1017.89,42.16,517.19
399,115,78,244,456,16.36,1017.88,42.15,516.39
400,115,79,244,456,16.36,1017.88,42.13,518.38
401,116,78,245,455,16.36,1017.88,42.13,512.85
402,116,79,244,455,16.36,1017.88,42.12,516.00
403,115,78,244,455,16.36,1017.87,42.10,517.19
404,115,78,245,455,16.36,1017.88,42.08,512.45
405,115,79,245,455,16.36,1017.87,42.08,517.99
406,116,78,244,455,16.36,1017.88,42.07,516.39
407,115,78,245,455,16.36,1017.87,42.07,515.60
408,115,79,245,454,16.36,1017.87,42.06,516.39
409,115,79,245,454,16.36,1017.88,42.05,517.59
410,115,79,244,455,16.36,1017.89,42.03,517.59
411,115,79,244,454,16.36,1017.89,42.01,514.02
412,116,79,245,454,16.36,1017.89,42.01,516.39
413,115,78,245,454,16.36,1017.88,42.00,516.79
414,116,79,245,454,16.36,1017.88,42.00,517.99
415,116,78,245,454,16.37,1017.88,41.97,513.63
416,116,79,244,454,16.37,1017.87,41.97,517.19
417,116,78,244,453,16.37,1017.87,41.96,516.39
418,115,78,245,454,16.37,1017.86,41.95,512.06
419,116,79,245,454,16.37,1017.87,41.95,516.00
420,116,78,245,453,16.37,1017.87,41.94,515.60
421,116,79,244,454,16.37,1017.87,41.92,514.81
422,116,79,244,453,16.37,1017.85,41.91,516.79
423,116,79,245,453,16.37,1017.86,41.90,514.81
424,115,79,245,453,16.37,1017.87,41.89,516.00
425,116,79,245,453,16.37,1017.87,41.89,516.79
426,116,79,245,452,16.37,1017.86,41.88,514.42
427,116,78,244,453,16.37,1017.86,41.88,517.19
428,115,78,245,453,16.37,1017.86,41.85,514.81
429,116,79,245,453,16.37,1017.87,41.85,513.24
430,116,79,245,453,16.37,1017.87,41.83,514.42
431,116,78,245,452,16.37,1017.87,41.84,513.24
432,116,78,245,452,16.37,1017.87,41.83,515.60
433,116,79,246,452,16.37,1017.87,41.82,516.39
434,116,79,245,452,16.37,1017.87,41.81,517.19
435,116,79,245,453,16.37,1017.86,41.80,515.60
436,116,78,245,451,16.37,1017.85,41.77,514.81
437,115,78,245,452,16.37,1017.87,41.78,515.60
438,116,79,245,452,16.38,1017.87,41.76,514.81
439,116,79,245,452,16.38,1017.88,41.78,513.63
440,116,79,245,452,16.38,1017.88,41.76,512.85
441,116,79,245,452,16.38,1017.88,41.75,516.00
442,116,79,245,452,16.38,1017.87,41.74,516.39
443,116,79,245,452,16.38,1017.86,41.72,514.81
444,116,79,245,452,16.38,1017.85,41.72,514.81
445,116,79,246,451,16.38,1017.85,41.70,514.81
446,116,78,245,452,16.38,1017.85,41.72,513.63
447,116,78,245,451,16.38,1017.86,41.70,515.60
448,116,79,245,451,16.38,1017.85,41.68,512.85
449,116,79,246,451,16.38,1017.86,41.67,514.81
450,116,79,246,452,16.38,1017.86,41.67,517.59
451,116,79,245,451,16.38,1017.87,41.65,518.79
452,116,79,245,451,16.38,1017.88,41.66,516.00
453,116,78,245,451,16.38,1017.88,41.63,515.60
454,116,79,245,451,16.38,1017.88,41.63,514.81
455,116,79,245,451,16.38,1017.88,41.63,514.81
456,116,79,245,451,16.38,1017.88,41.61,512.45
457,116,79,246,451,16.38,1017.88,41.60,511.28
458,116,78,246,451,16.38,1017.87,41.59,512.06
459,116,79,246,451,16.38,1017.87,41.59,512.45
460,115,79,246,451,16.38,1017.87,41.59,514.81
461,116,80,247,451,16.38,1017.86,41.57,515.60
462,116,79,246,451,16.39,1017.86,41.57,515.21
463,116,79,246,451,16.39,1017.86,41.55,514.42
464,116,79,246,451,16.39,1017.86,41.54,516.39
465,117,79,246,451,16.39,1017.85,41.54,515.21
466,116,79,247,451,16.39,1017.84,41.52,517.59
467,117,79,247,450,16.39,1017.84,41.52,514.42
468,116,78,246,450,16.39,1017.84,41.52,514.81
469,116,79,245,450,16.39,1017.84,41.49,515.60
470,116,79,247,450,16.39,1017.84,41.51,514.42
471,116,79,246,450,16.39,1017.84,41.48,516.39
472,116,79,246,450,16.39,1017.84,41.49,514.02
473,116,79,246,450,16.39,1017.85,41.48,512.06
474,116,79,247,449,16.39,1017.85,41.48,514.42
475,116,78,246,450,16.39,1017.85,41.46,512.06
476,116,79,246,450,16.39,1017.85,41.46,515.60
477,116,79,247,450,16.39,1017.85,41.44,514.02
478,117,79,246,449,16.39,1017.86,41.44,510.51
479,116,79,247,450,16.39,1017.85,41.42,511.28
480,116,79,246,449,16.39,1017.86,41.43,514.42
481,116,79,247,449,16.39,1017.85,41.43,514.81
482,117,79,247,449,16.39,1017.85,41.41,510.89
483,116,79,246,448,16.39,1017.85,41.40,511.67
484,117,79,246,449,16.39,1017.84,41.40,511.67
485,116,79,247,449,16.40,1017.85,41.36,513.24
486,117,79,247,450,16.40,1017.85,41.37,515.21
487,116,79,247,450,16.40,1017.85,41.36,513.24
488,116,79,247,449,16.40,1017.84,41.37,515.60
489,117,79,246,449,16.40,1017.85,41.35,512.06
490,116,79,246,449,16.40,1017.86,41.35,512.85
491,117,79,246,449,16.40,1017.86,41.33,514.02
492,117,79,247,449,16.40,1017.86,41.34,514.81
493,116,80,247,449,16.40,1017.85,41.33,513.63
494,117,79,247,448,16.40,1017.84,41.32,515.60
495,117,79,247,448,16.40,1017.85,41.30,513.63
496,116,79,247,448,16.40,1017.84,41.30,513.24
497,117,79,247,448,16.40,1017.84,41.30,518.38
498,117,80,247,448,16.40,1017.84,41.29,514.81
499,116,79,247,448,16.40,1017.85,41.29,512.85
500,117,79,246,448,16.40,1017.74,41.27,511.67
501,117,80,247,448,16.40,1017.67,41.26,514.81
502,117,79,247,449,16.40,1017.60,41.26,512.06
503,116,79,246,447,16.40,1017.56,41.24,517.99
504,116,79,246,444,16.39,1017.52,41.25,528.17
505,115,79,246,441,16.39,1017.50,41.23,533.20
506,114,79,245,438,16.38,1017.47,41.21,540.49
507,114,79,244,435,16.38,1017.46,41.18,552.49
508,113,78,243,433,16.37,1017.46,41.16,556.61
509,112,78,243,429,16.36,1017.43,41.13,566.94
510,112,78,243,427,16.36,1017.44,41.07,573.72
511,112,78,242,425,16.35,1017.43,41.03,585.73
512,111,77,242,422,16.34,1017.44,40.99,587.78
513,111,78,242,420,16.33,1017.42,40.93,597.18
514,110,77,242,418,16.32,1017.43,40.85,604.16
515,110,77,241,415,16.31,1017.43,40.79,609.09
516,110,78,240,414,16.30,1017.42,40.71,613.54
517,109,77,240,412,16.29,1017.44,40.64,616.36
518,109,77,239,410,16.29,1017.41,40.57,623.79
519,109,76,240,408,16.28,1017.42,40.48,627.88
520,109,77,239,407,16.27,1017.41,40.42,629.05
521,108,77,239,405,16.26,1017.40,40.33,635.60
522,109,77,238,404,16.25,1017.43,40.25,638.01
523,108,77,238,403,16.24,1017.40,40.17,639.23
524,108,77,237,401,16.24,1017.42,40.09,649.11
525,107,77,237,401,16.23,1017.41,40.01,645.99
526,107,77,238,399,16.22,1017.41,39.93,649.74
527,107,77,237,398,16.21,1017.42,39.84,650.37
528,107,77,237,397,16.21,1017.40,39.78,653.53
529,107,77,236,396,16.20,1017.42,39.69,656.72
530,107,77,237,395,16.20,1017.41,39.63,661.90
531,107,77,237,394,16.19,1017.41,39.55,664.52
532,107,76,237,394,16.18,1017.42,39.48,665.18
533,106,77,236,393,16.18,1017.41,39.40,663.86
534,107,76,236,392,16.17,1017.43,39.33,673.17
535,107,76,236,391,16.17,1017.42,39.27,671.83
536,106,76,236,391,16.16,1017.43,39.18,669.82
537,107,76,236,390,16.16,1017.44,39.13,672.50
538,106,76,235,388,16.15,1017.41,39.05,676.56
539,107,76,234,388,16.15,1017.45,38.98,676.56
540,106,76,235,387,16.14,1017.42,38.91,679.30
541,106,76,234,387,16.14,1017.43,38.85,679.30
542,106,76,235,387,16.13,1017.44,38.79,684.84
543,106,76,235,386,16.13,1017.43,38.72,684.14
544,107,76,234,386,16.13,1017.45,38.67,684.84
545,106,76,234,385,16.12,1017.43,38.62,684.14
546,106,75,234,384,16.12,1017.45,38.54,685.54
547,106,76,234,384,16.12,1017.44,38.49,686.94
548,106,76,234,384,16.11,1017.44,38.45,689.05
549,106,75,234,383,16.11,1017.46,38.37,689.76
550,106,76,233,383,16.11,1017.44,38.32,690.47
551,105,76,233,382,16.10,1017.45,38.27,694.04
552,106,76,234,382,16.10,1017.43,38.22,694.75
553,106,76,234,382,16.10,1017.44,38.17,693.32
554,105,76,233,382,16.09,1017.43,38.12,696.20
555,106,76,233,381,16.09,1017.43,38.08,698.37
556,106,76,233,380,16.09,1017.45,38.02,699.09
557,105,76,232,380,16.08,1017.44,37.98,698.37
558,105,75,232,380,16.08,1017.45,37.93,701.28
559,105,75,233,380,16.08,1017.44,37.88,702.01
560,105,75,232,379,16.08,1017.44,37.85,702.01
561,105,75,232,379,16.07,1017.45,37.80,706.44
562,106,75,232,378,16.07,1017.43,37.76,704.96
563,105,75,232,378,16.07,1017.44,37.71,705.70
564,106,75,232,378,16.06,1017.43,37.68,704.22
565,105,75,232,378,16.06,1017.44,37.63,705.70
566,106,75,231,378,16.06,1017.44,37.58,708.68
567,105,75,231,377,16.06,1017.43,37.55,713.95
568,106,75,232,377,16.06,1017.46,37.52,709.43
569,105,75,231,377,16.05,1017.45,37.48,709.43
570,106,76,232,376,16.05,1017.46,37.43,711.68
571,105,75,231,377,16.05,1017.46,37.41,710.18
572,106,75,231,377,16.05,1017.46,37.38,711.68
573,105,75,230,376,16.04,1017.47,37.35,717.00
574,105,75,231,376,16.04,1017.45,37.30,711.68
575,105,75,231,375,16.04,1017.46,37.28,713.19
576,105,74,230,375,16.04,1017.45,37.24,713.19
577,104,75,231,375,16.03,1017.44,37.23,712.44
578,105,75,230,375,16.03,1017.46,37.19,715.47
579,105,75,231,375,16.03,1017.44,37.16,715.47
580,104,75,230,375,16.03,1017.44,37.12,718.53
581,105,74,231,375,16.03,1017.44,37.09,715.47
582,105,75,230,375,16.02,1017.44,37.06,716.23
583,104,75,230,374,16.02,1017.45,37.02,718.53
584,105,75,230,374,16.02,1017.44,37.01,718.53
585,104,75,230,375,16.02,1017.43,36.98,713.95
586,105,75,229,373,16.02,1017.45,36.96,721.62
587,105,75,230,374,16.01,1017.43,36.93,723.17
588,104,75,230,374,16.01,1017.44,36.90,716.23
589,105,74,229,374,16.01,1017.45,36.88,720.07
590,105,74,230,373,16.01,1017.44,36.86,720.85
591,105,75,230,374,16.01,1017.46,36.82,724.73
592,105,75,230,374,16.01,1017.44,36.81,723.17
593,105,75,230,373,16.01,1017.44,36.78,723.95
594,105,74,229,373,16.00,1017.46,36.76,717.00
595,105,75,229,373,16.00,1017.44,36.73,723.95
596,105,75,230,373,16.00,1017.44,36.71,723.17
597,105,74,229,373,16.00,1017.45,36.70,725.52
598,105,74,228,373,16.00,1017.42,36.66,725.52
599,104,74,229,373,16.00,1017.43,36.65,723.17
600,105,74,229,373,16.00,1017.44,36.64,724.73
601,104,74,229,373,16.00,1017.42,36.62,725.52
602,104,75,229,372,15.99,1017.43,36.60,726.30
603,105,75,229,373,15.99,1017.44,36.57,725.52
604,105,75,229,372,15.99,1017.43,36.56,724.73
605,105,74,228,372,15.99,1017.44,36.55,724.73
606,105,75,229,372,15.99,1017.43,36.54,732.64
607,104,74,228,372,15.99,1017.43,36.51,724.73
608,105,74,229,373,15.99,1017.45,36.50,730.25
609,104,74,229,372,15.99,1017.43,36.49,728.66
610,105,74,228,372,15.98,1017.44,36.47,729.46
611,104,74,227,373,15.98,1017.45,36.47,731.84
612,105,74,228,373,15.98,1017.43,36.44,729.46
613,105,74,228,372,15.98,1017.44,36.43,732.64
614,104,74,228,372,15.98,1017.44,36.41,728.66
615,104,75,228,372,15.98,1017.43,36.40,731.84
616,104,74,228,371,15.98,1017.44,36.39,731.84
617,105,74,228,372,15.98,1017.45,36.38,729.46
618,105,74,228,372,15.98,1017.44,36.37,729.46
619,104,74,228,372,15.98,1017.45,36.35,731.04
620,104,74,228,371,15.98,1017.45,36.34,730.25
621,105,74,228,371,15.97,1017.44,36.34,736.65
622,104,74,228,371,15.97,1017.45,36.31,731.04
623,104,74,228,372,15.97,1017.44,36.30,732.64
624,105,74,227,371,15.97,1017.44,36.29,733.44
625,104,74,228,372,15.97,1017.45,36.29,731.04
626,104,74,228,371,15.97,1017.44,36.27,731.04
627,105,74,227,371,15.97,1017.44,36.26,734.24
628,105,74,227,372,15.97,1017.45,36.25,733.44
629,104,74,227,372,15.97,1017.44,36.24,731.84
630,104,74,227,371,15.96,1017.43,36.23,737.46
631,104,73,227,372,15.96,1017.44,36.22,731.84
632,104,74,227,371,15.96,1017.42,36.20,735.85
633,104,74,227,372,15.96,1017.43,36.20,735.85
634,104,74,227,371,15.96,1017.44,36.20,738.27
635,104,74,226,372,15.96,1017.42,36.18,735.04
636,105,73,227,371,15.96,1017.42,36.17,738.27
637,104,74,227,371,15.96,1017.44,36.16,735.85
638,104,73,227,372,15.96,1017.43,36.15,731.04
639,105,74,227,372,15.96,1017.42,36.14,731.04
640,105,73,227,372,15.96,1017.44,36.14,737.46
641,104,73,226,371,15.95,1017.43,36.13,735.04
642,104,73,226,371,15.95,1017.42,36.12,735.04
643,104,74,227,371,15.95,1017.43,36.11,737.46
644,104,74,226,371,15.95,1017.43,36.12,735.04
645,104,73,227,371,15.95,1017.42,36.11,735.85
646,104,74,226,372,15.95,1017.44,36.09,736.65
647,104,73,226,371,15.95,1017.43,36.08,736.65
648,104,73,226,371,15.95,1017.42,36.08,736.65
649,104,73,226,371,15.95,1017.43,36.07,735.85
650,104,74,226,371,15.95,1017.43,36.05,742.35
651,104,73,226,371,15.95,1017.42,36.05,736.65
652,104,74,226,370,15.95,1017.44,36.05,737.46
653,104,74,226,371,15.95,1017.43,36.05,736.65
654,104,74,226,371,15.95,1017.43,36.03,737.46
655,104,73,226,371,15.95,1017.45,36.02,738.27
656,104,74,226,370,15.95,1017.44,36.02,739.90
657,104,73,225,371,15.94,1017.43,36.02,737.46
658,104,73,226,371,15.94,1017.44,36.01,738.27
659,104,73,226,371,15.94,1017.44,35.99,738.27
660,104,73,225,371,15.94,1017.42,35.99,739.08
661,103,74,225,371,15.94,1017.43,35.98,740.71
662,104,74,225,371,15.94,1017.43,35.98,744.82
663,104,73,225,370,15.94,1017.42,35.96,741.53
664,104,73,225,370,15.94,1017.43,35.97,739.08
665,104,73,225,370,15.94,1017.43,35.96,741.53
666,103,73,225,370,15.94,1017.43,35.95,741.53
667,103,73,226,370,15.94,1017.44,35.94,740.71
668,103,73,226,370,15.94,1017.44,35.93,741.53
669,103,73,225,370,15.94,1017.43,35.92,744.00
670,103,73,225,370,15.93,1017.44,35.92,741.53
671,103,73,225,370,15.93,1017.45,35.91,742.35
672,103,73,224,371,15.93,1017.43,35.91,740.71
673,103,73,225,370,15.93,1017.44,35.92,740.71
674,103,73,225,370,15.93,1017.44,35.91,739.08
675,103,73,225,370,15.93,1017.42,35.90,743.17
676,103,73,224,370,15.93,1017.43,35.89,744.82
677,103,72,224,370,15.93,1017.44,35.88,744.82
678,103,73,224,371,15.93,1017.43,35.88,744.00
679,103,73,225,370,15.93,1017.43,35.88,743.17
680,103,73,225,369,15.93,1017.44,35.87,737.46
681,103,73,224,370,15.93,1017.44,35.87,745.65
682,103,73,224,371,15.93,1017.42,35.86,744.00
683,103,73,224,370,15.93,1017.43,35.85,745.65
684,103,73,224,370,15.92,1017.44,35.85,742.35
685,102,73,225,370,15.92,1017.42,35.84,743.17
686,103,72,225,371,15.92,1017.41,35.84,744.00
687,103,72,225,371,15.92,1017.43,35.82,745.65
688,103,73,225,370,15.92,1017.42,35.82,744.00
689,103,73,224,371,15.92,1017.41,35.81,744.00
690,102,73,225,370,15.92,1017.42,35.82,744.82
691,103,73,224,371,15.92,1017.43,35.82,743.17
692,103,73,224,371,15.92,1017.41,35.80,744.82
693,103,73,224,370,15.92,1017.41,35.81,744.00
694,103,72,224,371,15.92,1017.43,35.80,744.82
695,103,73,224,370,15.92,1017.43,35.79,743.17
696,103,73,224,371,15.92,1017.42,35.80,745.65
697,103,73,224,371,15.92,1017.42,35.80,743.17
698,103,72,224,371,15.91,1017.44,35.78,744.00
699,103,73,223,370,15.91,1017.42,35.78,744.82
700,103,72,224,371,15.91,1017.42,35.77,744.00
701,102,73,224,370,15.91,1017.43,35.78,742.35
702,103,72,223,371,15.91,1017.41,35.77,744.82
703,103,73,224,371,15.91,1017.40,35.77,745.65
704,103,72,224,370,15.91,1017.43,35.75,740.71
705,103,72,224,371,15.91,1017.42,35.76,744.82
706,103,73,224,371,15.91,1017.41,35.75,745.65
707,103,73,223,371,15.91,1017.43,35.75,744.82
708,103,73,224,371,15.91,1017.43,35.75,745.65
709,103,73,224,371,15.91,1017.41,35.73,744.00
710,103,73,223,371,15.91,1017.42,35.74,748.14
711,103,72,223,371,15.91,1017.43,35.74,747.31
712,103,72,224,371,15.91,1017.42,35.73,744.00
713,103,72,223,371,15.91,1017.42,35.73,747.31
714,103,72,224,371,15.91,1017.44,35.73,746.48
715,104,73,224,371,15.91,1017.43,35.72,746.48
716,103,72,224,371,15.91,1017.41,35.73,747.31
717,102,72,223,371,15.90,1017.43,35.71,744.82
718,103,72,224,371,15.90,1017.44,35.70,744.82
719,103,73,223,371,15.90,1017.42,35.71,739.08
720,102,72,224,371,15.90,1017.42,35.70,746.48
721,103,72,223,371,15.90,1017.44,35.70,748.97
722,103,73,224,371,15.90,1017.43,35.70,744.00
723,103,73,222,371,15.90,1017.41,35.70,746.48
724,103,72,223,371,15.90,1017.42,35.69,746.48
725,103,72,223,371,15.90,1017.42,35.69,751.82
726,103,72,223,371,15.90,1017.40,35.70,747.31
727,103,72,223,371,15.90,1017.41,35.69,746.48
728,102,72,223,371,15.90,1017.42,35.68,747.31
729,103,73,223,370,15.90,1017.41,35.67,746.48
730,103,72,223,371,15.90,1017.40,35.67,747.31
731,103,72,223,372,15.90,1017.42,35.67,748.97
732,103,72,223,371,15.90,1017.43,35.67,748.14
733,102,72,223,371,15.90,1017.42,35.66,748.14
734,103,72,223,371,15.89,1017.41,35.67,749.30
735,103,72,223,372,15.89,1017.42,35.67,747.31
736,103,72,223,371,15.89,1017.43,35.67,748.14
737,103,72,223,371,15.89,1017.42,35.66,747.31
738,103,72,222,372,15.89,1017.41,35.65,747.31
739,103,73,223,372,15.89,1017.42,35.66,748.14
740,103,72,223,371,15.89,1017.43,35.65,745.65
741,103,72,223,371,15.89,1017.44,35.65,747.31
742,103,72,222,371,15.89,1017.42,35.67,751.40
743,103,72,223,371,15.89,1017.42,35.66,748.14
744,103,72,223,370,15.89,1017.43,35.65,748.14
745,103,72,223,371,15.89,1017.43,35.65,750.98
746,103,72,222,371,15.89,1017.41,35.65,747.64
747,102,72,223,371,15.89,1017.42,35.65,748.47
748,103,72,223,371,15.89,1017.43,35.64,748.14
749,102,72,222,371,15.89,1017.43,35.65,748.97
