Count,S1,S2,S3,S4,S5,S6,S7,S8,S9,S10,Flag
1,1963,1686,1477,3239,2547,922,2408,3229,2898,1858,0
2,1936,1694,1477,3241,2550,921,2408,3224,2897,1857,0
3,1967,1688,1479,3240,2550,922,2409,3225,2899,1859,0
4,1966,1716,1478,3240,2547,924,2404,3211,2898,1860,0
5,1962,1690,1478,3242,2547,916,2410,3217,2897,1859,0
6,1968,1714,1478,3240,2550,923,2406,3213,2898,1859,0
7,1957,1694,1478,3241,2550,923,2408,3226,2898,1857,0
8,1970,1704,1478,3235,2547,922,2404,3223,2898,1858,0
9,1965,1702,1479,3240,2549,922,2407,3229,2898,1860,0
10,1991,1698,1479,3241,2547,924,2406,3222,2898,1859,0
11,1970,1701,1479,3240,2547,923,2406,3210,2898,1858,0
12,1964,1691,1478,3240,2547,922,2408,3210,2898,1857,0
13,1957,1695,1479,3240,2548,923,2406,3213,2896,1858,0
14,1967,1697,1476,3242,2548,924,2408,3218,2897,1856,0
15,1966,1701,1478,3240,2549,925,2406,3229,2898,1858,0
16,1953,1692,1480,3241,2548,922,2407,3222,2897,1858,0
17,1974,1692,1477,3240,2548,923,2405,3227,2897,1860,0
18,1962,1700,1480,3241,2546,922,2408,3222,2898,1858,0
19,1968,1696,1480,3240,2549,922,2406,3211,2897,1854,0
20,1955,1693,1480,3242,2547,924,2406,3215,2896,1856,0
21,1968,1709,1477,3241,2547,923,2414,3215,2899,1858,1
22,1970,1697,1478,3240,2547,924,2408,3226,2897,1858,1
23,1937,1694,1478,3241,2547,922,2408,3223,2898,1860,1
24,1968,1707,1479,3236,2550,925,2406,3224,2897,1859,1
25,1963,1676,1480,3240,2547,922,2404,3226,2898,1859,1
26,1966,1698,1480,3240,2547,922,2408,3222,2898,1858,1
27,1966,1692,1480,3240,2548,924,2404,3211,2898,1859,1
28,1968,1694,1480,3240,2555,923,2402,3210,2897,1859,1
29,1964,1699,1480,3240,2546,925,2403,3218,2898,1858,1
30,1958,1694,1476,3240,2547,922,2402,3214,2896,1857,1
31,1964,1692,1478,3240,2548,923,2402,3222,2897,1857,1
32,1964,1693,1476,3242,2554,923,2407,3223,2897,1857,1
33,1965,1699,1478,3242,2548,923,2407,3227,2898,1859,1
34,1965,1699,1482,3242,2548,923,2407,3222,2898,1859,1
35,1963,1696,1479,3241,2548,924,2404,3211,2898,1859,1
36,1963,1692,1481,3242,2547,923,2406,3211,2898,1861,1
37,1961,1689,1479,3243,2548,926,2410,3219,2898,1861,1
38,1959,1691,1481,3243,2546,924,2412,3218,2898,1862,1
39,1939,1696,1478,3243,2548,926,2410,3224,2899,1864,1
40,1950,1698,1478,3243,2550,923,2413,3224,2898,1865,1
41,1965,1695,1478,3243,2547,924,2411,3224,2897,1866,1
42,1966,1692,1480,3245,2547,925,2410,3218,2899,1870,1
43,1963,1688,1480,3247,2549,926,2412,3218,2899,1871,1
44,1961,1689,1480,3247,2547,924,2416,3219,2899,1874,1
45,1954,1696,1478,3248,2547,923,2415,3214,2899,1875,1
46,1963,1698,1482,3247,2544,924,2416,3226,2899,1878,1
47,1964,1691,1480,3248,2547,926,2418,3227,2899,1880,1
48,1970,1709,1480,3251,2548,924,2416,3227,2901,1882,1
49,1985,1697,1477,3251,2547,924,2423,3236,2902,1883,1
50,1969,1698,1480,3251,2549,926,2423,3234,2902,1886,1
51,1961,1701,1479,3254,2548,924,2426,3224,2902,1890,1
52,1961,1686,1481,3254,2548,924,2426,3224,2901,1890,1
53,1954,1693,1480,3256,2547,925,2432,3218,2902,1892,1
54,1964,1699,1480,3258,2543,924,2432,3230,2902,1895,1
55,1970,1705,1480,3259,2548,923,2434,3230,2903,1898,1
56,1971,1699,1478,3259,2550,926,2438,3234,2904,1900,1
57,1968,1697,1479,3264,2552,926,2439,3230,2904,1900,1
58,1965,1691,1484,3262,2547,924,2442,3227,2904,1903,1
59,1960,1693,1481,3266,2549,926,2442,3228,2906,1902,1
60,1975,1695,1481,3266,2550,927,2443,3227,2906,1906,1
61,1967,1701,1481,3270,2548,926,2446,3228,2906,1908,1
62,1964,1689,1482,3269,2548,926,2446,3233,2907,1909,1
63,1960,1696,1480,3270,2549,928,2444,3230,2907,1909,1
64,1967,1697,1480,3272,2548,923,2451,3243,2906,1912,1
65,1974,1701,1480,3272,2549,926,2452,3237,2909,1913,1
66,1956,1693,1490,3273,2550,925,2458,3233,2907,1914,1
67,1969,1688,1482,3275,2550,926,2456,3228,2910,1915,1
68,1974,1702,1482,3276,2550,925,2459,3227,2909,1916,1
69,1974,1696,1482,3279,2550,924,2461,3230,2908,1922,1
70,1971,1715,1480,3280,2551,922,2459,3234,2910,1916,1
71,1994,1698,1482,3279,2550,928,2466,3246,2912,1920,1
72,1974,1693,1483,3281,2551,923,2468,3242,2910,1921,1
73,1970,1694,1481,3282,2552,928,2467,3246,2913,1921,1
74,1989,1701,1484,3283,2550,926,2472,3246,2914,1923,1
75,1974,1702,1482,3282,2552,926,2470,3238,2913,1923,1
76,1970,1693,1483,3283,2552,929,2474,3233,2914,1924,1
77,1974,1702,1481,3287,2552,926,2475,3238,2914,1924,1
78,1972,1687,1481,3290,2551,928,2475,3240,2914,1926,1
79,1966,1698,1485,3288,2551,926,2474,3239,2913,1928,1
80,1973,1703,1483,3288,2549,925,2476,3250,2913,1927,1
81,1938,1699,1482,3290,2552,927,2482,3246,2914,1927,1
82,1970,1702,1481,3290,2551,926,2482,3250,2915,1927,1
83,1976,1703,1485,3290,2550,928,2478,3234,2915,1929,1
84,1963,1696,1486,3291,2550,925,2481,3235,2914,1930,1
85,1974,1710,1484,3292,2550,928,2484,3238,2915,1930,1
86,1949,1699,1483,3291,2550,928,2483,3239,2915,1930,1
87,1971,1692,1482,3293,2552,928,2487,3245,2915,1930,1
88,1978,1698,1480,3293,2550,926,2484,3250,2914,1931,1
89,1971,1699,1486,3293,2551,927,2488,3247,2914,1932,1
90,1976,1706,1483,3294,2551,930,2488,3245,2916,1932,1
91,1974,1696,1483,3295,2552,924,2486,3239,2918,1937,1
92,1974,1711,1482,3296,2552,926,2494,3240,2915,1934,1
93,1979,1698,1486,3298,2552,928,2490,3247,2918,1931,1
94,1972,1693,1484,3297,2551,927,2489,3242,2914,1933,1
95,1985,1697,1484,3298,2552,928,2496,3251,2916,1930,1
96,1971,1694,1482,3298,2554,929,2496,3250,2918,1932,1
97,1997,1699,1483,3299,2552,929,2498,3254,2919,1932,1
98,1971,1694,1482,3300,2553,930,2498,3246,2917,1934,1
99,1963,1695,1483,3299,2552,930,2496,3245,2918,1931,1
100,1969,1706,1486,3298,2551,928,2498,3244,2917,1930,1
101,1962,1694,1484,3298,2552,930,2492,3238,2918,1931,1
102,1971,1704,1483,3300,2554,930,2499,3250,2918,1931,1
103,1958,1698,1485,3298,2554,929,2496,3243,2918,1931,1
104,1970,1701,1484,3299,2554,928,2500,3254,2918,1930,1
105,1950,1699,1484,3300,2554,929,2496,3247,2918,1929,1
106,1970,1701,1484,3302,2553,926,2502,3251,2917,1929,1
107,1940,1696,1482,3299,2552,929,2502,3241,2919,1928,1
108,1970,1702,1484,3300,2554,929,2501,3241,2918,1930,1
109,1982,1702,1484,3299,2554,929,2501,3240,2918,1928,1
110,1974,1702,1486,3302,2553,929,2501,3247,2917,1926,1
111,1980,1698,1483,3299,2554,928,2499,3246,2918,1926,1
112,1972,1701,1485,3300,2552,929,2499,3256,2917,1923,1
113,1981,1702,1486,3299,2554,930,2502,3248,2919,1925,1
114,1974,1704,1484,3300,2550,929,2500,3251,2917,1924,1
115,1976,1700,1484,3300,2554,929,2497,3242,2917,1922,1
116,1971,1701,1483,3299,2545,930,2499,3245,2917,1917,1
117,1978,1703,1486,3300,2554,930,2499,3238,2917,1923,1
118,1974,1698,1484,3299,2550,929,2494,3248,2917,1920,1
119,1978,1702,1484,3299,2554,927,2502,3247,2917,1918,1
120,1969,1702,1487,3297,2552,932,2494,3254,2917,1922,1
121,1978,1701,1485,3298,2553,928,2498,3248,2916,1918,2
122,1980,1705,1489,3300,2556,930,2492,3249,2916,1917,2
123,1981,1700,1490,3299,2558,933,2496,3242,2917,1914,2
124,1982,1704,1486,3296,2556,929,2495,3242,2917,1914,2
125,1982,1704,1489,3298,2556,932,2490,3240,2917,1912,2
126,1982,1704,1488,3294,2557,931,2491,3243,2917,1913,2
127,1984,1700,1487,3290,2556,932,2490,3248,2917,1910,2
128,1986,1703,1489,3290,2558,933,2486,3250,2914,1907,2
129,1982,1703,1489,3290,2555,932,2481,3249,2915,1904,2
130,1979,1704,1487,3285,2557,933,2478,3243,2915,1906,2
131,1985,1702,1488,3285,2555,931,2477,3237,2913,1900,2
132,1977,1702,1488,3281,2558,931,2470,3233,2911,1898,2
133,1979,1699,1488,3280,2556,932,2467,3230,2914,1895,2
134,1976,1705,1488,3275,2556,931,2466,3234,2912,1894,2
135,1979,1701,1488,3274,2555,934,2456,3236,2912,1890,2
136,1979,1704,1487,3271,2556,931,2453,3240,2909,1888,2
137,1984,1702,1488,3270,2555,929,2450,3240,2909,1884,2
138,1981,1704,1488,3265,2555,931,2445,3231,2909,1882,2
139,1977,1701,1487,3262,2555,932,2440,3224,2908,1875,2
140,1979,1702,1486,3258,2555,932,2435,3218,2907,1874,2
141,1978,1703,1488,3256,2555,933,2428,3219,2906,1869,2
142,1976,1702,1487,3253,2555,929,2427,3223,2905,1868,2
143,1982,1704,1486,3250,2554,929,2422,3227,2904,1864,2
144,1976,1699,1487,3246,2554,929,2413,3228,2902,1860,2
145,1977,1701,1486,3243,2555,932,2410,3225,2903,1856,2
146,1974,1699,1486,3240,2553,930,2403,3223,2902,1854,2
147,1975,1700,1486,3238,2554,930,2403,3216,2902,1850,2
148,1973,1701,1485,3234,2554,929,2393,3209,2899,1848,2
149,1974,1699,1485,3232,2553,930,2390,3206,2899,1843,2
150,1978,1700,1484,3226,2554,929,2384,3210,2897,1841,2
151,1978,1704,1485,3224,2554,929,2376,3211,2898,1840,2
152,1978,1698,1487,3220,2554,926,2373,3215,2894,1836,2
153,1979,1702,1485,3217,2554,929,2370,3215,2896,1832,2
154,1974,1697,1486,3213,2554,927,2362,3212,2894,1832,2
155,1976,1702,1484,3211,2554,928,2357,3203,2894,1826,2
156,1975,1701,1486,3208,2554,927,2352,3195,2892,1825,2
157,1977,1701,1483,3206,2553,930,2347,3191,2892,1821,2
158,1974,1700,1486,3202,2553,927,2342,3194,2891,1819,2
159,1973,1702,1486,3197,2552,929,2338,3201,2889,1816,2
160,1970,1701,1486,3194,2553,930,2334,3207,2889,1814,2
161,1974,1701,1483,3190,2552,928,2326,3206,2889,1811,2
162,1970,1699,1486,3187,2552,926,2322,3202,2886,1810,2
163,1976,1700,1484,3184,2552,926,2313,3187,2886,1808,2
164,1970,1699,1486,3181,2552,929,2314,3182,2886,1805,2
165,1973,1700,1483,3179,2552,926,2308,3178,2886,1803,2
166,1969,1702,1483,3176,2554,926,2299,3183,2886,1802,2
167,1973,1701,1485,3171,2552,925,2298,3190,2883,1801,2
168,1970,1701,1484,3170,2552,927,2292,3195,2884,1795,2
169,1970,1698,1483,3166,2550,926,2285,3192,2882,1795,2
170,1972,1696,1482,3165,2552,927,2282,3190,2881,1790,2
171,1968,1698,1483,3161,2550,928,2278,3178,2878,1788,2
172,1971,1697,1484,3160,2550,925,2274,3171,2878,1783,2
173,1967,1698,1482,3156,2550,924,2267,3167,2877,1781,2
174,1970,1698,1484,3154,2553,928,2264,3171,2877,1784,2
175,1969,1701,1481,3150,2551,928,2256,3178,2877,1780,2
176,1970,1696,1483,3149,2552,925,2254,3183,2876,1779,2
177,1969,1700,1481,3145,2550,926,2247,3184,2875,1777,2
178,1970,1699,1483,3144,2552,927,2246,3179,2874,1774,2
179,1965,1694,1480,3139,2550,926,2237,3170,2873,1771,2
180,1966,1696,1482,3137,2548,925,2233,3162,2872,1770,2
181,1967,1698,1482,3132,2548,924,2229,3158,2870,1768,2
182,1968,1698,1482,3130,2550,924,2227,3162,2870,1767,2
183,1965,1699,1481,3128,2549,926,2220,3168,2870,1764,2
184,1966,1698,1482,3125,2550,923,2218,3174,2870,1763,2
185,1965,1698,1481,3122,2547,926,2214,3175,2867,1762,2
186,1966,1694,1482,3120,2551,925,2210,3172,2868,1757,2
187,1963,1694,1480,3119,2548,924,2202,3160,2869,1760,2
188,1966,1698,1480,3117,2550,925,2200,3153,2866,1756,2
189,1962,1694,1480,3114,2548,924,2195,3147,2866,1754,2
190,1966,1696,1481,3112,2549,922,2190,3146,2866,1753,2
191,1963,1694,1479,3110,2550,925,2187,3157,2866,1752,2
192,1959,1697,1481,3108,2548,925,2183,3164,2864,1752,2
193,1961,1694,1478,3107,2548,923,2176,3163,2862,1747,2
194,1959,1692,1478,3102,2548,925,2181,3163,2863,1750,2
195,1962,1694,1480,3098,2546,924,2171,3152,2859,1746,2
196,1960,1691,1480,3098,2548,922,2166,3144,2861,1745,2
197,1961,1701,1478,3097,2547,923,2163,3139,2861,1744,2
198,1959,1695,1480,3094,2547,921,2160,3142,2859,1741,2
199,1959,1691,1477,3092,2546,924,2155,3150,2859,1742,2
200,1961,1693,1478,3091,2547,923,2153,3158,2859,1739,2
201,1959,1693,1476,3090,2547,923,2152,3159,2858,1739,2
202,1962,1695,1477,3088,2548,923,2146,3157,2858,1737,2
203,1960,1696,1478,3083,2545,926,2146,3145,2856,1736,2
204,1962,1691,1479,3084,2547,920,2139,3138,2856,1733,2
205,1960,1697,1479,3080,2545,922,2134,3129,2858,1732,2
206,1962,1694,1475,3079,2548,923,2129,3131,2856,1732,2
207,1959,1694,1477,3078,2546,922,2129,3142,2856,1729,2
208,1960,1694,1477,3075,2545,920,2129,3153,2854,1730,2
209,1959,1692,1477,3074,2546,922,2120,3150,2853,1726,2
210,1954,1693,1475,3070,2544,921,2120,3148,2851,1726,2
211,1955,1693,1476,3069,2546,922,2115,3136,2853,1725,2
212,1954,1691,1475,3066,2545,922,2108,3129,2850,1723,2
213,1955,1691,1477,3067,2546,924,2112,3121,2851,1721,2
214,1955,1688,1475,3064,2546,918,2103,3125,2852,1721,2
215,1956,1691,1477,3062,2544,924,2100,3137,2850,1721,2
216,1955,1692,1471,3062,2546,921,2099,3144,2850,1719,2
217,1955,1693,1475,3058,2545,922,2094,3146,2850,1719,2
218,1954,1693,1475,3057,2544,920,2092,3144,2848,1717,2
219,1955,1691,1477,3056,2545,920,2090,3130,2850,1717,2
220,1955,1690,1475,3053,2543,922,2088,3123,2846,1715,2
221,1956,1689,1473,3054,2545,922,2084,3116,2848,1713,2
222,1954,1693,1474,3050,2546,922,2081,3118,2846,1714,2
223,1954,1690,1475,3050,2544,922,2076,3128,2846,1711,2
224,1951,1694,1475,3048,2544,919,2074,3134,2844,1708,2
225,1953,1691,1474,3046,2544,921,2070,3140,2846,1709,2
226,1951,1691,1473,3044,2542,919,2069,3139,2843,1709,2
227,1957,1692,1472,3042,2542,918,2066,3124,2843,1708,2
228,1953,1690,1472,3041,2543,921,2063,3115,2843,1707,2
229,1952,1685,1470,3042,2544,920,2062,3110,2843,1706,2
230,1954,1688,1473,3037,2543,918,2058,3109,2843,1705,2
231,1956,1690,1475,3035,2542,919,2053,3119,2840,1704,2
232,1954,1686,1472,3035,2542,919,2055,3128,2840,1702,2
233,1955,1694,1475,3034,2543,919,2053,3131,2842,1704,2
234,1952,1689,1473,3033,2542,920,2050,3132,2838,1701,2
235,1956,1690,1472,3030,2541,919,2042,3207,2839,1700,2
236,1952,1689,1472,3031,2541,921,2040,3202,2838,1700,2
237,1955,1693,1473,3029,2543,920,2038,3190,2840,1701,2
238,1954,1688,1472,3027,2542,920,2034,3192,2837,1696,2
239,1955,1692,1470,3027,2542,920,2035,3203,2838,1698,2
240,1955,1689,1472,3027,2542,920,2030,3208,2838,1698,2
241,1954,1692,1469,3024,2544,918,2027,3216,2838,1694,2
242,1955,1693,1474,3023,2542,919,2026,3214,2836,1693,2
243,1949,1688,1473,3022,2539,918,2028,3206,2838,1696,2
244,1954,1687,1473,3020,2542,915,2019,3196,2836,1693,2
245,1948,1690,1470,3019,2541,920,2019,3184,2835,1692,2
246,1954,1688,1472,3018,2540,917,2017,3188,2835,1691,2
247,1952,1691,1468,3017,2540,920,2013,3194,2835,1689,2
248,1950,1684,1472,3017,2542,919,2011,3205,2834,1687,2
249,1947,1689,1469,3015,2540,918,2010,3214,2834,1688,2
250,1944,1686,1472,3014,2540,918,2007,3214,2831,1690,2
251,1952,1688,1472,3013,2539,917,2004,3202,2832,1688,2
252,1945,1686,1467,3011,2540,916,2004,3194,2832,1685,2
253,1947,1690,1468,3009,2539,919,2002,3182,2832,1687,2
254,1946,1695,1470,3010,2539,918,2002,3182,2831,1686,2
255,1946,1690,1468,3005,2539,918,1997,3188,2830,1684,2
256,1944,1689,1470,3005,2539,917,1994,3195,2831,1683,2
257,1952,1688,1468,3004,2538,918,1993,3208,2829,1684,2
258,1944,1688,1472,3003,2540,918,1988,3210,2830,1683,2
259,1945,1685,1467,3003,2538,920,1987,3195,2830,1682,2
260,1945,1688,1466,3000,2539,919,1989,3189,2828,1681,2
261,1947,1689,1467,3000,2538,918,1984,3176,2828,1680,2
262,1944,1685,1467,3000,2539,919,1981,3177,2828,1679,2
263,1944,1683,1467,2998,2539,918,1980,3185,2827,1678,2
264,1943,1686,1467,2996,2539,919,1978,3194,2827,1679,2
265,1943,1687,1467,2998,2538,918,1975,3206,2827,1678,2
266,1941,1686,1467,2995,2537,917,1974,3206,2827,1678,2
267,1944,1688,1468,2994,2538,918,1974,3194,2824,1676,2
268,1941,1685,1467,2993,2537,916,1971,3186,2826,1677,2
269,1943,1688,1466,2992,2538,918,1970,3174,2827,1675,2
270,1947,1688,1465,2991,2538,917,1969,3173,2826,1675,2
271,1947,1683,1465,2991,2538,917,1967,3179,2826,1674,2
272,1947,1687,1466,2990,2538,916,1962,3190,2824,1674,2
273,1946,1688,1464,2987,2537,919,1962,3200,2826,1672,2
274,1944,1690,1465,2988,2538,917,1960,3202,2824,1672,2
275,1941,1685,1466,2987,2536,917,1958,3189,2824,1671,2
276,1943,1690,1463,2986,2536,917,1954,3182,2824,1671,2
277,1941,1686,1466,2985,2536,916,1957,3169,2824,1670,2
278,1944,1684,1466,2986,2536,915,1956,3168,2822,1672,2
279,1945,1683,1463,2984,2536,916,1954,3178,2822,1672,2
280,1941,1685,1466,2983,2536,917,1948,3186,2821,1670,2
281,1942,1685,1465,2982,2536,916,1949,3198,2822,1669,2
282,1938,1686,1466,2979,2536,915,1945,3200,2819,1668,2
283,1939,1685,1465,2982,2536,916,1944,3187,2821,1669,2
284,1939,1683,1462,2979,2535,917,1945,3181,2821,1667,2
285,1944,1688,1465,2978,2536,918,1944,3165,2821,1667,2
286,1941,1682,1465,2977,2536,916,1941,3166,2819,1666,2
287,1946,1683,1464,2978,2535,916,1942,3174,2819,1664,2
288,1941,1686,1464,2978,2534,917,1937,3182,2819,1665,2
289,1939,1684,1462,2978,2534,916,1937,3194,2819,1665,2
290,1942,1689,1464,2974,2535,916,1936,3196,2819,1664,2
291,1944,1684,1463,2971,2534,918,1931,3183,2818,1662,2
292,1940,1686,1464,2972,2534,917,1934,3176,2817,1664,2
293,1939,1685,1464,2970,2532,918,1928,3162,2816,1660,2
294,1939,1685,1463,2971,2534,915,1928,3161,2818,1660,2
295,1942,1685,1461,2971,2534,914,1928,3168,2818,1664,2
296,1942,1683,1463,2970,2534,914,1924,3176,2816,1659,2
297,1944,1684,1463,2968,2534,917,1927,3189,2816,1660,2
298,1939,1688,1463,2970,2533,917,1923,3190,2816,1659,2
299,1942,1686,1462,2965,2533,916,1920,3183,2814,1658,2
300,1937,1684,1461,2968,2533,915,1922,3176,2813,1659,2
301,1942,1682,1463,2966,2532,915,1920,3159,2814,1658,2
302,1938,1688,1461,2966,2534,915,1915,3159,2813,1657,2
303,1942,1686,1463,2966,2531,915,1911,3163,2811,1658,2
304,1937,1683,1462,2962,2533,917,1914,3174,2811,1656,2
305,1936,1685,1462,2963,2532,916,1910,3187,2811,1656,2
306,1936,1684,1463,2963,2531,915,1909,3188,2811,1654,2
307,1935,1683,1462,2963,2532,917,1906,3182,2811,1654,2
308,1936,1684,1459,2962,2531,915,1907,3174,2811,1655,2
309,1935,1688,1462,2962,2532,917,1907,3160,2811,1655,2
310,1939,1682,1463,2959,2531,913,1907,3155,2810,1655,2
311,1939,1681,1461,2960,2530,916,1904,3160,2810,1653,2
312,1932,1679,1459,2958,2532,913,1904,3171,2809,1652,2
313,1937,1681,1459,2957,2531,916,1902,3182,2809,1653,2
314,1934,1682,1462,2957,2531,917,1900,3185,2810,1653,2
315,1936,1678,1459,2955,2531,915,1902,3179,2808,1654,2
316,1932,1681,1461,2955,2530,913,1902,3170,2807,1651,2
317,1935,1680,1461,2954,2530,916,1899,3154,2806,1651,2
318,1933,1681,1459,2955,2531,914,1895,3151,2808,1652,2
319,1935,1678,1459,2954,2531,914,1894,3154,2807,1650,2
320,1938,1681,1461,2953,2532,916,1897,3170,2808,1651,2
321,1936,1683,1458,2952,2529,915,1892,3179,2806,1651,3
322,1930,1675,1454,2950,2524,912,1888,3179,2806,1650,3
323,1917,1676,1455,2950,2526,912,1892,3183,2805,1650,3
324,1928,1678,1458,2953,2525,912,1892,3166,2806,1650,3
325,1905,1678,1454,2955,2526,911,1891,3154,2806,1647,3
326,1923,1675,1458,2959,2523,910,1890,3153,2806,1652,3
327,1925,1692,1455,2963,2525,912,1896,3158,2805,1656,3
328,1922,1672,1456,2970,2524,910,1896,3162,2806,1656,3
329,1931,1679,1457,2977,2523,911,1904,3182,2806,1659,3
330,1930,1678,1458,2984,2523,911,1912,3187,2806,1661,3
331,1911,1679,1456,2995,2524,911,1912,3183,2810,1666,3
332,1955,1678,1457,3003,2526,912,1923,3184,2808,1666,3
333,1924,1681,1456,3016,2524,912,1931,3166,2808,1669,3
334,1920,1682,1456,3026,2525,912,1936,3165,2807,1668,3
335,1922,1675,1456,3034,2525,911,1942,3170,2810,1672,3
336,1901,1678,1455,3046,2525,911,1948,3178,2810,1674,3
337,1934,1678,1454,3055,2526,914,1955,3202,2810,1676,3
338,1923,1685,1456,3063,2525,912,1956,3200,2811,1678,3
339,1930,1685,1457,3070,2525,911,1963,3204,2811,1678,3
340,1923,1694,1457,3076,2525,912,1969,3201,2811,1679,3
341,1902,1679,1456,3081,2526,914,1973,3192,2811,1678,3
342,1927,1675,1458,3086,2525,913,1974,3182,2812,1681,3
343,1931,1675,1458,3088,2526,913,1978,3187,2812,1684,3
344,1909,1679,1458,3090,2526,914,1979,3194,2814,1686,3
345,1932,1685,1456,3091,2528,913,1983,3208,2813,1686,3
346,1936,1680,1459,3093,2526,910,1986,3213,2811,1687,3
347,1972,1683,1458,3093,2526,913,1990,3206,2814,1691,3
348,1926,1674,1460,3094,2527,914,1993,3200,2814,1690,3
349,1933,1675,1455,3092,2523,914,1997,3194,2814,1694,3
350,1926,1680,1459,3094,2528,914,1998,3183,2813,1696,3
351,1954,1682,1458,3093,2525,913,2000,3187,2814,1699,3
352,1899,1678,1459,3094,2526,916,2005,3200,2814,1700,3
353,1936,1680,1458,3091,2524,915,2008,3214,2817,1703,3
354,1932,1656,1458,3091,2526,914,2007,3212,2817,1707,3
355,1935,1680,1459,3090,2524,910,2012,3216,2818,1709,3
356,1924,1686,1459,3091,2524,914,2012,3211,2820,1712,3
357,1932,1675,1457,3090,2524,916,2014,3192,2819,1715,3
358,1938,1676,1459,3091,2524,914,2019,3188,2819,1717,3
359,1920,1679,1458,3090,2525,915,2021,3198,2819,1720,3
360,1931,1682,1459,3089,2525,913,2027,3205,2820,1722,3
361,1931,1688,1458,3089,2526,915,2028,3217,2822,1726,3
362,1931,1676,1459,3090,2525,915,2034,3224,2822,1730,3
363,1939,1685,1457,3091,2524,916,2036,3222,2822,1731,3
364,1923,1679,1460,3092,2528,916,2037,3213,2823,1736,3
365,1929,1684,1458,3092,2523,917,2042,3206,2824,1740,3
366,1931,1686,1460,3094,2524,913,2046,3204,2822,1741,3
367,1932,1678,1458,3096,2523,915,2051,3112,2824,1743,3
368,1934,1681,1460,3098,2524,916,2058,3129,2824,1744,3
369,1934,1678,1458,3100,2524,917,2063,3128,2824,1748,3
370,1930,1687,1459,3101,2524,915,2068,3146,2824,1749,3
371,1926,1680,1460,3104,2523,916,2072,3139,2824,1752,3
372,1923,1678,1458,3107,2523,918,2076,3137,2826,1754,3
373,1936,1683,1459,3106,2524,918,2083,3131,2826,1755,3
374,1934,1686,1459,3111,2524,920,2086,3128,2826,1758,3
375,1926,1667,1462,3112,2520,917,2088,3130,2824,1760,3
376,1920,1680,1459,3114,2522,917,2086,3132,2826,1762,3
377,1921,1677,1462,3118,2522,918,2096,3141,2826,1764,3
378,1925,1683,1460,3119,2522,919,2102,3154,2827,1763,3
379,1926,1673,1461,3123,2522,920,2102,3156,2827,1772,3
380,1934,1676,1460,3123,2523,919,2112,3149,2827,1768,3
381,1917,1681,1461,3125,2523,920,2115,3144,2828,1770,3
382,1932,1679,1462,3130,2523,919,2127,3131,2827,1770,3
383,1927,1680,1461,3130,2522,919,2122,3130,2827,1774,3
384,1921,1682,1462,3133,2523,920,2127,3142,2830,1771,3
385,1913,1682,1461,3133,2522,919,2131,3154,2828,1774,3
386,1925,1678,1462,3137,2523,918,2130,3153,2828,1774,3
387,1924,1662,1463,3137,2522,922,2136,3162,2830,1778,3
388,1939,1679,1462,3139,2521,917,2136,3152,2830,1779,3
389,1923,1672,1458,3142,2523,917,2141,3155,2830,1777,3
390,1937,1679,1462,3143,2523,918,2144,3140,2832,1778,3
391,1930,1668,1460,3144,2523,920,2150,3147,2831,1779,3
392,1920,1674,1462,3146,2523,920,2152,3144,2831,1782,3
393,1918,1681,1461,3145,2524,922,2159,3158,2832,1782,3
394,1926,1684,1464,3149,2523,920,2158,3170,2833,1784,3
395,1930,1674,1462,3150,2524,920,2158,3163,2832,1784,3
396,1927,1671,1464,3151,2522,919,2166,3161,2833,1784,3
397,1931,1658,1460,3152,2523,920,2167,3160,2834,1784,3
398,1927,1684,1461,3154,2522,920,2170,3154,2834,1786,3
399,1932,1678,1462,3154,2523,920,2176,3146,2834,1788,3
400,1942,1676,1462,3155,2522,921,2172,3150,2832,1784,3
401,1935,1682,1462,3156,2522,922,2178,3163,2834,1785,3
402,1925,1700,1463,3152,2524,920,2179,3163,2835,1787,3
403,1922,1678,1462,3158,2523,920,2186,3174,2834,1790,3
404,1930,1681,1466,3160,2524,922,2190,3163,2835,1788,3
405,1926,1682,1462,3160,2523,921,2188,3162,2837,1790,3
406,1928,1682,1463,3161,2523,919,2188,3150,2835,1789,3
407,1922,1680,1462,3160,2525,922,2190,3155,2836,1790,3
408,1928,1694,1461,3162,2524,921,2194,3155,2838,1792,3
409,1889,1677,1464,3163,2523,920,2196,3170,2836,1794,3
410,1939,1682,1466,3163,2523,922,2196,3170,2836,1791,3
411,1930,1679,1464,3163,2522,922,2200,3171,2837,1794,3
412,1926,1661,1464,3166,2523,922,2198,3175,2838,1793,3
413,1926,1671,1462,3165,2523,921,2198,3170,2838,1794,3
414,1931,1682,1464,3166,2523,921,2204,3156,2837,1792,3
415,1939,1681,1464,3166,2523,922,2204,3152,2838,1796,3
416,1923,1675,1464,3168,2522,922,2208,3163,2839,1794,3
417,1926,1680,1463,3168,2523,923,2210,3174,2838,1796,3
418,1928,1682,1458,3168,2523,918,2206,3169,2840,1795,3
419,1936,1688,1461,3169,2526,918,2214,3174,2843,1796,3
420,1930,1683,1462,3170,2526,920,2217,3179,2843,1797,3
421,1933,1679,1462,3170,2526,921,2214,3171,2842,1796,3
422,1914,1676,1463,3170,2524,924,2218,3171,2839,1799,3
423,1929,1674,1465,3169,2520,921,2214,3162,2837,1798,3
424,1927,1675,1463,3170,2523,921,2218,3160,2838,1798,3
425,1946,1681,1463,3172,2523,922,2222,3170,2839,1798,3
426,1926,1690,1463,3166,2523,921,2219,3174,2840,1800,3
427,1931,1678,1463,3172,2523,923,2221,3177,2840,1802,3
428,1927,1682,1462,3174,2523,921,2229,3178,2840,1802,3
429,1931,1678,1462,3172,2522,923,2223,3170,2840,1802,3
430,1930,1687,1462,3174,2524,924,2227,3169,2840,1802,3
431,1935,1676,1463,3174,2526,922,2227,3162,2840,1801,3
432,1930,1673,1465,3176,2522,923,2229,3160,2841,1803,3
433,1963,1680,1464,3176,2525,923,2230,3181,2842,1803,3
434,1938,1680,1464,3176,2524,924,2232,3178,2839,1803,3
435,1927,1660,1464,3176,2523,923,2231,3187,2841,1806,3
436,1925,1674,1464,3177,2523,922,2235,3186,2842,1806,3
437,1908,1682,1465,3176,2523,922,2240,3176,2841,1807,3
438,1924,1680,1463,3178,2524,925,2240,3174,2841,1807,3
439,1928,1675,1463,3178,2524,923,2243,3164,2842,1807,3
440,1925,1694,1466,3179,2524,925,2243,3165,2842,1808,3
441,1928,1676,1464,3179,2526,926,2245,3181,2843,1810,3
442,1924,1674,1463,3180,2524,924,2244,3184,2843,1810,3
443,1906,1680,1462,3180,2529,918,2247,3182,2848,1810,3
444,1941,1680,1462,3179,2526,919,2250,3178,2850,1810,3
445,1954,1679,1462,3182,2526,922,2253,3175,2848,1812,3
446,1971,1682,1464,3181,2528,922,2254,3180,2846,1811,3
447,1907,1675,1464,3182,2523,925,2253,3174,2842,1810,3
448,1931,1680,1466,3182,2523,924,2254,3166,2843,1812,3
449,1925,1678,1465,3184,2524,923,2256,3185,2843,1814,3
450,1929,1675,1464,3183,2523,918,2253,3183,2843,1814,3
451,1928,1689,1463,3184,2522,922,2256,3185,2843,1815,3
452,1930,1675,1466,3183,2525,924,2263,3187,2843,1816,3
453,1927,1680,1462,3185,2523,925,2259,3185,2843,1816,3
454,1910,1677,1464,3184,2523,923,2262,3182,2845,1816,3
455,1954,1682,1463,3186,2524,922,2258,3178,2843,1816,3
456,1934,1667,1463,3186,2524,922,2263,3178,2848,1817,3
457,1935,1676,1464,3187,2526,922,2268,3182,2850,1818,3
458,1956,1680,1464,3187,2526,923,2269,3184,2850,1817,3
459,1939,1685,1464,3187,2526,922,2272,3187,2849,1818,3
460,1936,1675,1464,3188,2527,922,2275,3190,2850,1819,3
461,1928,1680,1462,3189,2529,923,2274,3189,2849,1819,3
462,1939,1685,1462,3190,2525,931,2278,3179,2851,1818,3
463,1936,1683,1466,3189,2527,923,2276,3179,2851,1820,3
464,1945,1683,1464,3190,2526,926,2280,3182,2850,1820,3
465,1934,1658,1463,3190,2526,922,2279,3187,2852,1822,3
466,1916,1674,1462,3191,2527,924,2282,3195,2851,1821,3
467,1932,1664,1461,3192,2527,919,2282,3197,2850,1819,3
468,1930,1679,1462,3194,2530,920,2287,3199,2856,1821,3
469,1939,1677,1461,3193,2530,922,2283,3190,2856,1821,3
470,1925,1678,1463,3193,2529,922,2288,3188,2856,1822,3
471,1943,1672,1465,3193,2526,922,2289,3184,2854,1822,3
472,1908,1676,1464,3195,2526,924,2288,3178,2851,1824,3
473,1938,1687,1463,3195,2525,924,2283,3190,2851,1826,3
474,1941,1681,1462,3196,2526,924,2290,3190,2852,1823,3
475,1938,1683,1464,3195,2526,924,2291,3203,2852,1826,3
476,1936,1690,1466,3197,2524,925,2291,3195,2852,1825,3
477,1922,1679,1470,3195,2527,924,2293,3195,2851,1827,3
478,1933,1674,1464,3198,2525,929,2293,3185,2851,1826,3
479,1940,1683,1465,3198,2523,924,2290,3179,2849,1829,3
480,1954,1678,1466,3200,2523,924,2293,3188,2850,1827,3
481,1931,1675,1466,3200,2525,928,2292,3187,2851,1828,3
482,1932,1664,1466,3202,2523,918,2294,3198,2850,1827,3
483,1970,1684,1463,3202,2526,925,2296,3205,2850,1829,3
484,1923,1675,1466,3202,2526,928,2298,3203,2851,1830,3
485,1930,1682,1466,3202,2526,927,2298,3198,2851,1828,3
486,1936,1694,1466,3202,2523,923,2306,3187,2852,1831,3
487,1935,1682,1467,3203,2526,930,2304,3179,2851,1832,3
488,1958,1681,1466,3203,2523,923,2301,3188,2851,1830,3
489,1933,1680,1463,3203,2528,924,2305,3187,2851,1830,3
490,1928,1682,1464,3203,2525,926,2309,3200,2852,1830,3
491,1935,1661,1467,3203,2528,930,2301,3206,2853,1830,3
492,1930,1691,1466,3202,2524,928,2306,3196,2846,1831,3
493,1947,1685,1465,3204,2530,923,2314,3194,2858,1832,3
494,1935,1679,1463,3205,2529,922,2312,3194,2859,1832,3
495,1960,1680,1463,3206,2531,925,2316,3194,2858,1832,3
496,1916,1677,1465,3205,2527,923,2314,3191,2858,1834,3
497,1936,1680,1463,3206,2522,922,2316,3195,2858,1834,3
498,1947,1682,1466,3206,2534,923,2312,3192,2858,1830,3
499,1944,1675,1464,3206,2528,926,2317,3200,2856,1834,3
500,1935,1680,1466,3207,2526,926,2317,3206,2855,1833,3
501,1931,1685,1467,3205,2526,928,2318,3202,2856,1835,3
502,1934,1675,1467,3208,2526,930,2315,3189,2853,1833,3
503,1931,1674,1466,3208,2526,929,2316,3185,2853,1834,3
504,1930,1682,1466,3210,2523,929,2318,3192,2854,1834,3
505,1928,1682,1466,3208,2525,930,2318,3194,2854,1834,3
506,1937,1680,1466,3210,2526,928,2318,3193,2854,1836,3
507,1932,1676,1467,3210,2525,926,2319,3202,2854,1837,3
508,1918,1678,1467,3210,2525,925,2319,3208,2853,1835,3
509,1922,1679,1466,3210,2526,929,2322,3207,2853,1836,3
510,1961,1679,1466,3211,2525,928,2320,3200,2854,1838,3
511,1972,1685,1467,3211,2527,930,2323,3194,2854,1836,3
512,1934,1679,1466,3211,2526,929,2322,3188,2854,1838,3
513,1939,1687,1467,3211,2526,931,2320,3193,2856,1838,3
514,1932,1658,1466,3214,2526,930,2318,3201,2855,1839,3
515,1935,1687,1466,3214,2528,931,2322,3210,2854,1837,3
516,1935,1682,1467,3213,2524,928,2322,3203,2856,1840,3
517,1944,1683,1467,3212,2535,929,2326,3200,2856,1840,3
518,1946,1679,1466,3213,2527,929,2327,3193,2855,1839,3
519,1941,1685,1466,3212,2526,927,2330,3190,2856,1839,3
520,1930,1660,1469,3212,2528,927,2324,3194,2856,1841,3
521,1934,1686,1466,3211,2528,930,2330,3200,2856,1841,3
522,1945,1680,1467,3214,2526,929,2333,3202,2855,1840,3
523,1952,1683,1466,3213,2527,930,2328,3212,2856,1840,3
524,1937,1686,1464,3214,2524,928,2334,3206,2857,1842,3
525,1934,1694,1468,3214,2527,931,2333,3202,2856,1842,3
526,1930,1678,1466,3213,2525,928,2331,3202,2856,1842,3
527,1918,1678,1468,3216,2527,931,2332,3187,2856,1841,3
528,1931,1675,1470,3215,2526,927,2332,3195,2856,1841,3
529,1934,1665,1466,3216,2528,931,2337,3203,2856,1843,3
530,1939,1678,1467,3215,2525,929,2336,3201,2855,1843,3
531,1966,1680,1466,3216,2526,929,2336,3213,2856,1843,3
532,1934,1688,1466,3216,2526,923,2336,3208,2857,1842,3
533,1944,1678,1466,3216,2530,925,2340,3204,2862,1841,3
534,1911,1681,1465,3216,2531,922,2344,3197,2863,1843,3
535,1950,1688,1464,3218,2531,924,2342,3194,2864,1842,3
536,1941,1685,1466,3215,2532,923,2344,3200,2864,1842,3
537,1931,1682,1464,3216,2531,923,2343,3195,2864,1842,3
538,1944,1671,1466,3218,2531,924,2342,3209,2864,1841,3
539,1948,1688,1464,3216,2531,924,2346,3214,2866,1843,3
540,1933,1680,1467,3215,2532,921,2347,3215,2864,1840,3
541,1950,1672,1465,3218,2530,923,2340,3209,2865,1842,3
542,1954,1684,1467,3218,2530,923,2347,3200,2865,1840,3
543,1945,1683,1466,3218,2531,923,2347,3201,2867,1843,3
544,1946,1680,1464,3218,2531,923,2346,3194,2866,1840,3
545,1968,1682,1464,3218,2531,923,2343,3206,2866,1843,3
546,1947,1704,1466,3218,2530,923,2347,3204,2866,1842,3
547,1957,1684,1464,3218,2536,925,2346,3210,2866,1840,3
548,1952,1690,1466,3219,2530,923,2348,3209,2862,1842,3
549,1949,1683,1464,3218,2532,925,2348,3206,2865,1843,3
550,1950,1688,1465,3217,2531,926,2347,3201,2866,1841,3
551,1950,1682,1466,3219,2530,923,2347,3194,2867,1842,3
552,1950,1683,1466,3219,2530,925,2350,3194,2866,1842,3
553,1947,1680,1465,3219,2531,925,2352,3203,2866,1843,3
554,1955,1681,1468,3218,2531,920,2351,3210,2866,1842,3
555,1946,1674,1464,3218,2531,926,2350,3210,2865,1843,3
556,1939,1683,1466,3219,2530,925,2351,3211,2867,1843,3
557,1947,1678,1466,3219,2530,925,2351,3206,2865,1843,3
558,1954,1685,1466,3219,2530,924,2354,3203,2866,1842,3
559,1945,1679,1464,3218,2528,923,2352,3196,2866,1842,3
560,1954,1688,1464,3221,2530,926,2352,3195,2867,1843,3
561,1946,1680,1466,3219,2531,923,2354,3203,2867,1842,3
562,1954,1688,1462,3219,2531,926,2354,3208,2867,1844,3
563,1945,1683,1466,3222,2529,926,2351,3210,2867,1844,3
564,1947,1688,1466,3222,2529,928,2352,3213,2862,1845,3
565,1943,1680,1466,3220,2530,930,2354,3210,2864,1847,3
566,1940,1698,1466,3219,2528,930,2354,3204,2862,1842,3
567,1947,1681,1466,3221,2526,930,2352,3206,2861,1845,3
568,1939,1680,1467,3222,2528,931,2353,3195,2860,1846,3
569,1967,1683,1472,3222,2528,930,2353,3210,2861,1845,3
570,1938,1681,1467,3222,2530,930,2351,3203,2861,1846,3
571,1937,1680,1468,3222,2529,929,2355,3219,2862,1845,3
572,1952,1683,1472,3223,2526,931,2351,3217,2859,1846,3
573,1937,1692,1467,3222,2528,930,2355,3214,2860,1847,3
574,1931,1678,1466,3222,2528,929,2351,3208,2861,1847,3
575,1934,1686,1467,3222,2528,931,2354,3204,2860,1847,3
576,1933,1659,1472,3223,2526,928,2354,3203,2859,1846,3
577,1910,1680,1469,3222,2528,932,2356,3202,2859,1846,3
578,1932,1681,1466,3222,2525,930,2356,3214,2861,1850,3
579,1941,1691,1468,3222,2526,931,2354,3214,2856,1846,3
580,1903,1679,1467,3223,2529,930,2355,3212,2860,1847,3
581,1938,1682,1467,3223,2527,930,2353,3206,2862,1850,3
582,1935,1691,1470,3223,2527,925,2355,3203,2861,1849,3
583,1955,1684,1470,3224,2527,932,2354,3206,2861,1850,3
584,1935,1676,1472,3226,2528,930,2358,3200,2859,1850,3
585,1936,1678,1469,3223,2529,932,2358,3210,2860,1849,3
586,1924,1678,1470,3224,2530,932,2358,3215,2862,1849,3
587,1937,1687,1470,3224,2529,933,2360,3219,2860,1849,3
588,1936,1685,1469,3224,2528,934,2360,3218,2862,1851,3
589,1944,1684,1467,3224,2530,932,2360,3210,2861,1848,3
590,1918,1682,1468,3224,2528,931,2360,3202,2861,1849,3
591,1935,1675,1469,3223,2528,930,2354,3196,2861,1849,3
592,1931,1690,1472,3226,2528,931,2360,3198,2860,1852,3
593,1959,1683,1470,3226,2527,932,2360,3210,2861,1851,3
594,1940,1683,1471,3224,2528,931,2360,3210,2862,1850,3
595,1934,1689,1467,3224,2529,933,2361,3219,2861,1850,3
596,1932,1675,1468,3223,2530,932,2363,3218,2862,1850,3
597,1912,1679,1470,3225,2529,934,2358,3207,2862,1851,3
598,1923,1680,1468,3226,2526,931,2362,3211,2861,1850,3
599,1936,1679,1469,3225,2530,931,2361,3200,2862,1850,3
600,1934,1690,1472,3225,2528,932,2363,3201,2862,1851,3
601,1977,1684,1470,3226,2530,933,2363,3211,2862,1851,3
602,1947,1680,1472,3226,2527,930,2360,3215,2859,1851,3
603,1937,1688,1468,3226,2528,931,2358,3219,2861,1850,3
604,1933,1683,1467,3226,2526,934,2364,3219,2861,1851,3
605,1939,1686,1470,3226,2529,934,2363,3210,2861,1851,3
606,1941,1678,1470,3226,2529,930,2360,3205,2862,1848,3
607,1945,1681,1472,3226,2528,933,2363,3198,2863,1852,3
608,1932,1678,1472,3227,2530,932,2368,3200,2862,1856,3
609,1939,1658,1469,3226,2529,932,2362,3211,2861,1851,3
610,1933,1674,1472,3226,2527,932,2360,3214,2862,1850,3
611,1944,1682,1470,3226,2527,933,2365,3214,2862,1850,3
612,1903,1680,1472,3226,2529,935,2362,3213,2859,1850,3
613,1940,1680,1469,3224,2531,928,2365,3210,2864,1851,3
614,1942,1682,1468,3226,2533,926,2365,3206,2866,1850,3
615,1940,1659,1469,3226,2530,928,2369,3204,2866,1852,3
616,1942,1667,1472,3227,2532,930,2370,3206,2865,1852,3
617,1942,1685,1470,3225,2528,933,2366,3206,2862,1852,3
618,1939,1682,1472,3226,2530,936,2366,3218,2861,1851,3
619,1945,1682,1467,3227,2529,933,2363,3222,2861,1852,3
620,1941,1679,1467,3227,2528,933,2364,3216,2861,1850,3
621,1933,1682,1470,3226,2527,933,2363,3215,2861,1852,3
622,1930,1682,1474,3227,2527,933,2370,3210,2861,1850,3
623,1935,1692,1474,3227,2530,936,2361,3200,2862,1856,3
624,1933,1691,1472,3227,2529,933,2371,3200,2863,1852,3
625,1929,1678,1474,3227,2530,936,2363,3211,2861,1856,3
626,1927,1678,1474,3228,2526,933,2370,3214,2861,1852,3
627,1911,1677,1470,3227,2530,935,2368,3212,2862,1852,3
628,1914,1679,1468,3228,2530,933,2368,3212,2861,1854,3
629,1940,1682,1470,3227,2530,936,2365,3209,2863,1855,3
630,1939,1679,1474,3226,2531,936,2366,3203,2862,1856,3
631,1931,1683,1471,3226,2530,935,2364,3206,2863,1853,3
632,1932,1683,1473,3227,2530,931,2364,3207,2862,1854,3
633,1933,1684,1464,3227,2527,923,2364,3209,2864,1851,3
634,1946,1676,1466,3228,2535,928,2371,3211,2870,1852,3
635,1944,1678,1469,3227,2534,930,2371,3218,2872,1851,3
636,1947,1674,1468,3228,2533,928,2368,3218,2871,1851,3
637,1955,1688,1466,3227,2534,930,2378,3210,2875,1852,3
638,1954,1688,1468,3227,2533,928,2375,3205,2868,1850,3
639,1942,1686,1467,3227,2532,926,2375,3206,2872,1851,3
640,1946,1678,1466,3227,2531,926,2375,3208,2874,1851,3
641,1914,1682,1466,3228,2534,929,2378,3208,2872,1850,3
642,1963,1687,1467,3228,2532,928,2376,3212,2872,1851,3
643,1967,1686,1466,3227,2534,927,2376,3222,2872,1850,3
644,1975,1690,1468,3227,2531,926,2376,3219,2873,1850,3
645,1930,1682,1467,3227,2533,926,2372,3207,2872,1849,3
646,1930,1680,1466,3226,2532,926,2376,3204,2871,1851,3
647,1959,1684,1467,3228,2533,927,2376,3209,2872,1850,3
648,1968,1684,1468,3227,2532,926,2375,3208,2871,1851,3
649,1938,1682,1470,3226,2534,929,2376,3207,2872,1850,3
650,1924,1681,1468,3226,2534,928,2375,3211,2872,1851,3
651,1960,1683,1467,3227,2532,926,2378,3223,2872,1850,3
652,1969,1683,1469,3227,2532,928,2374,3221,2871,1848,3
653,1938,1682,1465,3227,2533,925,2378,3208,2872,1848,3
654,1915,1682,1468,3226,2532,928,2375,3203,2871,1850,3
655,1962,1683,1467,3227,2532,929,2373,3208,2870,1851,3
656,1984,1689,1468,3227,2531,930,2375,3201,2870,1851,3
657,1930,1684,1466,3227,2531,931,2374,3208,2869,1851,3
658,1954,1689,1469,3228,2531,931,2376,3212,2870,1849,3
659,1973,1688,1470,3227,2531,932,2374,3220,2868,1850,3
660,1930,1682,1474,3230,2529,935,2371,3218,2863,1850,3
661,1947,1686,1469,3228,2529,935,2371,3208,2863,1849,3
662,1939,1693,1473,3228,2528,934,2369,3202,2864,1851,3
663,1933,1679,1470,3229,2527,936,2373,3205,2862,1850,3
664,1931,1678,1474,3229,2527,932,2372,3205,2864,1853,3
665,1942,1694,1472,3230,2529,936,2373,3208,2865,1853,3
666,1938,1706,1474,3228,2529,933,2370,3211,2864,1851,3
667,1938,1667,1473,3227,2530,934,2369,3218,2865,1852,3
668,1936,1690,1472,3229,2530,933,2372,3219,2862,1854,3
669,1938,1682,1468,3228,2529,934,2374,3208,2864,1853,3
670,1937,1681,1474,3228,2531,934,2374,3203,2864,1859,3
671,1932,1683,1473,3228,2530,934,2374,3207,2863,1854,3
672,1925,1685,1474,3230,2529,934,2371,3200,2864,1858,3
673,1944,1686,1469,3227,2529,936,2370,3213,2864,1857,3
674,1967,1690,1473,3229,2527,934,2371,3217,2864,1856,3
675,1910,1686,1473,3227,2530,937,2371,3215,2863,1856,3
676,1938,1688,1474,3230,2526,937,2371,3213,2862,1854,3
677,1928,1677,1472,3228,2530,936,2371,3211,2863,1858,3
678,1936,1669,1473,3230,2528,932,2370,3207,2863,1856,3
679,1934,1702,1473,3229,2528,936,2370,3197,2862,1857,3
680,1931,1685,1472,3228,2529,936,2374,3200,2863,1856,3
681,1934,1684,1474,3228,2530,936,2370,3214,2863,1857,3
682,1921,1680,1474,3229,2528,935,2372,3210,2861,1856,3
683,1942,1686,1461,3229,2528,936,2371,3222,2862,1857,3
684,1923,1682,1474,3229,2528,937,2373,3218,2863,1857,3
685,1942,1688,1474,3229,2530,937,2374,3207,2863,1858,3
686,1934,1693,1472,3224,2530,937,2378,3202,2862,1857,3
687,1933,1672,1474,3228,2528,937,2370,3204,2862,1857,3
688,1930,1687,1475,3230,2529,936,2373,3206,2863,1857,3
689,1936,1684,1474,3226,2530,937,2373,3208,2862,1858,3
690,1946,1684,1462,3230,2530,935,2372,3219,2863,1856,3
691,1915,1687,1474,3227,2530,936,2370,3214,2863,1857,3
692,1938,1686,1474,3230,2527,936,2370,3212,2862,1856,3
693,1934,1679,1469,3228,2533,930,2378,3211,2874,1858,3
694,1943,1688,1472,3232,2533,933,2382,3210,2870,1856,3
695,1942,1683,1474,3229,2534,934,2376,3200,2871,1858,3
696,1948,1686,1478,3232,2532,939,2379,3208,2866,1858,3
697,1923,1680,1483,3228,2529,937,2373,3209,2862,1853,3
698,1939,1684,1474,3230,2529,937,2374,3213,2863,1854,3
699,1928,1674,1475,3228,2531,938,2374,3219,2862,1858,3
700,1930,1688,1474,3230,2529,937,2374,3219,2862,1856,3
701,1934,1680,1474,3228,2530,938,2372,3203,2862,1858,3
702,1934,1680,1478,3230,2528,937,2372,3208,2860,1854,3
703,1912,1683,1474,3230,2527,938,2373,3194,2861,1856,3
704,1935,1683,1474,3230,2530,946,2368,3200,2862,1857,3
705,1929,1677,1474,3229,2529,939,2371,3214,2860,1857,3
706,1928,1683,1476,3230,2527,939,2373,3219,2859,1856,3
707,1932,1680,1477,3228,2530,940,2374,3214,2862,1859,3
708,1947,1680,1477,3229,2527,940,2372,3218,2859,1858,3
709,1938,1682,1476,3230,2528,938,2374,3205,2859,1858,3
710,1926,1689,1475,3230,2528,942,2371,3198,2859,1858,3
711,1927,1686,1476,3230,2527,942,2374,3203,2859,1859,3
712,1915,1678,1474,3229,2526,942,2368,3204,2858,1858,3
713,1939,1686,1478,3229,2527,943,2368,3214,2857,1858,3
714,1916,1674,1475,3230,2525,942,2368,3211,2858,1859,3
715,1924,1691,1477,3223,2523,940,2369,3214,2856,1858,3
716,1924,1675,1472,3231,2529,933,2371,3211,2861,1858,3
717,1928,1684,1478,3229,2526,939,2375,3211,2865,1860,3
718,1930,1682,1479,3229,2527,944,2371,3200,2855,1859,3
719,1913,1676,1480,3227,2524,947,2369,3203,2853,1859,3
720,1921,1683,1478,3232,2525,945,2371,3208,2853,1861,3
