Count,S1,S2,S3,S4,S5,S6,S7,S8,S9,S10,Flag
1,2395,1729,1533,1255,2467,660,614,2702,2480,840,0
2,2400,1735,1538,1255,2473,658,609,2783,2482,840,0
3,2394,1725,1538,1255,2474,659,614,2830,2482,838,0
4,2405,1725,1538,1254,2475,659,613,2791,2482,839,0
5,2410,1725,1531,1254,2474,657,614,2650,2480,839,0
6,2407,1732,1537,1253,2472,657,613,2627,2482,838,0
7,2400,1726,1536,1252,2473,657,613,2696,2480,838,0
8,2400,1731,1536,1254,2473,658,614,2779,2481,840,0
9,2397,1723,1536,1254,2473,658,613,2830,2480,840,0
10,2402,1731,1538,1254,2473,658,614,2801,2482,839,0
11,2403,1722,1538,1253,2472,659,614,2690,2482,840,0
12,2399,1726,1534,1252,2473,659,613,2620,2481,838,0
13,2404,1739,1537,1254,2472,658,613,2654,2481,837,0
14,2378,1725,1538,1254,2472,659,611,2752,2482,839,0
15,2398,1721,1537,1254,2472,659,613,2811,2482,838,0
16,2421,1733,1538,1255,2472,658,614,2829,2480,840,0
17,2403,1733,1537,1254,2473,658,613,2781,2481,841,0
18,2383,1726,1538,1254,2472,658,614,2666,2482,839,0
19,2401,1733,1538,1254,2474,658,615,2625,2482,839,0
20,2416,1730,1537,1253,2474,658,613,2671,2482,839,0
21,2402,1725,1536,1254,2474,658,612,2763,2482,840,1
22,2374,1725,1537,1254,2475,659,614,2825,2482,840,1
23,2400,1734,1538,1253,2471,659,614,2833,2482,839,1
24,2403,1718,1538,1260,2474,658,614,2742,2482,841,1
25,2400,1728,1538,1254,2474,658,613,2647,2482,840,1
26,2411,1731,1538,1253,2473,658,612,2630,2482,839,1
27,2400,1726,1536,1253,2474,659,614,2698,2482,840,1
28,2404,1730,1539,1253,2474,659,612,2790,2483,839,1
29,2410,1734,1538,1254,2474,657,614,2830,2482,840,1
30,2402,1728,1538,1253,2474,658,614,2824,2479,840,1
31,2403,1728,1539,1253,2474,658,613,2721,2483,840,1
32,2403,1732,1539,1252,2475,658,614,2627,2483,839,1
33,2411,1729,1538,1255,2474,658,614,2636,2483,839,1
34,2407,1739,1538,1254,2474,661,613,2726,2483,840,1
35,2403,1726,1538,1253,2474,658,613,2798,2483,840,1
36,2403,1730,1539,1253,2474,658,612,2834,2483,840,1
37,2405,1736,1538,1253,2475,659,613,2802,2482,840,1
38,2406,1729,1538,1254,2480,659,614,2680,2482,841,1
39,2410,1730,1539,1254,2474,658,614,2622,2484,841,1
40,2421,1731,1539,1255,2474,658,612,2651,2484,840,1
41,2410,1737,1540,1254,2476,658,614,2751,2483,841,1
42,2405,1730,1539,1254,2475,658,614,2812,2485,840,1
43,2406,1745,1539,1256,2475,658,616,2834,2483,841,1
44,2410,1734,1539,1256,2476,657,615,2774,2484,841,1
45,2406,1723,1539,1256,2476,658,619,2670,2484,842,1
46,2407,1734,1541,1256,2476,658,614,2626,2485,843,1
47,2410,1724,1538,1258,2478,659,613,2680,2483,842,1
48,2406,1731,1539,1256,2476,658,616,2773,2485,843,1
49,2428,1734,1540,1258,2475,659,616,2820,2486,843,1
50,2409,1731,1539,1258,2476,659,616,2834,2485,843,1
51,2422,1734,1539,1257,2475,658,616,2746,2485,843,1
52,2408,1734,1540,1256,2477,659,615,2656,2484,843,1
53,2417,1733,1541,1258,2477,660,616,2627,2485,843,1
54,2415,1734,1541,1257,2476,658,613,2703,2485,842,1
55,2419,1736,1542,1258,2476,659,616,2786,2486,844,1
56,2376,1732,1541,1258,2478,659,616,2832,2487,844,1
57,2412,1734,1542,1258,2478,659,616,2822,2487,846,1
58,2395,1733,1541,1259,2478,659,617,2724,2486,844,1
59,2408,1731,1542,1260,2477,660,618,2632,2488,845,1
60,2410,1736,1543,1259,2468,659,617,2647,2489,846,1
61,2430,1735,1544,1261,2478,659,619,2725,2489,845,1
62,2415,1737,1543,1260,2477,661,618,2798,2489,846,1
63,2418,1733,1541,1262,2486,660,618,2828,2489,846,1
64,2400,1733,1542,1262,2480,658,618,2808,2490,846,1
65,2418,1732,1543,1262,2479,660,615,2700,2489,846,1
66,2412,1734,1541,1262,2479,659,618,2634,2490,848,1
67,2419,1731,1544,1262,2479,659,624,2665,2491,846,1
68,2416,1736,1542,1261,2480,661,619,2747,2491,846,1
69,2419,1734,1544,1261,2479,660,619,2810,2491,846,1
70,2420,1722,1544,1263,2480,660,621,2830,2491,847,1
71,2423,1733,1544,1263,2482,659,623,2786,2493,847,1
72,2419,1734,1544,1262,2480,660,620,2675,2490,848,1
73,2427,1743,1544,1262,2482,662,620,2632,2493,850,1
74,2437,1738,1538,1263,2481,661,619,2678,2493,849,1
75,2400,1737,1544,1262,2482,661,621,2772,2493,848,1
76,2421,1739,1545,1264,2480,660,619,2824,2493,849,1
77,2424,1742,1544,1262,2482,661,620,2837,2494,849,1
78,2432,1735,1545,1264,2482,661,621,2755,2496,850,1
79,2412,1739,1550,1263,2482,662,619,2662,2494,849,1
80,2424,1736,1546,1265,2483,661,620,2638,2496,851,1
81,2426,1742,1546,1264,2483,662,622,2703,2496,854,1
82,2434,1746,1546,1264,2483,661,622,2794,2496,850,1
83,2428,1728,1547,1264,2483,661,621,2827,2498,850,1
84,2432,1751,1545,1266,2484,662,620,2828,2498,851,1
85,2461,1740,1547,1264,2482,662,621,2730,2498,850,1
86,2435,1738,1546,1266,2483,662,621,2643,2499,851,1
87,2435,1739,1547,1266,2486,660,621,2643,2499,851,1
88,2428,1739,1547,1266,2483,661,622,2733,2499,852,1
89,2440,1739,1548,1266,2484,661,622,2798,2502,853,1
90,2435,1747,1547,1265,2482,662,622,2829,2499,852,1
91,2432,1736,1548,1265,2484,662,628,2818,2501,853,1
92,2428,1738,1549,1266,2486,661,622,2702,2500,853,1
93,2438,1742,1550,1266,2485,663,621,2634,2506,853,1
94,2434,1734,1550,1266,2485,661,622,2658,2502,854,1
95,2434,1741,1549,1265,2482,664,623,2757,2502,853,1
96,2441,1737,1550,1265,2486,662,623,2811,2504,853,1
97,2438,1739,1550,1266,2486,661,619,2831,2502,854,1
98,2436,1738,1551,1266,2485,663,625,2791,2504,854,1
99,2439,1743,1551,1265,2486,662,625,2682,2504,854,1
100,2444,1738,1551,1266,2486,662,623,2630,2504,855,1
101,2434,1738,1550,1266,2488,662,625,2684,2505,856,1
102,2440,1736,1551,1266,2486,662,626,2775,2504,854,1
103,2442,1745,1552,1266,2488,662,619,2819,2506,856,1
104,2439,1741,1552,1268,2488,663,623,2834,2504,854,1
105,2438,1737,1551,1267,2488,662,624,2759,2506,858,1
106,2446,1743,1554,1266,2489,663,624,2668,2504,855,1
107,2440,1742,1551,1266,2488,663,624,2638,2505,855,1
108,2443,1744,1554,1267,2489,662,625,2707,2507,856,1
109,2445,1740,1551,1268,2488,661,624,2786,2506,857,1
110,2442,1733,1552,1267,2489,663,625,2830,2506,858,1
111,2444,1753,1553,1263,2488,662,624,2834,2507,857,1
112,2455,1745,1549,1267,2490,662,625,2734,2506,857,1
113,2432,1738,1552,1267,2490,664,625,2648,2506,857,1
114,2462,1742,1555,1267,2490,662,625,2646,2508,858,1
115,2445,1746,1554,1267,2490,664,625,2728,2508,856,1
116,2446,1742,1554,1268,2491,662,628,2807,2507,856,1
117,2441,1742,1554,1266,2491,663,624,2834,2507,857,1
118,2451,1743,1555,1267,2492,663,624,2813,2508,858,1
119,2446,1746,1555,1267,2490,664,623,2702,2508,859,1
120,2447,1747,1554,1265,2491,664,626,2633,2509,857,1
121,2447,1741,1555,1266,2491,663,623,2662,2510,858,2
122,2458,1749,1560,1272,2496,665,626,2755,2510,858,2
123,2455,1749,1558,1270,2496,666,624,2817,2510,857,2
124,2457,1752,1559,1268,2496,666,625,2838,2510,857,2
125,2454,1752,1558,1266,2496,666,625,2791,2510,857,2
126,2454,1750,1560,1266,2496,664,625,2682,2511,856,2
127,2455,1750,1557,1264,2496,667,622,2629,2510,857,2
128,2451,1749,1557,1263,2496,665,623,2679,2509,856,2
129,2453,1751,1557,1263,2494,666,622,2771,2510,858,2
130,2450,1747,1557,1261,2498,665,623,2826,2510,858,2
131,2447,1748,1557,1260,2496,665,623,2834,2508,856,2
132,2446,1749,1558,1260,2496,667,622,2751,2509,856,2
133,2447,1745,1558,1260,2494,666,621,2653,2510,855,2
134,2450,1746,1557,1258,2494,664,621,2633,2509,855,2
135,2450,1750,1557,1257,2494,665,620,2701,2510,855,2
136,2448,1747,1557,1257,2494,665,621,2789,2509,853,2
137,2451,1746,1558,1257,2494,664,619,2830,2509,854,2
138,2445,1747,1555,1255,2494,665,619,2825,2508,854,2
139,2447,1749,1557,1254,2494,666,619,2722,2507,853,2
140,2450,1748,1557,1254,2494,664,620,2630,2508,854,2
141,2445,1746,1555,1253,2496,665,620,2641,2507,852,2
142,2445,1752,1555,1252,2496,666,618,2726,2507,852,2
143,2450,1751,1555,1252,2494,664,620,2802,2508,852,2
144,2444,1748,1555,1251,2493,666,616,2831,2508,853,2
145,2448,1750,1557,1252,2494,665,617,2803,2506,852,2
146,2445,1747,1557,1251,2496,664,616,2688,2507,852,2
147,2450,1746,1556,1251,2492,663,616,2616,2506,851,2
148,2448,1747,1558,1251,2491,666,615,2648,2506,851,2
149,2447,1748,1556,1250,2491,664,616,2754,2505,851,2
150,2445,1749,1556,1250,2494,664,616,2816,2505,850,2
151,2450,1749,1556,1250,2493,664,614,2832,2506,850,2
152,2448,1747,1555,1247,2492,664,614,2771,2505,848,2
153,2448,1748,1557,1247,2492,664,613,2657,2504,848,2
154,2445,1747,1555,1248,2491,664,613,2614,2504,849,2
155,2443,1746,1556,1249,2493,664,614,2672,2504,850,2
156,2448,1747,1556,1247,2492,664,612,2768,2502,849,2
157,2448,1747,1555,1245,2494,663,612,2824,2502,848,2
158,2448,1748,1555,1246,2492,664,612,2828,2502,848,2
159,2443,1746,1555,1246,2491,663,611,2735,2502,849,2
160,2444,1742,1555,1246,2491,663,612,2634,2502,847,2
161,2446,1746,1555,1246,2493,664,612,2618,2501,848,2
162,2443,1745,1554,1246,2491,663,613,2698,2502,848,2
163,2446,1747,1555,1247,2490,664,611,2788,2501,847,2
164,2441,1747,1555,1245,2490,664,610,2829,2500,846,2
165,2442,1746,1554,1246,2490,664,609,2819,2499,846,2
166,2443,1746,1555,1248,2491,664,610,2703,2499,847,2
167,2441,1745,1555,1245,2492,662,609,2611,2499,847,2
168,2443,1746,1554,1246,2491,664,610,2629,2499,847,2
169,2443,1745,1555,1245,2492,663,610,2726,2498,847,2
170,2444,1744,1555,1248,2491,662,608,2801,2498,845,2
171,2441,1746,1554,1247,2491,664,610,2830,2498,846,2
172,2443,1744,1554,1246,2491,662,609,2794,2497,846,2
173,2439,1741,1553,1245,2490,663,611,2671,2497,845,2
174,2438,1744,1553,1245,2491,664,610,2606,2496,846,2
175,2438,1742,1555,1248,2490,663,607,2646,2496,845,2
176,2440,1744,1554,1247,2491,662,609,2750,2496,845,2
177,2440,1742,1554,1248,2490,661,608,2814,2496,846,2
178,2437,1741,1551,1246,2490,664,608,2830,2492,844,2
179,2440,1744,1554,1245,2488,663,607,2764,2493,844,2
180,2435,1743,1554,1247,2490,662,607,2646,2492,844,2
181,2437,1741,1553,1248,2490,662,607,2605,2492,845,2
182,2439,1744,1554,1248,2490,663,608,2672,2491,844,2
183,2435,1742,1551,1247,2488,663,608,2769,2491,844,2
184,2438,1741,1552,1249,2489,661,607,2822,2490,842,2
185,2433,1740,1552,1250,2489,661,604,2826,2490,844,2
186,2432,1742,1550,1247,2490,662,606,2726,2490,843,2
187,2438,1742,1551,1248,2488,660,604,2622,2490,843,2
188,2430,1744,1552,1248,2489,660,607,2611,2489,844,2
189,2435,1742,1551,1249,2488,662,605,2699,2489,842,2
190,2435,1742,1551,1250,2488,661,605,2790,2488,843,2
191,2427,1742,1550,1248,2488,662,605,2830,2487,843,2
192,2427,1742,1551,1250,2488,662,604,2817,2488,842,2
193,2432,1740,1550,1250,2487,661,605,2697,2488,844,2
194,2427,1740,1550,1250,2488,660,605,2604,2486,842,2
195,2432,1739,1550,1252,2487,660,605,2628,2486,841,2
196,2426,1742,1549,1252,2487,660,605,2724,2486,841,2
197,2424,1741,1550,1252,2488,661,604,2803,2486,841,2
198,2424,1739,1547,1251,2488,661,605,2831,2484,842,2
199,2425,1740,1548,1251,2486,660,606,2790,2485,840,2
200,2423,1741,1547,1253,2486,660,605,2666,2483,840,2
201,2424,1740,1549,1253,2486,661,605,2600,2483,840,2
202,2424,1741,1549,1251,2486,662,606,2643,2482,841,2
203,2421,1738,1548,1254,2484,661,606,2749,2483,840,2
204,2424,1743,1549,1254,2484,660,605,2818,2482,839,2
205,2421,1739,1547,1254,2486,662,605,2833,2482,839,2
206,2420,1742,1546,1254,2486,661,604,2759,2480,840,2
207,2422,1737,1547,1254,2486,659,605,2641,2482,840,2
208,2418,1737,1548,1255,2484,660,603,2600,2481,838,2
209,2420,1739,1547,1254,2484,660,604,2673,2480,839,2
210,2420,1739,1547,1255,2486,660,605,2771,2480,840,2
211,2417,1736,1546,1256,2485,659,605,2824,2479,838,2
212,2415,1735,1546,1256,2485,660,605,2827,2479,838,2
213,2414,1734,1546,1257,2484,661,604,2721,2479,838,2
214,2415,1738,1546,1256,2483,658,606,2618,2478,839,2
215,2416,1739,1547,1257,2484,660,604,2611,2477,837,2
216,2413,1737,1545,1259,2483,659,605,2698,2478,839,2
217,2412,1736,1544,1256,2483,660,604,2789,2475,838,2
218,2410,1736,1544,1258,2483,660,606,2828,2475,838,2
219,2410,1736,1543,1258,2483,659,604,2816,2475,838,2
220,2412,1736,1545,1260,2482,659,604,2694,2475,838,2
221,2408,1734,1546,1259,2483,658,605,2603,2475,837,2
222,2406,1731,1545,1260,2483,659,604,2625,2475,837,2
223,2405,1736,1543,1262,2482,660,606,2728,2474,838,2
224,2407,1734,1544,1261,2482,658,605,2802,2474,837,2
225,2405,1735,1543,1261,2482,659,606,2833,2472,837,2
226,2405,1736,1542,1263,2482,658,605,2788,2474,837,2
227,2403,1731,1542,1262,2482,659,606,2664,2472,836,2
228,2403,1732,1541,1264,2481,659,606,2600,2472,837,2
229,2402,1735,1543,1262,2480,658,605,2644,2472,836,2
230,2401,1735,1542,1265,2481,658,606,2750,2470,838,2
231,2404,1733,1542,1265,2479,658,605,2816,2472,836,2
232,2403,1733,1542,1266,2480,657,605,2832,2471,835,2
233,2403,1731,1539,1263,2482,658,606,2757,2470,835,2
234,2397,1734,1540,1265,2479,657,604,2639,2469,836,2
235,2397,1733,1541,1266,2479,657,605,2602,2470,836,2
236,2401,1729,1541,1267,2480,657,606,2672,2469,836,2
237,2398,1730,1539,1267,2478,658,605,2774,2468,834,2
238,2396,1729,1540,1267,2478,658,604,2825,2468,835,2
239,2393,1730,1539,1269,2479,658,606,2827,2467,835,2
240,2395,1731,1538,1267,2479,658,605,2723,2467,834,2
241,2394,1729,1539,1270,2478,657,606,2619,2467,834,2
242,2394,1734,1537,1269,2479,658,606,2613,2467,834,2
243,2391,1731,1537,1267,2478,658,606,2698,2466,834,2
244,2392,1734,1538,1270,2478,656,606,2792,2466,835,2
245,2389,1729,1538,1271,2476,657,606,2829,2466,835,2
246,2390,1728,1538,1272,2478,657,606,2814,2466,834,2
247,2390,1731,1536,1270,2478,656,606,2695,2463,834,2
248,2385,1725,1537,1272,2475,656,607,2605,2464,834,2
249,2389,1728,1536,1272,2475,658,606,2627,2464,833,2
250,2389,1728,1534,1273,2475,656,607,2728,2462,834,2
251,2384,1725,1533,1274,2475,656,607,2804,2462,833,2
252,2387,1724,1534,1274,2475,655,607,2834,2463,834,2
253,2383,1722,1534,1275,2475,655,607,2790,2462,834,2
254,2382,1725,1533,1274,2474,656,608,2664,2461,834,2
255,2384,1726,1533,1276,2474,655,606,2600,2461,833,2
256,2379,1725,1532,1274,2473,656,606,2643,2460,832,2
257,2378,1722,1534,1275,2474,655,608,2754,2459,832,2
258,2378,1722,1532,1275,2474,656,607,2819,2459,832,2
259,2377,1724,1531,1278,2475,656,608,2833,2459,834,2
260,2379,1722,1531,1278,2472,655,608,2758,2458,833,2
261,2376,1721,1531,1278,2474,655,608,2642,2459,832,2
262,2373,1724,1531,1277,2474,656,608,2604,2458,830,2
263,2373,1720,1531,1278,2474,656,607,2673,2457,832,2
264,2373,1722,1531,1281,2473,655,609,2775,2457,833,2
265,2376,1720,1530,1281,2472,654,610,2826,2456,832,2
266,2370,1720,1529,1280,2472,655,607,2830,2456,829,2
267,2370,1721,1531,1282,2472,654,609,2723,2457,830,2
268,2369,1721,1529,1282,2472,656,609,2622,2456,829,2
269,2370,1719,1530,1284,2472,654,609,2614,2454,832,2
270,2366,1723,1529,1285,2471,654,609,2702,2456,829,2
271,2373,1716,1530,1284,2471,654,609,2792,2455,832,2
272,2368,1720,1528,1285,2471,654,610,2832,2454,829,2
273,2368,1717,1527,1285,2471,655,610,2817,2454,832,2
274,2363,1720,1528,1286,2471,654,609,2698,2453,829,2
275,2363,1721,1528,1288,2470,652,610,2607,2453,828,2
276,2366,1718,1525,1289,2470,654,610,2632,2453,828,2
277,2366,1719,1525,1286,2469,654,610,2731,2451,832,2
278,2363,1718,1525,1287,2470,654,610,2804,2451,832,2
279,2360,1718,1525,1288,2469,653,611,2835,2452,829,2
280,2362,1717,1525,1288,2468,654,611,2793,2451,829,2
281,2358,1716,1525,1290,2468,653,612,2666,2452,829,2
282,2358,1718,1526,1290,2467,654,611,2601,2451,830,2
283,2357,1715,1525,1291,2467,654,610,2648,2451,827,2
284,2358,1718,1523,1290,2467,654,612,2758,2450,829,2
285,2355,1718,1524,1291,2468,653,612,2821,2448,828,2
286,2355,1715,1523,1292,2467,653,611,2834,2450,827,2
287,2352,1714,1522,1292,2467,653,612,2760,2450,827,2
288,2352,1714,1521,1294,2466,653,613,2645,2448,829,2
289,2352,1717,1522,1294,2466,654,613,2608,2449,827,2
290,2350,1715,1522,1294,2466,654,612,2678,2449,828,2
291,2354,1714,1522,1295,2466,653,614,2778,2447,828,2
292,2352,1713,1522,1296,2466,651,614,2828,2447,828,2
293,2353,1714,1522,1295,2466,654,614,2831,2447,828,2
294,2347,1713,1521,1296,2464,654,614,2725,2447,827,2
295,2345,1714,1521,1298,2464,652,614,2624,2446,828,2
296,2350,1713,1522,1298,2465,652,613,2619,2446,827,2
297,2347,1713,1519,1299,2464,653,614,2705,2446,828,2
298,2348,1711,1520,1299,2464,654,613,2794,2445,826,2
299,2344,1712,1519,1300,2462,652,614,2834,2445,827,2
300,2346,1712,1519,1300,2463,653,616,2818,2444,827,2
301,2342,1710,1518,1301,2463,651,614,2700,2444,827,2
302,2342,1711,1519,1301,2464,652,615,2611,2444,825,2
303,2344,1712,1518,1302,2462,651,616,2634,2444,828,2
304,2340,1710,1519,1302,2462,652,615,2735,2443,826,2
305,2342,1710,1518,1304,2461,651,616,2808,2443,827,2
306,2342,1710,1517,1304,2460,650,616,2836,2444,827,2
307,2338,1709,1515,1304,2461,651,616,2793,2442,826,2
308,2341,1711,1517,1305,2459,651,616,2670,2442,826,2
309,2339,1710,1515,1305,2460,651,616,2607,2442,825,2
310,2336,1710,1517,1305,2458,650,617,2652,2442,827,2
311,2337,1708,1518,1306,2460,650,615,2759,2442,826,2
312,2331,1706,1515,1306,2459,651,616,2823,2441,826,2
313,2336,1707,1516,1307,2458,651,615,2834,2440,824,2
314,2332,1707,1514,1309,2459,650,618,2761,2441,828,2
315,2332,1705,1514,1309,2458,650,617,2649,2440,826,2
316,2332,1707,1514,1310,2458,651,618,2611,2442,827,2
317,2328,1708,1512,1310,2459,651,618,2681,2440,826,2
318,2331,1707,1514,1310,2458,650,618,2780,2440,826,2
319,2330,1710,1513,1310,2458,651,617,2832,2440,825,2
320,2330,1705,1514,1313,2458,651,618,2835,2439,826,2
321,2326,1706,1512,1314,2457,649,620,2726,2438,826,3
322,2304,1698,1508,1309,2452,647,617,2628,2438,826,3
323,2317,1698,1508,1310,2451,648,618,2620,2436,826,3
324,2323,1702,1510,1314,2451,648,618,2709,2438,826,3
325,2299,1698,1509,1318,2451,648,618,2799,2437,826,3
326,2319,1700,1509,1322,2452,648,621,2833,2435,827,3
327,2328,1706,1508,1324,2452,647,620,2816,2437,826,3
328,2314,1700,1508,1325,2451,648,622,2701,2436,827,3
329,2334,1699,1510,1328,2451,648,620,2613,2438,826,3
330,2330,1690,1510,1332,2452,647,623,2643,2437,829,3
331,2326,1703,1510,1335,2452,648,621,2739,2436,828,3
332,2337,1702,1510,1339,2451,649,623,2806,2436,828,3
333,2335,1699,1504,1339,2452,648,623,2840,2435,827,3
334,2348,1703,1510,1346,2451,648,624,2806,2437,827,3
335,2341,1706,1510,1347,2452,647,620,2677,2438,827,3
336,2346,1699,1510,1347,2453,647,626,2626,2436,828,3
337,2339,1700,1510,1352,2453,648,626,2666,2437,829,3
338,2352,1701,1510,1352,2454,648,627,2765,2435,826,3
339,2348,1684,1513,1354,2453,646,626,2830,2437,828,3
340,2354,1704,1512,1358,2454,646,628,2845,2437,829,3
341,2353,1703,1512,1354,2453,648,627,2776,2437,829,3
342,2350,1700,1512,1355,2454,648,629,2660,2436,830,3
343,2352,1707,1513,1355,2454,646,628,2631,2438,832,3
344,2338,1706,1513,1355,2453,649,627,2691,2438,830,3
345,2358,1722,1513,1355,2454,647,629,2786,2438,832,3
346,2352,1705,1514,1354,2453,648,630,2832,2438,834,3
347,2366,1708,1513,1354,2456,649,630,2840,2438,832,3
348,2362,1704,1515,1352,2454,648,629,2740,2440,833,3
349,2360,1721,1515,1350,2455,647,631,2651,2439,833,3
350,2370,1706,1514,1348,2454,647,632,2638,2439,833,3
351,2366,1729,1514,1347,2455,648,632,2723,2438,834,3
352,2365,1704,1516,1346,2454,648,631,2806,2438,834,3
353,2363,1705,1515,1344,2453,648,630,2842,2440,834,3
354,2368,1708,1516,1341,2450,649,631,2824,2440,832,3
355,2380,1708,1515,1341,2455,647,630,2721,2440,833,3
356,2374,1710,1518,1339,2454,648,632,2632,2439,834,3
357,2365,1706,1515,1338,2455,648,631,2654,2442,834,3
358,2370,1708,1515,1335,2456,648,630,2748,2440,834,3
359,2368,1718,1517,1333,2454,650,632,2820,2442,833,3
360,2362,1707,1517,1333,2455,650,632,2839,2440,834,3
361,2355,1706,1516,1331,2455,648,632,2801,2441,834,3
362,2366,1712,1515,1334,2454,648,633,2688,2442,834,3
363,2352,1710,1517,1330,2454,648,626,2627,2441,835,3
364,2370,1718,1517,1327,2454,649,631,2673,2442,835,3
365,2374,1706,1517,1327,2454,650,631,2770,2442,835,3
366,2371,1703,1516,1325,2455,648,631,2824,2442,835,3
367,2371,1712,1516,1324,2455,650,632,2840,2441,836,3
368,2374,1704,1515,1322,2454,650,630,2772,2443,834,3
369,2366,1710,1517,1323,2454,648,631,2667,2438,834,3
370,2376,1730,1518,1321,2454,648,630,2635,2444,835,3
371,2366,1709,1517,1318,2455,648,630,2693,2442,835,3
372,2379,1709,1518,1318,2456,649,630,2789,2440,835,3
373,2371,1716,1516,1318,2454,648,630,2838,2442,836,3
374,2334,1708,1518,1317,2454,649,631,2834,2443,836,3
375,2374,1704,1518,1315,2455,647,629,2738,2443,835,3
376,2372,1709,1516,1315,2456,649,630,2640,2443,836,3
377,2374,1705,1517,1313,2455,650,628,2642,2450,836,3
378,2374,1711,1516,1312,2454,649,628,2722,2443,836,3
379,2380,1711,1518,1311,2453,649,627,2805,2444,835,3
380,2376,1708,1518,1311,2455,647,629,2840,2444,835,3
381,2400,1710,1517,1310,2456,649,628,2824,2443,836,3
382,2401,1714,1518,1307,2456,649,627,2714,2444,836,3
383,2372,1698,1517,1306,2456,649,627,2630,2444,836,3
384,2347,1708,1523,1306,2446,648,627,2650,2445,835,3
385,2379,1714,1518,1305,2454,648,627,2752,2445,836,3
386,2398,1711,1510,1304,2456,650,627,2817,2444,838,3
387,2374,1703,1518,1303,2456,650,626,2837,2444,836,3
388,2376,1716,1517,1302,2456,650,625,2797,2444,836,3
389,2374,1710,1519,1302,2454,650,626,2680,2445,835,3
390,2364,1711,1518,1300,2456,650,626,2625,2446,835,3
391,2391,1711,1520,1300,2455,650,625,2671,2446,836,3
392,2373,1712,1518,1300,2455,651,623,2762,2444,836,3
393,2393,1711,1519,1298,2456,650,623,2828,2443,836,3
394,2382,1715,1519,1298,2455,650,624,2840,2446,836,3
395,2372,1710,1518,1298,2454,649,624,2762,2445,836,3
396,2378,1708,1518,1296,2456,649,625,2663,2446,836,3
397,2374,1713,1518,1296,2456,650,623,2624,2446,837,3
398,2376,1708,1518,1294,2456,650,622,2692,2446,836,3
399,2386,1714,1519,1293,2455,651,623,2789,2446,835,3
400,2377,1713,1518,1294,2454,650,623,2834,2445,835,3
401,2360,1714,1519,1292,2456,649,624,2830,2446,836,3
402,2373,1707,1517,1292,2456,650,623,2729,2446,836,3
403,2369,1707,1520,1292,2454,650,621,2634,2446,836,3
404,2365,1713,1519,1292,2454,650,621,2633,2447,835,3
405,2375,1710,1517,1290,2455,651,622,2720,2446,835,3
406,2374,1708,1519,1290,2456,651,621,2800,2446,836,3
407,2380,1715,1518,1289,2456,649,622,2834,2446,836,3
408,2373,1718,1517,1287,2456,651,622,2817,2446,835,3
409,2377,1710,1519,1288,2455,651,620,2702,2447,834,3
410,2378,1718,1519,1289,2455,650,620,2624,2448,834,3
411,2374,1706,1518,1287,2456,649,621,2650,2446,836,3
412,2373,1734,1517,1276,2454,656,619,2746,2446,836,3
413,2382,1712,1520,1286,2454,650,619,2818,2447,835,3
414,2371,1706,1518,1286,2454,650,620,2833,2447,836,3
415,2374,1710,1517,1284,2456,648,619,2786,2447,836,3
416,2372,1712,1519,1284,2455,650,620,2670,2448,836,3
417,2368,1712,1517,1285,2456,649,621,2616,2448,835,3
418,2377,1726,1519,1284,2454,650,619,2673,2448,834,3
419,2400,1715,1520,1282,2456,650,618,2761,2448,835,3
420,2372,1710,1518,1284,2454,650,620,2822,2447,835,3
421,2354,1710,1518,1282,2456,649,620,2835,2448,835,3
422,2375,1716,1519,1281,2456,649,618,2756,2448,835,3
423,2408,1715,1519,1281,2454,650,617,2649,2448,835,3
424,2370,1711,1519,1279,2454,650,618,2621,2448,835,3
425,2382,1718,1519,1280,2455,651,617,2696,2448,835,3
426,2374,1710,1522,1278,2455,650,617,2785,2446,836,3
427,2374,1715,1519,1278,2454,651,616,2827,2448,836,3
428,2376,1709,1518,1276,2454,650,619,2827,2448,836,3
429,2376,1714,1520,1278,2455,649,616,2723,2448,834,3
430,2380,1713,1519,1276,2458,650,618,2634,2448,836,3
431,2374,1708,1518,1275,2456,650,616,2632,2448,835,3
432,2370,1713,1520,1276,2454,650,616,2716,2448,835,3
433,2388,1718,1519,1276,2454,650,614,2796,2448,835,3
434,2380,1714,1518,1275,2455,649,616,2835,2449,835,3
435,2386,1714,1520,1275,2455,649,616,2811,2448,834,3
436,2388,1714,1520,1274,2455,650,616,2697,2449,836,3
437,2385,1711,1518,1274,2456,650,616,2614,2448,836,3
438,2379,1714,1518,1274,2456,650,616,2651,2450,836,3
439,2374,1696,1520,1273,2455,646,615,2744,2450,835,3
440,2379,1719,1518,1274,2456,651,616,2817,2450,836,3
441,2373,1713,1519,1275,2456,650,618,2830,2449,835,3
442,2374,1714,1519,1271,2455,651,620,2786,2450,834,3
443,2346,1711,1518,1273,2456,650,616,2674,2450,834,3
444,2376,1701,1519,1274,2455,650,616,2617,2450,835,3
445,2378,1722,1518,1274,2455,650,616,2674,2450,835,3
446,2354,1715,1527,1271,2456,650,616,2770,2450,834,3
447,2365,1714,1519,1273,2455,650,616,2820,2449,836,3
448,2378,1710,1520,1272,2456,650,619,2833,2450,835,3
449,2381,1714,1520,1273,2454,651,615,2752,2450,835,3
450,2377,1708,1520,1272,2455,650,616,2648,2451,835,3
451,2386,1715,1522,1273,2457,651,616,2618,2450,836,3
452,2381,1711,1520,1272,2456,652,615,2698,2450,836,3
453,2371,1714,1519,1271,2455,651,615,2785,2452,834,3
454,2375,1698,1520,1272,2454,650,616,2827,2451,835,3
455,2378,1710,1520,1273,2455,649,616,2830,2450,836,3
456,2378,1724,1518,1267,2456,651,616,2722,2452,835,3
457,2376,1714,1521,1270,2455,651,616,2627,2451,834,3
458,2374,1718,1519,1270,2455,651,614,2636,2451,835,3
459,2373,1709,1520,1272,2455,650,616,2722,2452,835,3
460,2378,1711,1522,1272,2454,650,616,2803,2452,834,3
461,2378,1736,1521,1270,2455,651,615,2833,2451,835,3
462,2368,1710,1519,1272,2448,651,617,2810,2451,836,3
463,2374,1715,1519,1272,2454,650,616,2691,2452,835,3
464,2374,1715,1519,1271,2454,650,617,2618,2452,835,3
465,2374,1713,1522,1272,2455,649,616,2648,2452,835,3
466,2402,1714,1520,1271,2457,650,616,2746,2452,836,3
467,2379,1706,1519,1271,2456,651,618,2818,2451,837,3
468,2376,1717,1519,1272,2456,650,610,2829,2452,835,3
469,2374,1734,1519,1271,2455,651,616,2782,2454,836,3
470,2339,1711,1521,1271,2456,650,617,2670,2453,835,3
471,2382,1715,1520,1270,2456,651,615,2622,2454,835,3
472,2376,1717,1520,1271,2456,652,616,2673,2453,837,3
473,2379,1717,1521,1270,2457,652,616,2768,2453,836,3
474,2376,1717,1519,1270,2456,651,616,2823,2451,836,3
475,2378,1706,1522,1271,2456,651,616,2830,2454,837,3
476,2376,1698,1519,1272,2456,652,617,2742,2454,835,3
477,2374,1713,1520,1270,2456,652,616,2644,2454,836,3
478,2378,1710,1521,1270,2458,652,614,2626,2454,834,3
479,2380,1699,1522,1271,2455,651,615,2698,2455,836,3
480,2373,1712,1519,1270,2457,651,616,2787,2455,835,3
481,2376,1706,1520,1270,2456,649,617,2827,2454,835,3
482,2381,1712,1521,1270,2456,652,615,2822,2454,835,3
483,2373,1709,1520,1269,2457,651,616,2718,2454,836,3
484,2379,1718,1522,1269,2456,651,614,2626,2455,835,3
485,2375,1706,1521,1269,2456,651,616,2638,2454,835,3
486,2378,1718,1520,1270,2456,652,616,2726,2454,837,3
487,2380,1706,1520,1270,2456,652,616,2798,2455,838,3
488,2376,1718,1519,1267,2457,652,616,2831,2456,835,3
489,2365,1715,1530,1269,2456,652,615,2804,2456,834,3
490,2375,1716,1520,1268,2458,651,616,2695,2457,836,3
491,2382,1713,1520,1269,2457,652,616,2622,2456,837,3
492,2377,1714,1519,1269,2458,651,618,2658,2456,837,3
493,2382,1725,1519,1267,2457,652,616,2757,2456,835,3
494,2380,1714,1522,1269,2457,653,617,2820,2456,838,3
495,2382,1716,1521,1268,2456,651,616,2836,2456,837,3
496,2414,1715,1521,1270,2456,653,618,2773,2456,835,3
497,2412,1716,1522,1270,2456,652,618,2662,2457,837,3
498,2381,1700,1520,1267,2456,651,616,2618,2457,835,3
499,2374,1714,1520,1271,2454,650,616,2685,2458,835,3
500,2374,1714,1522,1270,2455,651,618,2778,2456,837,3
501,2384,1722,1520,1269,2457,652,617,2826,2458,836,3
502,2383,1721,1520,1268,2458,652,615,2831,2458,835,3
503,2382,1715,1521,1267,2458,653,615,2735,2458,836,3
504,2377,1707,1522,1269,2456,652,617,2642,2458,835,3
505,2383,1708,1521,1269,2457,652,617,2628,2458,837,3
506,2378,1717,1522,1268,2456,652,618,2708,2458,838,3
507,2369,1715,1529,1268,2457,653,618,2794,2457,838,3
508,2380,1734,1521,1267,2458,654,617,2835,2457,836,3
509,2398,1720,1523,1269,2457,651,617,2819,2458,837,3
510,2376,1713,1522,1268,2458,653,616,2714,2458,836,3
511,2378,1718,1521,1270,2457,653,618,2626,2458,838,3
512,2377,1715,1521,1267,2456,652,618,2646,2459,838,3
513,2384,1724,1521,1259,2456,653,617,2736,2459,838,3
514,2400,1717,1522,1267,2457,654,617,2802,2459,836,3
515,2378,1713,1523,1267,2457,651,618,2830,2459,837,3
516,2376,1715,1521,1268,2458,653,618,2804,2458,838,3
517,2362,1715,1523,1267,2457,653,615,2688,2459,836,3
518,2383,1714,1523,1268,2458,654,616,2627,2458,836,3
519,2382,1714,1522,1267,2459,651,617,2657,2462,837,3
520,2384,1698,1523,1267,2459,653,616,2755,2459,836,3
521,2388,1718,1522,1267,2458,653,617,2822,2459,838,3
522,2381,1723,1522,1267,2458,652,616,2835,2458,836,3
523,2386,1718,1521,1268,2456,653,618,2767,2459,837,3
524,2379,1716,1522,1267,2457,653,617,2662,2461,838,3
525,2354,1715,1522,1267,2458,653,618,2627,2461,838,3
526,2386,1718,1523,1267,2458,652,616,2688,2462,838,3
527,2410,1717,1522,1267,2458,653,618,2774,2461,838,3
528,2378,1710,1522,1266,2459,650,616,2826,2458,837,3
529,2386,1723,1523,1266,2460,652,618,2833,2461,836,3
530,2386,1720,1524,1268,2458,653,614,2731,2461,837,3
531,2379,1719,1521,1267,2458,654,618,2638,2462,838,3
532,2373,1713,1523,1267,2458,653,616,2635,2461,837,3
533,2385,1715,1523,1266,2459,652,616,2714,2461,837,3
534,2386,1704,1523,1266,2458,652,615,2792,2462,839,3
535,2380,1716,1523,1267,2459,651,618,2835,2462,837,3
536,2381,1714,1521,1267,2460,654,616,2819,2462,836,3
537,2395,1718,1523,1266,2459,653,618,2708,2461,837,3
538,2382,1717,1523,1266,2458,652,617,2631,2462,838,3
539,2386,1714,1522,1264,2460,652,616,2649,2463,838,3
540,2409,1718,1524,1265,2460,654,615,2736,2462,838,3
541,2376,1718,1522,1264,2458,654,615,2809,2461,837,3
542,2387,1723,1524,1266,2459,652,616,2834,2461,838,3
543,2382,1718,1525,1265,2459,652,617,2793,2462,837,3
544,2368,1715,1524,1264,2460,653,616,2682,2463,836,3
545,2385,1732,1524,1265,2459,653,617,2624,2464,837,3
546,2384,1713,1523,1266,2460,648,618,2663,2464,836,3
547,2383,1718,1523,1263,2458,654,617,2766,2462,838,3
548,2388,1717,1524,1264,2459,653,616,2824,2464,833,3
549,2387,1724,1524,1265,2458,652,619,2830,2464,838,3
550,2349,1715,1524,1265,2459,652,617,2766,2464,838,3
551,2404,1720,1526,1263,2460,654,616,2654,2464,837,3
552,2383,1693,1525,1262,2459,654,615,2621,2466,837,3
553,2386,1728,1524,1259,2460,654,616,2693,2464,837,3
554,2386,1712,1524,1262,2461,655,616,2779,2463,838,3
555,2379,1718,1525,1263,2454,654,616,2832,2464,837,3
556,2389,1718,1525,1263,2459,655,616,2826,2464,837,3
557,2382,1711,1525,1264,2459,653,615,2728,2465,836,3
558,2388,1722,1526,1264,2461,654,614,2639,2465,837,3
559,2387,1712,1526,1264,2460,653,616,2634,2466,837,3
560,2386,1718,1526,1264,2460,653,617,2721,2465,838,3
561,2390,1718,1524,1262,2460,655,615,2792,2466,838,3
562,2387,1708,1523,1263,2460,654,616,2827,2465,838,3
563,2386,1728,1524,1262,2462,654,615,2814,2464,836,3
564,2384,1708,1525,1265,2459,655,616,2699,2466,838,3
565,2373,1718,1526,1263,2460,653,617,2627,2466,838,3
566,2402,1719,1524,1262,2460,653,616,2643,2466,837,3
567,2386,1721,1525,1262,2462,655,616,2742,2466,838,3
568,2385,1716,1524,1263,2460,654,615,2811,2466,838,3
569,2389,1720,1526,1263,2462,653,618,2831,2466,839,3
570,2390,1722,1526,1262,2460,653,617,2790,2466,837,3
571,2384,1711,1523,1262,2461,654,616,2670,2466,838,3
572,2374,1718,1533,1262,2461,654,615,2622,2466,837,3
573,2414,1720,1526,1259,2460,655,614,2667,2466,837,3
574,2358,1721,1525,1262,2461,653,616,2768,2467,837,3
575,2388,1720,1526,1262,2459,654,616,2826,2468,837,3
576,2381,1716,1524,1263,2460,655,616,2834,2467,838,3
577,2387,1716,1525,1262,2461,655,616,2755,2466,837,3
578,2391,1725,1526,1261,2461,655,615,2649,2467,837,3
579,2388,1715,1526,1262,2462,653,614,2630,2467,838,3
580,2386,1712,1525,1262,2462,654,615,2695,2466,838,3
581,2387,1735,1523,1262,2462,655,618,2787,2467,836,3
582,2386,1718,1526,1260,2461,655,614,2825,2468,836,3
583,2394,1724,1526,1260,2462,654,614,2830,2467,838,3
584,2391,1708,1526,1259,2462,654,613,2720,2468,838,3
585,2394,1722,1526,1261,2461,653,614,2632,2469,837,3
586,2385,1714,1525,1262,2461,654,614,2634,2468,837,3
587,2372,1717,1525,1260,2462,654,616,2726,2467,838,3
588,2388,1722,1526,1260,2464,655,612,2799,2468,838,3
589,2392,1725,1525,1259,2462,655,613,2836,2466,838,3
590,2411,1722,1527,1261,2461,653,614,2802,2468,837,3
591,2395,1720,1527,1260,2461,654,614,2694,2468,839,3
592,2398,1722,1521,1260,2461,655,613,2618,2469,838,3
593,2394,1723,1527,1260,2464,654,615,2658,2468,837,3
594,2392,1717,1528,1260,2461,645,615,2749,2470,838,3
595,2359,1721,1526,1259,2462,654,615,2818,2470,838,3
596,2390,1716,1526,1260,2463,655,616,2830,2469,838,3
597,2361,1720,1527,1260,2463,654,614,2778,2469,838,3
598,2387,1718,1527,1260,2464,654,615,2666,2469,837,3
599,2394,1734,1526,1260,2462,655,615,2625,2470,837,3
600,2387,1718,1527,1261,2462,653,615,2677,2470,837,3
601,2392,1736,1526,1260,2464,655,616,2775,2467,838,3
602,2386,1718,1527,1259,2464,656,615,2822,2469,838,3
603,2392,1740,1528,1260,2464,654,616,2834,2469,838,3
604,2390,1725,1526,1259,2462,654,615,2741,2469,838,3
605,2389,1714,1526,1258,2464,655,614,2645,2470,838,3
606,2386,1722,1528,1257,2464,655,614,2633,2469,836,3
607,2390,1717,1527,1259,2462,655,614,2706,2470,837,3
608,2388,1721,1527,1258,2458,655,613,2795,2470,838,3
609,2384,1721,1528,1259,2463,654,614,2827,2470,838,3
610,2376,1719,1529,1259,2465,654,616,2824,2470,839,3
611,2390,1720,1527,1259,2465,655,616,2710,2470,838,3
612,2357,1721,1527,1258,2464,655,614,2628,2471,838,3
613,2390,1713,1528,1257,2462,656,614,2641,2470,838,3
614,2394,1718,1528,1259,2464,655,615,2738,2471,838,3
615,2390,1726,1527,1258,2466,655,610,2802,2470,838,3
616,2395,1724,1527,1259,2463,656,614,2826,2471,838,3
617,2390,1726,1528,1258,2465,655,615,2792,2471,837,3
618,2406,1721,1520,1257,2464,655,612,2678,2470,837,3
619,2398,1723,1530,1258,2463,655,613,2622,2472,838,3
620,2387,1721,1529,1259,2463,653,614,2658,2467,838,3
621,2394,1738,1527,1259,2465,655,616,2760,2471,839,3
622,2391,1715,1528,1258,2466,655,614,2817,2472,838,3
623,2393,1721,1528,1258,2466,655,613,2835,2470,836,3
624,2371,1720,1528,1259,2465,655,614,2765,2472,837,3
625,2398,1722,1526,1256,2465,655,614,2654,2470,838,3
626,2396,1728,1529,1259,2464,656,614,2624,2472,838,3
627,2387,1722,1530,1258,2465,656,614,2684,2472,837,3
628,2393,1719,1528,1257,2465,654,620,2786,2472,837,3
629,2387,1725,1527,1258,2462,655,614,2831,2470,838,3
630,2398,1725,1530,1258,2466,654,614,2826,2473,839,3
631,2398,1723,1529,1257,2466,656,612,2730,2477,837,3
632,2414,1722,1527,1258,2465,656,614,2632,2472,838,3
633,2392,1742,1530,1257,2466,654,613,2637,2473,837,3
634,2391,1724,1529,1259,2466,655,614,2712,2470,838,3
635,2397,1723,1530,1257,2467,654,613,2793,2473,838,3
636,2395,1722,1527,1258,2467,655,614,2833,2476,838,3
637,2390,1721,1530,1256,2465,655,611,2806,2474,837,3
638,2392,1718,1529,1257,2466,656,618,2702,2473,838,3
639,2383,1722,1530,1257,2466,655,614,2626,2474,838,3
640,2399,1726,1531,1256,2472,655,614,2645,2474,838,3
641,2398,1725,1528,1258,2466,655,614,2745,2473,839,3
642,2394,1721,1529,1258,2466,655,614,2806,2474,840,3
643,2392,1719,1530,1256,2467,656,612,2836,2473,838,3
644,2364,1723,1529,1256,2466,656,613,2786,2473,838,3
645,2416,1722,1529,1256,2466,655,613,2667,2474,838,3
646,2393,1740,1528,1256,2466,655,615,2621,2473,837,3
647,2395,1707,1530,1256,2466,656,610,2667,2473,838,3
648,2395,1723,1530,1257,2466,655,613,2764,2472,837,3
649,2400,1732,1529,1258,2465,654,613,2824,2474,837,3
650,2394,1716,1530,1257,2467,655,614,2827,2473,838,3
651,2393,1722,1529,1256,2467,656,612,2742,2474,840,3
652,2390,1722,1529,1258,2467,656,614,2650,2474,840,3
653,2393,1722,1531,1257,2466,655,614,2624,2473,840,3
654,2394,1722,1532,1256,2466,655,614,2700,2474,838,3
655,2398,1726,1530,1257,2466,655,615,2790,2475,837,3
656,2394,1725,1531,1256,2468,655,614,2826,2471,838,3
657,2397,1723,1529,1258,2467,656,614,2824,2474,838,3
658,2395,1728,1530,1256,2468,656,613,2716,2473,839,3
659,2391,1722,1532,1257,2466,656,613,2626,2474,839,3
660,2402,1725,1530,1256,2466,654,613,2641,2475,838,3
661,2394,1730,1531,1258,2468,656,616,2723,2476,838,3
662,2396,1721,1530,1256,2468,655,613,2807,2474,839,3
663,2402,1728,1530,1255,2467,656,613,2834,2475,838,3
664,2394,1729,1531,1256,2467,654,615,2798,2475,839,3
665,2396,1722,1529,1256,2468,656,612,2681,2475,838,3
666,2397,1730,1531,1256,2468,656,613,2619,2474,840,3
667,2391,1718,1531,1256,2466,657,613,2651,2475,839,3
668,2398,1726,1530,1254,2469,656,613,2752,2475,838,3
669,2400,1736,1531,1254,2467,655,612,2819,2475,838,3
670,2396,1714,1531,1262,2467,657,612,2829,2474,839,3
671,2404,1725,1526,1256,2468,656,614,2764,2475,838,3
672,2375,1720,1529,1256,2469,656,614,2662,2476,839,3
673,2394,1729,1530,1256,2466,657,614,2617,2475,840,3
674,2420,1724,1532,1256,2467,656,612,2684,2475,838,3
675,2404,1730,1531,1256,2468,656,614,2779,2476,838,3
676,2398,1730,1531,1255,2468,656,613,2821,2476,837,3
677,2401,1724,1532,1256,2468,656,614,2824,2475,840,3
678,2398,1731,1532,1257,2467,655,614,2735,2476,839,3
679,2390,1723,1530,1255,2470,656,614,2639,2476,839,3
680,2410,1730,1534,1256,2468,657,612,2627,2477,839,3
681,2394,1722,1531,1255,2468,657,613,2712,2475,839,3
682,2395,1724,1530,1256,2467,656,615,2792,2476,840,3
683,2395,1723,1533,1255,2466,656,613,2829,2477,838,3
684,2398,1725,1532,1255,2467,655,613,2808,2476,838,3
685,2394,1725,1530,1256,2470,655,614,2706,2476,838,3
686,2395,1710,1532,1258,2469,658,611,2618,2477,840,3
687,2394,1720,1531,1256,2468,656,613,2646,2478,838,3
688,2403,1728,1531,1256,2470,656,614,2744,2477,837,3
689,2398,1728,1532,1256,2467,655,615,2814,2478,840,3
690,2405,1729,1532,1256,2470,658,614,2829,2477,839,3
691,2402,1740,1531,1256,2469,656,614,2788,2476,840,3
692,2398,1731,1531,1258,2470,658,616,2670,2477,838,3
693,2392,1726,1531,1255,2470,658,613,2618,2477,838,3
694,2396,1729,1532,1256,2469,656,612,2670,2478,840,3
695,2387,1724,1542,1254,2470,657,614,2767,2476,838,3
696,2402,1730,1532,1255,2471,656,615,2818,2478,838,3
697,2400,1722,1534,1256,2470,657,614,2832,2478,839,3
698,2400,1732,1531,1256,2471,656,613,2753,2478,838,3
699,2390,1726,1531,1254,2470,658,615,2651,2478,839,3
700,2432,1730,1533,1256,2469,656,613,2624,2478,837,3
701,2395,1721,1531,1256,2469,657,614,2698,2476,840,3
702,2391,1725,1531,1256,2470,657,614,2790,2478,838,3
703,2400,1710,1533,1255,2468,657,606,2824,2477,840,3
704,2430,1732,1532,1255,2467,655,615,2824,2478,839,3
705,2402,1730,1534,1256,2469,656,613,2722,2479,839,3
706,2389,1726,1536,1256,2470,657,613,2631,2478,840,3
707,2391,1723,1533,1255,2470,657,614,2636,2478,840,3
708,2402,1728,1534,1256,2470,656,614,2722,2479,838,3
709,2404,1731,1533,1250,2470,656,615,2803,2479,840,3
710,2398,1726,1533,1256,2471,655,616,2829,2479,840,3
711,2397,1726,1533,1255,2470,656,616,2797,2477,840,3
712,2398,1738,1534,1246,2470,657,615,2689,2478,840,3
713,2362,1722,1533,1255,2471,658,613,2622,2479,839,3
714,2402,1734,1536,1256,2470,656,613,2660,2479,840,3
715,2407,1729,1537,1256,2469,656,613,2750,2479,839,3
716,2402,1723,1534,1254,2471,658,611,2819,2478,837,3
717,2395,1732,1533,1255,2470,658,614,2834,2478,837,3
718,2399,1706,1534,1253,2470,656,610,2767,2479,839,3
719,2395,1725,1536,1256,2470,657,614,2658,2474,838,3
720,2403,1735,1534,1254,2471,657,612,2622,2480,838,3
