Count,S1,S2,S3,S4,S5,S6,S7,S8,S9,S10,Flag
1,2142,1574,1375,1184,2242,626,584,2616,2346,795,0
2,2144,1585,1376,1182,2244,625,586,2693,2346,795,0
3,2146,1562,1377,1181,2243,625,583,2776,2347,796,0
4,2147,1586,1376,1180,2243,625,585,2813,2346,794,0
5,2149,1600,1378,1169,2243,626,585,2778,2346,793,0
6,2142,1584,1376,1180,2242,625,586,2661,2347,795,0
7,2147,1612,1374,1182,2244,625,588,2611,2346,794,0
8,2140,1580,1374,1179,2244,626,586,2658,2346,794,0
9,2146,1585,1374,1180,2243,627,584,2755,2346,794,0
10,2150,1581,1376,1182,2243,624,585,2808,2347,795,0
11,2144,1578,1374,1191,2243,624,586,2814,2347,795,0
12,2148,1585,1377,1181,2243,624,585,2752,2347,795,0
13,2132,1586,1380,1179,2243,626,585,2647,2347,794,0
14,2146,1585,1376,1180,2243,625,584,2610,2347,794,0
15,2118,1583,1376,1182,2244,626,586,2680,2347,795,0
16,2152,1589,1374,1180,2243,626,585,2767,2347,794,0
17,2152,1591,1377,1182,2243,626,586,2818,2348,794,0
18,2150,1571,1376,1180,2244,626,584,2810,2347,795,0
19,2147,1591,1378,1182,2246,626,586,2722,2347,794,0
20,2147,1590,1376,1180,2242,624,586,2620,2347,795,0
21,2146,1605,1376,1181,2244,625,586,2626,2347,795,1
22,2142,1585,1377,1180,2242,624,586,2707,2347,794,1
23,2184,1590,1378,1179,2243,624,586,2782,2347,794,1
24,2141,1590,1376,1182,2242,624,586,2822,2348,796,1
25,2162,1592,1375,1179,2244,625,586,2798,2346,795,1
26,2148,1592,1378,1180,2243,625,587,2690,2348,795,1
27,2148,1586,1377,1179,2243,626,586,2609,2347,795,1
28,2143,1589,1376,1180,2241,625,586,2639,2347,795,1
29,2146,1604,1375,1180,2246,624,585,2734,2348,795,1
30,2145,1568,1378,1179,2243,624,584,2796,2347,794,1
31,2126,1586,1378,1180,2245,624,585,2823,2349,794,1
32,2164,1588,1377,1180,2243,626,585,2774,2348,794,1
33,2129,1586,1376,1178,2243,626,585,2667,2347,796,1
34,2150,1583,1376,1179,2245,624,590,2611,2348,795,1
35,2146,1572,1375,1182,2246,625,586,2654,2347,795,1
36,2136,1590,1387,1177,2246,624,586,2754,2348,795,1
37,2152,1588,1379,1179,2245,625,585,2805,2348,795,1
38,2147,1588,1377,1181,2244,625,586,2824,2348,794,1
39,2154,1590,1378,1181,2245,626,586,2749,2347,795,1
40,2166,1590,1378,1179,2243,626,585,2644,2349,794,1
41,2150,1593,1378,1179,2246,624,579,2611,2350,795,1
42,2150,1596,1378,1177,2245,626,586,2682,2349,795,1
43,2147,1583,1378,1182,2244,626,588,2769,2349,796,1
44,2147,1592,1379,1182,2244,626,588,2811,2349,796,1
45,2151,1609,1377,1181,2245,624,587,2818,2350,797,1
46,2157,1586,1377,1182,2246,626,589,2716,2350,798,1
47,2149,1591,1377,1181,2246,627,586,2621,2348,795,1
48,2152,1582,1378,1184,2246,625,586,2627,2350,797,1
49,2154,1590,1378,1182,2248,626,587,2702,2350,797,1
50,2148,1593,1378,1182,2246,625,588,2783,2349,797,1
51,2135,1589,1378,1182,2246,626,588,2822,2350,798,1
52,2155,1588,1379,1182,2246,625,587,2795,2351,800,1
53,2152,1592,1379,1184,2246,626,589,2690,2352,798,1
54,2148,1589,1379,1184,2245,626,587,2618,2351,800,1
55,2152,1590,1379,1185,2247,626,588,2640,2351,797,1
56,2166,1591,1379,1182,2247,627,587,2730,2350,800,1
57,2155,1590,1379,1184,2246,626,588,2796,2350,800,1
58,2153,1614,1379,1186,2248,626,589,2823,2352,801,1
59,2159,1590,1380,1185,2247,626,588,2773,2352,800,1
60,2154,1595,1380,1185,2248,625,583,2665,2353,800,1
61,2152,1590,1379,1185,2249,626,588,2620,2352,800,1
62,2154,1587,1380,1186,2248,627,595,2668,2354,802,1
63,2154,1586,1379,1186,2248,627,588,2747,2353,799,1
64,2159,1594,1382,1186,2248,626,588,2807,2353,802,1
65,2161,1597,1379,1186,2250,626,590,2822,2354,802,1
66,2157,1587,1381,1186,2248,626,594,2755,2354,801,1
67,2152,1587,1381,1185,2248,628,589,2648,2355,801,1
68,2145,1590,1381,1186,2249,626,589,2626,2355,802,1
69,2166,1598,1381,1187,2248,626,590,2688,2354,803,1
70,2170,1594,1381,1186,2251,627,589,2772,2354,802,1
71,2158,1588,1382,1188,2248,625,590,2813,2355,802,1
72,2157,1590,1382,1186,2250,627,590,2821,2356,803,1
73,2164,1593,1380,1188,2250,626,590,2726,2355,803,1
74,2162,1590,1380,1187,2251,626,591,2635,2355,803,1
75,2162,1573,1380,1190,2251,627,590,2630,2355,803,1
76,2162,1595,1382,1186,2251,627,592,2710,2356,803,1
77,2167,1605,1381,1189,2250,627,591,2786,2357,803,1
78,2162,1589,1382,1188,2251,627,592,2825,2356,804,1
79,2161,1589,1384,1190,2250,628,591,2798,2358,804,1
80,2150,1591,1382,1188,2251,627,591,2701,2358,805,1
81,2171,1595,1382,1189,2250,627,590,2624,2358,805,1
82,2166,1591,1383,1189,2253,626,592,2643,2359,805,1
83,2166,1587,1383,1187,2252,628,592,2736,2359,805,1
84,2163,1595,1381,1187,2251,628,594,2800,2360,806,1
85,2170,1602,1384,1189,2252,629,593,2827,2360,805,1
86,2166,1590,1383,1188,2253,627,597,2786,2360,805,1
87,2161,1591,1384,1188,2254,628,592,2673,2360,806,1
88,2163,1596,1385,1190,2252,629,591,2625,2361,804,1
89,2141,1594,1385,1190,2252,628,592,2673,2360,806,1
90,2167,1593,1384,1190,2254,626,592,2761,2361,806,1
91,2171,1596,1386,1189,2255,627,591,2808,2361,805,1
92,2168,1602,1386,1189,2254,629,591,2817,2362,806,1
93,2176,1595,1385,1189,2253,628,592,2754,2361,806,1
94,2176,1602,1386,1188,2254,627,593,2657,2362,806,1
95,2181,1600,1387,1189,2254,628,593,2626,2362,805,1
96,2165,1597,1386,1190,2254,629,592,2690,2362,808,1
97,2165,1597,1385,1190,2254,630,592,2774,2363,806,1
98,2172,1608,1386,1190,2255,628,591,2818,2363,808,1
99,2177,1594,1386,1190,2254,628,595,2822,2363,808,1
100,2162,1596,1386,1188,2256,629,594,2732,2362,807,1
101,2179,1595,1387,1189,2255,629,592,2640,2362,808,1
102,2174,1597,1387,1190,2256,627,592,2640,2366,808,1
103,2173,1590,1388,1190,2256,630,593,2712,2364,809,1
104,2176,1602,1386,1191,2256,630,593,2787,2364,807,1
105,2182,1602,1386,1189,2257,629,594,2826,2363,809,1
106,2179,1603,1386,1190,2257,627,595,2805,2365,808,1
107,2185,1596,1387,1190,2260,627,594,2697,2368,808,1
108,2173,1604,1387,1190,2256,628,592,2625,2368,810,1
109,2177,1600,1388,1190,2256,629,595,2645,2366,807,1
110,2182,1603,1388,1191,2258,628,593,2743,2366,808,1
111,2181,1612,1389,1191,2257,630,592,2805,2368,810,1
112,2204,1597,1388,1191,2256,629,595,2822,2368,808,1
113,2180,1601,1388,1191,2257,629,595,2777,2366,809,1
114,2173,1602,1387,1190,2257,629,594,2678,2368,809,1
115,2180,1608,1388,1184,2258,630,592,2627,2368,809,1
116,2184,1594,1389,1189,2256,630,594,2669,2368,815,1
117,2173,1595,1390,1190,2258,629,594,2758,2368,808,1
118,2182,1603,1390,1190,2258,629,594,2819,2370,809,1
119,2168,1597,1388,1188,2260,629,594,2826,2369,809,1
120,2184,1593,1390,1190,2258,628,596,2754,2368,808,1
121,2182,1596,1391,1190,2258,629,593,2656,2370,810,2
122,2189,1607,1393,1194,2262,631,595,2629,2370,810,2
123,2192,1610,1392,1190,2262,631,593,2695,2370,810,2
124,2188,1606,1393,1192,2263,631,594,2778,2370,810,2
125,2188,1602,1394,1190,2264,630,594,2819,2371,809,2
126,2191,1604,1394,1188,2263,631,594,2819,2370,810,2
127,2186,1603,1392,1187,2264,632,594,2722,2370,810,2
128,2189,1605,1394,1185,2262,631,591,2631,2370,808,2
129,2184,1605,1393,1183,2261,632,592,2635,2369,808,2
130,2184,1604,1391,1184,2262,630,592,2718,2369,808,2
131,2185,1604,1391,1182,2263,630,592,2792,2370,808,2
132,2184,1605,1391,1182,2262,632,591,2820,2370,807,2
133,2185,1605,1393,1180,2262,632,591,2795,2369,808,2
134,2187,1603,1393,1178,2262,630,589,2686,2369,806,2
135,2184,1602,1391,1178,2263,631,589,2615,2370,808,2
136,2186,1604,1391,1178,2261,632,590,2642,2368,808,2
137,2183,1604,1391,1178,2260,632,590,2738,2369,805,2
138,2185,1602,1392,1176,2262,630,589,2802,2368,806,2
139,2186,1604,1392,1176,2262,630,589,2820,2368,806,2
140,2183,1603,1391,1176,2264,629,588,2768,2370,805,2
141,2181,1603,1392,1175,2262,630,586,2658,2369,806,2
142,2181,1604,1391,1174,2261,632,587,2611,2365,805,2
143,2182,1601,1391,1173,2261,631,587,2666,2368,805,2
144,2186,1604,1391,1173,2259,630,586,2759,2365,804,2
145,2183,1603,1391,1172,2262,629,587,2811,2368,805,2
146,2182,1603,1391,1171,2262,630,586,2818,2366,804,2
147,2182,1605,1391,1170,2259,632,584,2731,2366,802,2
148,2184,1603,1391,1171,2262,630,585,2633,2365,803,2
149,2185,1605,1391,1169,2259,630,584,2614,2365,803,2
150,2186,1603,1392,1170,2261,630,585,2689,2365,803,2
151,2186,1601,1390,1169,2262,629,583,2777,2365,802,2
152,2184,1603,1390,1170,2262,630,586,2814,2363,801,2
153,2181,1603,1390,1168,2260,630,583,2810,2363,803,2
154,2182,1603,1390,1169,2259,630,583,2702,2363,802,2
155,2185,1603,1392,1170,2260,629,583,2611,2363,802,2
156,2185,1600,1389,1168,2261,630,582,2625,2362,802,2
157,2182,1603,1391,1168,2258,630,581,2715,2362,802,2
158,2181,1602,1390,1168,2259,628,582,2789,2362,802,2
159,2182,1598,1390,1168,2261,630,582,2818,2361,801,2
160,2184,1603,1391,1168,2260,629,583,2785,2362,801,2
161,2182,1597,1391,1169,2260,629,582,2667,2362,802,2
162,2184,1598,1390,1168,2259,630,581,2601,2360,801,2
163,2181,1603,1389,1168,2259,631,581,2641,2360,800,2
164,2182,1602,1390,1168,2259,630,580,2740,2360,800,2
165,2184,1601,1391,1169,2259,629,582,2802,2360,801,2
166,2179,1600,1390,1167,2258,628,581,2820,2360,801,2
167,2180,1600,1389,1168,2259,630,579,2757,2360,798,2
168,2179,1602,1389,1168,2259,629,578,2642,2358,800,2
169,2181,1598,1388,1170,2258,629,579,2599,2359,800,2
170,2180,1597,1389,1168,2259,629,579,2666,2359,798,2
171,2182,1602,1390,1170,2259,627,579,2761,2358,798,2
172,2180,1598,1388,1170,2259,629,579,2810,2358,798,2
173,2182,1600,1390,1168,2258,628,578,2818,2358,800,2
174,2177,1598,1388,1170,2257,628,580,2720,2357,799,2
175,2178,1598,1389,1169,2258,628,578,2618,2358,798,2
176,2179,1602,1389,1169,2257,628,578,2607,2357,798,2
177,2177,1595,1387,1170,2257,630,579,2688,2355,797,2
178,2180,1600,1390,1170,2256,628,579,2779,2356,798,2
179,2176,1602,1387,1170,2258,628,577,2818,2355,797,2
180,2178,1597,1387,1171,2259,628,579,2803,2355,798,2
181,2178,1600,1388,1170,2258,627,579,2692,2354,797,2
182,2172,1598,1388,1171,2256,627,578,2602,2355,796,2
183,2178,1601,1389,1170,2257,627,577,2621,2354,796,2
184,2173,1603,1386,1171,2258,628,578,2720,2353,795,2
185,2178,1596,1387,1171,2258,627,578,2792,2354,796,2
186,2178,1601,1389,1171,2256,627,579,2819,2354,797,2
187,2171,1595,1387,1173,2256,629,578,2777,2352,795,2
188,2171,1597,1387,1171,2257,627,578,2652,2353,795,2
189,2171,1600,1387,1172,2257,628,576,2596,2352,795,2
190,2171,1593,1388,1174,2256,627,578,2638,2354,794,2
191,2170,1595,1386,1172,2258,627,579,2741,2351,796,2
192,2168,1595,1385,1174,2256,628,577,2803,2351,795,2
193,2170,1597,1387,1173,2255,628,579,2819,2351,796,2
194,2167,1597,1386,1174,2257,627,578,2747,2349,795,2
195,2166,1597,1385,1175,2257,627,577,2635,2350,794,2
196,2166,1600,1386,1173,2255,627,578,2598,2350,795,2
197,2165,1597,1385,1175,2255,628,578,2664,2349,794,2
198,2167,1601,1386,1175,2255,626,578,2765,2349,793,2
199,2170,1598,1384,1176,2254,627,578,2813,2349,794,2
200,2167,1597,1386,1177,2255,626,578,2817,2347,794,2
201,2168,1595,1387,1178,2255,626,578,2712,2347,795,2
202,2166,1595,1385,1178,2254,628,579,2612,2348,794,2
203,2168,1600,1385,1177,2255,627,578,2607,2347,794,2
204,2164,1594,1384,1179,2253,626,579,2690,2347,795,2
205,2164,1598,1384,1179,2254,627,579,2782,2346,792,2
206,2166,1594,1385,1179,2254,627,578,2820,2346,793,2
207,2163,1594,1384,1179,2255,627,578,2799,2346,793,2
208,2166,1594,1384,1180,2254,626,578,2682,2346,794,2
209,2163,1594,1383,1180,2254,626,577,2600,2344,792,2
210,2161,1592,1384,1180,2254,626,578,2622,2346,792,2
211,2160,1595,1383,1181,2253,627,578,2722,2346,794,2
212,2160,1594,1382,1182,2252,627,577,2793,2346,791,2
213,2161,1595,1384,1181,2251,626,580,2821,2345,793,2
214,2162,1595,1382,1184,2251,626,579,2775,2344,793,2
215,2158,1591,1382,1184,2253,626,579,2654,2346,792,2
216,2155,1592,1383,1184,2253,627,580,2594,2342,792,2
217,2157,1592,1382,1183,2252,627,578,2639,2344,791,2
218,2158,1595,1384,1186,2250,625,579,2743,2344,793,2
219,2159,1592,1382,1186,2251,626,580,2806,2342,792,2
220,2154,1594,1382,1187,2252,625,580,2820,2342,792,2
221,2153,1592,1382,1188,2251,627,578,2743,2342,793,2
222,2153,1592,1382,1186,2250,626,578,2632,2342,792,2
223,2154,1594,1383,1189,2250,626,581,2599,2342,792,2
224,2156,1593,1382,1188,2250,625,580,2670,2342,793,2
225,2152,1590,1382,1189,2250,625,581,2767,2342,792,2
226,2150,1593,1381,1190,2250,626,580,2816,2339,792,2
227,2154,1591,1382,1190,2250,626,580,2818,2339,792,2
228,2152,1592,1382,1190,2250,624,580,2708,2340,792,2
229,2154,1590,1382,1192,2249,624,580,2611,2339,792,2
230,2152,1591,1381,1191,2250,625,580,2610,2339,792,2
231,2152,1593,1379,1192,2250,625,580,2696,2338,792,2
232,2152,1590,1380,1193,2248,625,579,2784,2338,791,2
233,2147,1592,1381,1194,2248,626,580,2821,2337,792,2
234,2147,1590,1380,1194,2248,623,580,2798,2338,790,2
235,2148,1590,1379,1194,2250,624,582,2680,2336,790,2
236,2147,1589,1379,1195,2248,625,582,2599,2338,790,2
237,2148,1590,1382,1195,2248,624,581,2624,2338,791,2
238,2145,1592,1379,1197,2246,624,582,2726,2337,790,2
239,2144,1591,1379,1197,2247,622,582,2797,2338,792,2
240,2142,1591,1378,1197,2248,625,582,2823,2334,790,2
241,2146,1588,1379,1198,2248,623,581,2774,2337,791,2
242,2141,1587,1378,1198,2247,626,582,2651,2336,790,2
243,2144,1586,1379,1198,2246,624,583,2598,2336,789,2
244,2145,1590,1375,1200,2247,622,582,2646,2335,790,2
245,2142,1586,1378,1202,2248,623,582,2746,2334,791,2
246,2142,1587,1378,1199,2246,624,582,2807,2334,790,2
247,2139,1587,1378,1201,2246,625,584,2821,2331,790,2
248,2141,1587,1378,1201,2246,623,583,2742,2333,790,2
249,2139,1586,1378,1203,2246,624,582,2633,2332,790,2
250,2135,1583,1374,1203,2246,624,584,2603,2331,790,2
251,2139,1586,1378,1203,2246,624,584,2674,2332,789,2
252,2138,1587,1377,1206,2244,624,584,2772,2331,789,2
253,2136,1587,1376,1205,2244,624,584,2818,2331,789,2
254,2138,1585,1376,1207,2245,624,583,2814,2330,788,2
255,2133,1584,1375,1206,2245,623,585,2709,2331,788,2
256,2133,1583,1374,1206,2244,624,585,2611,2330,787,2
257,2133,1586,1374,1207,2244,624,584,2612,2329,790,2
258,2131,1584,1374,1208,2244,623,586,2703,2330,789,2
259,2135,1586,1374,1210,2243,622,586,2787,2330,790,2
260,2131,1584,1373,1210,2245,623,587,2822,2330,788,2
261,2128,1586,1376,1210,2244,622,586,2798,2330,790,2
262,2129,1583,1373,1210,2243,622,587,2680,2329,790,2
263,2129,1585,1374,1211,2242,622,586,2601,2329,788,2
264,2131,1582,1372,1211,2243,623,588,2628,2328,789,2
265,2126,1583,1373,1213,2242,622,587,2731,2329,789,2
266,2124,1584,1374,1214,2243,623,588,2801,2328,788,2
267,2125,1583,1373,1213,2242,623,587,2824,2328,788,2
268,2126,1586,1373,1214,2242,622,587,2774,2328,789,2
269,2126,1582,1374,1218,2242,621,588,2652,2328,790,2
270,2128,1581,1371,1216,2242,622,589,2600,2328,787,2
271,2127,1584,1371,1217,2242,622,589,2654,2326,788,2
272,2126,1586,1370,1218,2242,622,588,2753,2326,787,2
273,2123,1581,1371,1218,2240,622,588,2813,2326,787,2
274,2122,1583,1371,1220,2240,622,592,2826,2327,787,2
275,2125,1581,1371,1220,2241,620,590,2738,2327,788,2
276,2123,1581,1368,1222,2240,622,590,2633,2326,788,2
277,2123,1584,1369,1221,2240,622,590,2607,2325,788,2
278,2118,1582,1369,1223,2240,620,588,2680,2325,788,2
279,2118,1581,1370,1224,2238,621,590,2777,2325,786,2
280,2118,1580,1368,1224,2241,622,590,2822,2324,788,2
281,2118,1579,1369,1224,2238,622,591,2819,2324,788,2
282,2120,1582,1369,1224,2237,621,591,2707,2324,788,2
283,2118,1580,1369,1225,2237,622,592,2615,2324,787,2
284,2118,1578,1368,1227,2238,622,594,2620,2323,787,2
285,2113,1582,1367,1227,2237,621,592,2712,2323,787,2
286,2114,1580,1367,1228,2238,622,594,2794,2322,786,2
287,2115,1582,1369,1228,2236,621,592,2826,2322,788,2
288,2114,1578,1368,1230,2234,621,592,2795,2321,788,2
289,2114,1580,1368,1230,2234,620,593,2680,2322,787,2
290,2115,1580,1368,1229,2234,620,592,2605,2323,787,2
291,2112,1578,1368,1231,2235,620,595,2638,2322,787,2
292,2114,1579,1368,1232,2235,621,593,2740,2322,787,2
293,2108,1578,1367,1231,2234,620,594,2808,2321,788,2
294,2112,1573,1366,1234,2235,621,595,2827,2321,788,2
295,2110,1578,1366,1235,2234,619,595,2772,2322,787,2
296,2108,1577,1364,1235,2234,619,594,2656,2320,787,2
297,2110,1578,1366,1235,2234,619,594,2608,2322,787,2
298,2107,1578,1364,1236,2235,619,596,2666,2320,786,2
299,2104,1574,1366,1236,2234,619,596,2762,2320,786,2
300,2106,1579,1366,1236,2234,620,596,2820,2319,786,2
301,2104,1580,1366,1237,2233,619,597,2826,2319,787,2
302,2106,1574,1364,1239,2233,620,597,2736,2320,787,2
303,2102,1578,1364,1238,2234,620,596,2636,2319,785,2
304,2105,1574,1364,1242,2232,620,596,2615,2318,786,2
305,2102,1577,1366,1240,2233,618,598,2693,2320,786,2
306,2102,1576,1365,1241,2233,619,597,2786,2319,786,2
307,2100,1574,1364,1242,2232,618,597,2824,2319,786,2
308,2102,1577,1363,1243,2232,619,598,2820,2317,787,2
309,2101,1573,1363,1245,2232,620,598,2708,2317,787,2
310,2099,1575,1366,1244,2232,619,598,2617,2318,786,2
311,2096,1573,1362,1246,2232,619,598,2631,2318,786,2
312,2101,1571,1362,1245,2232,619,598,2720,2318,786,2
313,2096,1574,1361,1245,2230,618,600,2799,2318,787,2
314,2093,1571,1363,1246,2232,618,600,2830,2317,784,2
315,2098,1577,1362,1249,2232,619,598,2797,2317,786,2
316,2091,1571,1362,1248,2230,619,600,2678,2315,786,2
317,2095,1572,1362,1251,2230,618,600,2610,2318,786,2
318,2095,1574,1360,1250,2230,619,602,2648,2316,786,2
319,2094,1571,1362,1254,2228,618,601,2747,2316,788,2
320,2094,1570,1362,1252,2230,619,600,2813,2315,785,2
321,2096,1574,1360,1254,2228,618,601,2831,2316,787,3
322,2087,1563,1357,1248,2224,616,601,2768,2316,786,3
323,2082,1565,1358,1253,2223,615,597,2650,2315,786,3
324,2086,1563,1358,1255,2224,616,602,2611,2315,786,3
325,2078,1565,1358,1258,2224,616,603,2674,2315,786,3
326,2085,1563,1356,1264,2222,617,602,2768,2314,786,3
327,2087,1563,1356,1266,2221,616,602,2824,2314,787,3
328,2102,1566,1357,1267,2225,618,606,2827,2315,787,3
329,2088,1566,1358,1272,2226,615,604,2739,2315,787,3
330,2094,1573,1358,1274,2226,617,608,2635,2314,788,3
331,2072,1564,1358,1275,2224,617,606,2627,2315,787,3
332,2098,1570,1357,1280,2225,617,608,2703,2314,788,3
333,2120,1569,1360,1285,2225,616,609,2794,2315,789,3
334,2091,1572,1359,1288,2224,616,609,2834,2314,789,3
335,2096,1566,1358,1290,2224,616,609,2821,2315,789,3
336,2107,1567,1359,1294,2226,616,612,2707,2316,790,3
337,2098,1569,1359,1295,2226,623,611,2630,2314,790,3
338,2097,1572,1360,1295,2225,616,611,2649,2315,790,3
339,2110,1573,1359,1298,2225,617,611,2735,2316,791,3
340,2108,1571,1360,1299,2226,618,614,2804,2316,789,3
341,2105,1566,1359,1300,2226,616,614,2830,2315,790,3
342,2110,1586,1360,1299,2227,617,615,2797,2315,790,3
343,2107,1569,1363,1299,2227,617,616,2682,2318,792,3
344,2107,1584,1362,1299,2226,616,616,2626,2316,792,3
345,2105,1569,1362,1299,2227,616,614,2667,2317,791,3
346,2109,1557,1361,1299,2227,617,616,2762,2317,793,3
347,2117,1572,1363,1296,2226,616,615,2818,2317,792,3
348,2104,1570,1361,1295,2227,618,615,2833,2317,792,3
349,2130,1572,1362,1296,2228,618,615,2771,2319,792,3
350,2118,1568,1361,1292,2227,616,616,2668,2318,792,3
351,2122,1571,1361,1292,2227,617,616,2627,2313,794,3
352,2119,1573,1362,1290,2226,618,617,2691,2319,793,3
353,2120,1583,1362,1288,2226,616,617,2790,2318,794,3
354,2122,1588,1362,1288,2226,618,617,2834,2319,793,3
355,2118,1571,1363,1284,2227,618,626,2838,2319,792,3
356,2122,1551,1362,1283,2228,617,616,2733,2319,794,3
357,2120,1594,1362,1281,2227,617,617,2650,2318,793,3
358,2118,1576,1362,1281,2226,617,618,2639,2320,794,3
359,2123,1594,1364,1277,2227,616,617,2723,2320,800,3
360,2098,1572,1362,1276,2227,617,616,2796,2319,793,3
361,2117,1570,1363,1276,2228,616,618,2834,2319,795,3
362,2134,1576,1363,1273,2227,616,617,2818,2320,794,3
363,2125,1570,1364,1271,2227,618,617,2710,2320,795,3
364,2123,1579,1364,1270,2228,617,616,2638,2320,794,3
365,2120,1590,1362,1269,2228,616,618,2656,2320,795,3
366,2122,1577,1365,1268,2227,618,615,2750,2321,795,3
367,2127,1574,1363,1268,2226,626,617,2814,2321,796,3
368,2121,1568,1363,1264,2227,617,615,2828,2322,795,3
369,2125,1555,1366,1264,2228,617,616,2787,2320,796,3
370,2127,1578,1366,1262,2228,616,616,2677,2320,797,3
371,2128,1570,1363,1263,2226,617,616,2630,2321,796,3
372,2122,1576,1364,1261,2228,617,616,2676,2321,795,3
373,2128,1572,1364,1260,2227,618,616,2770,2322,795,3
374,2126,1578,1364,1259,2227,617,616,2822,2322,795,3
375,2134,1573,1364,1258,2228,617,616,2832,2321,797,3
376,2115,1575,1364,1256,2227,618,614,2749,2321,795,3
377,2123,1566,1363,1255,2227,617,614,2652,2320,795,3
378,2139,1575,1364,1253,2227,618,611,2635,2322,795,3
379,2131,1575,1365,1253,2227,617,614,2708,2323,795,3
380,2102,1575,1363,1251,2227,617,612,2787,2322,796,3
381,2128,1562,1364,1252,2228,617,616,2826,2322,795,3
382,2123,1568,1363,1251,2226,616,612,2819,2323,796,3
383,2123,1560,1366,1246,2227,618,613,2717,2324,795,3
384,2123,1572,1364,1248,2227,618,611,2638,2322,795,3
385,2126,1565,1366,1245,2228,617,611,2640,2323,795,3
386,2123,1571,1364,1246,2228,616,611,2726,2322,795,3
387,2124,1582,1364,1243,2228,617,611,2802,2322,795,3
388,2088,1576,1372,1239,2224,618,611,2829,2324,795,3
389,2130,1576,1364,1242,2229,618,612,2806,2322,794,3
390,2125,1574,1366,1241,2229,617,610,2686,2322,796,3
391,2141,1574,1364,1240,2228,618,608,2627,2322,795,3
392,2126,1580,1365,1238,2227,618,608,2659,2322,794,3
393,2127,1586,1365,1233,2227,618,607,2758,2324,795,3
394,2142,1579,1364,1237,2228,619,608,2820,2323,794,3
395,2109,1574,1366,1236,2229,618,610,2826,2323,795,3
396,2125,1587,1364,1234,2229,617,606,2764,2323,795,3
397,2128,1583,1364,1244,2228,617,608,2658,2322,795,3
398,2126,1572,1366,1232,2228,618,604,2626,2324,796,3
399,2126,1563,1365,1233,2227,617,605,2683,2324,795,3
400,2125,1576,1365,1231,2228,618,605,2779,2323,794,3
401,2129,1583,1364,1231,2228,618,605,2820,2324,795,3
402,2131,1576,1363,1229,2228,619,604,2830,2322,794,3
403,2130,1582,1366,1227,2229,619,602,2730,2324,797,3
404,2123,1566,1366,1227,2228,619,603,2633,2324,795,3
405,2133,1577,1365,1229,2228,618,602,2634,2323,794,3
406,2103,1578,1366,1227,2221,617,603,2707,2322,795,3
407,2123,1578,1364,1226,2229,619,602,2792,2322,795,3
408,2128,1570,1365,1226,2227,618,601,2824,2324,794,3
409,2125,1570,1364,1224,2227,619,602,2807,2324,794,3
410,2125,1581,1365,1224,2228,618,600,2697,2323,795,3
411,2120,1575,1364,1226,2229,617,602,2614,2324,794,3
412,2128,1578,1363,1222,2229,618,599,2644,2322,793,3
413,2126,1582,1366,1221,2229,619,599,2739,2324,795,3
414,2118,1578,1366,1223,2227,619,600,2804,2324,794,3
415,2118,1575,1365,1222,2227,617,600,2824,2323,794,3
416,2125,1574,1365,1222,2229,617,602,2778,2323,795,3
417,2131,1576,1366,1220,2230,618,598,2668,2323,795,3
418,2137,1575,1365,1221,2230,618,598,2619,2325,794,3
419,2130,1575,1363,1221,2228,619,600,2674,2325,793,3
420,2133,1579,1364,1218,2228,620,598,2767,2323,794,3
421,2125,1574,1364,1219,2228,619,602,2820,2324,795,3
422,2146,1580,1366,1217,2236,619,597,2822,2323,793,3
423,2123,1568,1367,1214,2227,619,596,2735,2323,796,3
424,2125,1572,1366,1214,2227,619,597,2637,2324,795,3
425,2123,1576,1366,1216,2228,618,594,2619,2324,795,3
426,2123,1575,1365,1218,2229,618,595,2698,2324,794,3
427,2133,1578,1365,1216,2230,618,598,2790,2324,794,3
428,2126,1574,1366,1213,2229,619,599,2826,2324,794,3
429,2130,1575,1366,1215,2228,619,595,2814,2325,795,3
430,2126,1570,1366,1213,2229,619,596,2702,2324,794,3
431,2127,1551,1365,1211,2228,620,597,2616,2324,794,3
432,2130,1576,1365,1211,2230,618,596,2642,2323,793,3
433,2130,1578,1365,1211,2227,619,595,2734,2324,794,3
434,2122,1574,1366,1213,2228,619,595,2798,2326,793,3
435,2124,1578,1364,1210,2228,618,595,2824,2323,794,3
436,2132,1579,1366,1211,2229,619,595,2787,2324,794,3
437,2136,1578,1364,1210,2232,618,594,2672,2324,793,3
438,2123,1574,1366,1209,2228,618,597,2611,2324,794,3
439,2132,1578,1366,1210,2228,619,594,2663,2324,794,3
440,2159,1579,1366,1210,2228,620,593,2750,2325,794,3
441,2127,1582,1365,1210,2228,621,594,2811,2324,794,3
442,2126,1594,1366,1209,2230,624,593,2829,2324,793,3
443,2123,1560,1367,1209,2228,619,593,2746,2326,793,3
444,2108,1574,1366,1208,2229,620,594,2650,2326,794,3
445,2145,1578,1359,1209,2229,618,594,2614,2325,794,3
446,2123,1578,1364,1208,2227,619,592,2684,2326,795,3
447,2128,1574,1363,1207,2229,619,592,2782,2324,793,3
448,2124,1576,1366,1206,2227,619,594,2819,2326,794,3
449,2130,1590,1366,1203,2228,619,594,2822,2326,794,3
450,2128,1580,1364,1206,2229,618,593,2712,2325,793,3
451,2130,1584,1366,1207,2229,618,594,2626,2326,794,3
452,2126,1576,1366,1205,2229,619,593,2632,2326,793,3
453,2126,1572,1366,1206,2228,620,593,2722,2326,795,3
454,2130,1565,1364,1206,2229,618,592,2793,2325,794,3
455,2130,1575,1366,1207,2228,619,594,2826,2326,794,3
456,2128,1579,1365,1206,2228,619,593,2790,2325,794,3
457,2132,1580,1365,1205,2230,619,592,2681,2324,793,3
458,2129,1579,1366,1205,2228,619,592,2616,2326,794,3
459,2123,1576,1366,1206,2227,619,593,2648,2326,795,3
460,2130,1597,1363,1206,2230,620,593,2753,2326,794,3
461,2129,1563,1365,1205,2228,620,595,2806,2326,794,3
462,2130,1578,1365,1204,2230,619,593,2827,2325,791,3
463,2128,1582,1366,1205,2227,619,592,2762,2327,794,3
464,2126,1572,1366,1205,2227,620,591,2650,2327,795,3
465,2130,1575,1366,1206,2229,619,593,2618,2328,794,3
466,2122,1577,1366,1204,2230,619,594,2678,2326,794,3
467,2123,1573,1366,1203,2229,620,592,2772,2328,793,3
468,2127,1578,1366,1203,2228,619,591,2821,2327,795,3
469,2122,1576,1366,1204,2227,619,593,2820,2327,795,3
470,2125,1562,1366,1203,2229,618,594,2719,2328,794,3
471,2127,1574,1366,1204,2228,620,594,2630,2327,794,3
472,2134,1577,1366,1202,2230,619,592,2632,2328,794,3
473,2130,1579,1366,1203,2228,619,593,2710,2328,795,3
474,2139,1580,1367,1203,2230,619,591,2787,2328,794,3
475,2125,1573,1366,1203,2229,620,594,2826,2328,795,3
476,2124,1579,1365,1202,2230,619,594,2797,2327,794,3
477,2130,1562,1365,1210,2230,619,593,2686,2328,793,3
478,2124,1576,1366,1201,2228,620,593,2612,2328,794,3
479,2130,1586,1366,1202,2229,620,592,2648,2328,795,3
480,2132,1576,1366,1202,2228,620,593,2739,2328,794,3
481,2130,1565,1366,1202,2229,620,593,2803,2328,794,3
482,2121,1574,1366,1201,2228,620,593,2824,2328,794,3
483,2136,1577,1366,1201,2235,619,592,2763,2328,794,3
484,2134,1583,1366,1201,2229,620,592,2661,2328,794,3
485,2101,1577,1366,1201,2230,620,591,2616,2328,794,3
486,2130,1569,1366,1201,2229,619,594,2674,2328,794,3
487,2123,1573,1365,1203,2230,620,591,2765,2328,793,3
488,2159,1580,1366,1201,2229,620,594,2814,2330,795,3
489,2132,1594,1364,1202,2231,618,592,2825,2327,794,3
490,2129,1583,1365,1202,2230,620,592,2729,2329,792,3
491,2123,1579,1366,1200,2229,620,594,2630,2329,795,3
492,2129,1582,1367,1201,2228,620,594,2626,2329,794,3
493,2128,1582,1368,1200,2229,620,591,2702,2330,795,3
494,2148,1580,1366,1200,2230,620,592,2785,2329,794,3
495,2139,1579,1366,1202,2229,620,593,2818,2330,795,3
496,2127,1590,1365,1202,2230,620,592,2803,2330,795,3
497,2130,1587,1367,1199,2228,619,593,2697,2329,795,3
498,2131,1585,1366,1198,2230,619,593,2618,2330,795,3
499,2122,1578,1366,1199,2225,619,593,2647,2330,795,3
500,2128,1579,1367,1200,2229,619,592,2741,2330,793,3
501,2131,1566,1365,1199,2230,620,592,2802,2330,794,3
502,2127,1558,1367,1199,2227,620,592,2822,2330,794,3
503,2128,1582,1366,1199,2230,618,593,2770,2331,794,3
504,2124,1578,1365,1200,2230,619,593,2661,2330,794,3
505,2125,1578,1365,1198,2230,622,592,2613,2330,795,3
506,2134,1582,1368,1198,2230,620,590,2673,2330,795,3
507,2132,1582,1367,1200,2231,621,591,2761,2330,795,3
508,2141,1580,1368,1198,2238,620,592,2813,2330,795,3
509,2131,1574,1368,1199,2230,619,595,2826,2331,795,3
510,2128,1578,1366,1198,2231,621,591,2733,2331,793,3
511,2131,1587,1365,1199,2230,620,592,2637,2330,794,3
512,2131,1602,1367,1199,2230,620,593,2628,2331,795,3
513,2132,1578,1367,1199,2230,619,591,2703,2331,795,3
514,2133,1587,1368,1198,2230,618,591,2787,2332,794,3
515,2129,1598,1367,1200,2232,620,593,2823,2331,795,3
516,2134,1583,1366,1199,2231,621,591,2805,2331,795,3
517,2132,1590,1367,1197,2230,620,592,2698,2331,795,3
518,2131,1575,1366,1198,2230,621,598,2621,2331,794,3
519,2134,1586,1368,1197,2230,620,591,2641,2332,795,3
520,2131,1576,1366,1196,2232,622,592,2736,2332,794,3
521,2135,1586,1367,1198,2232,621,593,2805,2332,795,3
522,2130,1577,1367,1196,2232,620,594,2826,2332,794,3
523,2132,1580,1368,1197,2230,621,591,2778,2331,795,3
524,2134,1576,1369,1196,2231,619,599,2668,2332,794,3
525,2138,1578,1368,1197,2232,622,591,2610,2333,794,3
526,2133,1576,1367,1197,2230,620,592,2673,2331,794,3
527,2148,1579,1368,1196,2230,620,591,2758,2333,794,3
528,2131,1574,1370,1198,2231,621,592,2813,2331,794,3
529,2130,1579,1368,1197,2230,620,592,2819,2332,794,3
530,2129,1570,1368,1198,2232,622,592,2730,2331,795,3
531,2126,1575,1367,1196,2232,621,591,2634,2327,795,3
532,2134,1580,1369,1196,2231,621,584,2619,2333,794,3
533,2126,1579,1367,1197,2232,620,592,2706,2333,795,3
534,2128,1581,1367,1196,2232,620,592,2791,2332,794,3
535,2136,1579,1366,1196,2232,622,592,2824,2333,795,3
536,2144,1581,1367,1196,2230,622,593,2808,2332,794,3
537,2136,1590,1367,1191,2232,622,591,2700,2333,794,3
538,2138,1579,1368,1197,2231,620,589,2619,2334,795,3
539,2135,1578,1368,1195,2231,620,591,2642,2334,793,3
540,2125,1576,1368,1195,2232,622,591,2738,2332,794,3
541,2127,1579,1369,1193,2232,622,590,2799,2334,793,3
542,2135,1560,1367,1196,2231,621,590,2818,2334,794,3
543,2128,1582,1368,1195,2227,620,591,2778,2334,795,3
544,2126,1579,1368,1195,2231,621,591,2667,2334,794,3
545,2133,1582,1367,1195,2232,622,591,2616,2334,795,3
546,2137,1583,1369,1194,2232,621,590,2670,2336,795,3
547,2138,1580,1368,1195,2232,620,591,2763,2334,795,3
548,2131,1580,1368,1195,2231,622,591,2812,2336,795,3
549,2131,1582,1370,1195,2232,621,591,2819,2336,795,3
550,2132,1583,1367,1194,2232,621,592,2731,2334,794,3
551,2131,1582,1367,1194,2232,622,592,2633,2334,794,3
552,2140,1583,1368,1193,2232,621,590,2624,2336,796,3
553,2136,1576,1370,1193,2232,622,591,2703,2335,794,3
554,2131,1577,1367,1194,2233,621,589,2790,2333,793,3
555,2132,1579,1370,1194,2232,623,590,2818,2336,795,3
556,2131,1577,1369,1194,2233,621,591,2803,2334,793,3
557,2132,1583,1368,1193,2231,622,590,2690,2336,795,3
558,2139,1582,1370,1192,2232,622,590,2617,2336,795,3
559,2134,1586,1369,1193,2232,622,589,2641,2336,795,3
560,2142,1580,1369,1183,2233,621,590,2738,2334,794,3
561,2155,1580,1368,1194,2232,622,590,2799,2335,794,3
562,2134,1584,1369,1193,2234,622,587,2821,2336,794,3
563,2098,1579,1368,1192,2232,622,592,2774,2336,796,3
564,2140,1582,1370,1192,2233,620,589,2663,2336,795,3
565,2135,1579,1368,1192,2232,622,589,2616,2336,794,3
566,2144,1582,1369,1192,2236,622,590,2662,2336,795,3
567,2134,1560,1370,1191,2234,622,588,2762,2336,794,3
568,2102,1578,1369,1191,2233,622,590,2819,2337,795,3
569,2139,1583,1370,1191,2233,621,589,2822,2336,796,3
570,2136,1579,1368,1193,2233,622,590,2723,2336,795,3
571,2148,1582,1370,1192,2233,622,589,2630,2336,795,3
572,2136,1583,1369,1192,2234,622,584,2620,2337,794,3
573,2142,1584,1368,1192,2233,622,589,2704,2338,795,3
574,2136,1590,1369,1191,2233,626,587,2787,2338,794,3
575,2154,1584,1370,1190,2233,623,588,2816,2336,793,3
576,2130,1580,1369,1192,2232,622,590,2798,2337,794,3
577,2130,1581,1369,1190,2234,622,589,2695,2336,794,3
578,2134,1601,1369,1191,2232,622,590,2616,2337,794,3
579,2135,1580,1370,1191,2233,621,588,2643,2338,795,3
580,2131,1572,1368,1190,2233,620,590,2736,2336,795,3
581,2135,1586,1370,1190,2233,622,589,2802,2338,794,3
582,2141,1584,1370,1190,2234,622,587,2822,2338,794,3
583,2146,1582,1363,1190,2233,622,589,2762,2338,795,3
584,2130,1584,1370,1190,2233,622,589,2653,2338,794,3
585,2125,1581,1370,1190,2232,623,590,2617,2337,795,3
586,2138,1580,1370,1190,2234,623,587,2676,2338,795,3
587,2141,1580,1370,1189,2233,622,588,2766,2337,795,3
588,2136,1589,1368,1190,2233,622,587,2813,2338,794,3
589,2132,1584,1370,1190,2233,622,590,2824,2338,795,3
590,2137,1603,1368,1190,2234,623,589,2724,2338,794,3
591,2135,1579,1369,1190,2234,623,588,2619,2337,795,3
592,2133,1582,1369,1187,2235,622,585,2624,2336,794,3
593,2140,1585,1370,1189,2234,621,589,2710,2343,794,3
594,2134,1578,1370,1190,2234,622,595,2795,2339,794,3
595,2132,1579,1370,1190,2235,622,588,2821,2338,794,3
596,2133,1586,1369,1189,2234,622,584,2792,2338,793,3
597,2138,1590,1369,1189,2234,622,587,2685,2338,794,3
598,2127,1583,1368,1190,2234,623,589,2611,2338,794,3
599,2132,1571,1368,1190,2235,623,588,2644,2338,794,3
600,2138,1583,1368,1188,2234,624,587,2742,2337,795,3
601,2133,1608,1370,1188,2234,623,590,2809,2339,794,3
602,2135,1579,1370,1187,2234,622,588,2818,2338,794,3
603,2108,1584,1370,1189,2234,622,587,2760,2339,795,3
604,2136,1594,1369,1181,2234,622,587,2652,2339,794,3
605,2130,1578,1369,1188,2235,622,588,2611,2333,795,3
606,2134,1586,1369,1188,2235,623,581,2675,2338,794,3
607,2139,1592,1370,1187,2235,626,587,2775,2339,794,3
608,2131,1578,1370,1186,2235,624,588,2813,2338,794,3
609,2137,1590,1370,1188,2234,623,584,2811,2339,794,3
610,2139,1590,1370,1188,2235,632,590,2717,2339,795,3
611,2138,1581,1370,1187,2235,623,587,2628,2339,793,3
612,2136,1588,1370,1187,2235,622,580,2626,2339,795,3
613,2139,1592,1371,1187,2235,623,587,2717,2339,796,3
614,2138,1586,1370,1186,2234,622,587,2787,2339,794,3
615,2140,1588,1371,1187,2236,623,587,2818,2339,794,3
616,2105,1582,1370,1187,2235,623,587,2792,2339,794,3
617,2145,1586,1371,1187,2240,622,587,2671,2339,794,3
618,2136,1584,1370,1186,2235,621,587,2609,2339,794,3
619,2140,1584,1370,1187,2235,622,587,2653,2341,794,3
620,2163,1584,1369,1188,2235,622,588,2744,2339,795,3
621,2135,1566,1370,1186,2235,623,587,2805,2340,795,3
622,2138,1590,1370,1186,2236,622,588,2824,2339,796,3
623,2134,1580,1372,1187,2235,623,585,2744,2339,795,3
624,2132,1584,1370,1186,2236,623,588,2642,2339,794,3
625,2139,1576,1371,1187,2235,623,590,2619,2339,795,3
626,2150,1583,1371,1187,2235,622,586,2682,2340,794,3
627,2128,1581,1371,1185,2235,622,587,2781,2340,794,3
628,2142,1583,1373,1185,2234,622,587,2822,2341,794,3
629,2133,1578,1371,1184,2235,623,587,2807,2341,794,3
630,2143,1584,1371,1186,2235,623,586,2707,2339,794,3
631,2139,1580,1371,1186,2235,623,584,2618,2341,794,3
632,2137,1588,1370,1186,2237,623,584,2631,2342,795,3
633,2138,1595,1370,1188,2235,622,587,2727,2341,796,3
634,2150,1583,1371,1186,2235,623,587,2794,2340,794,3
635,2131,1583,1369,1186,2235,623,587,2824,2340,796,3
636,2142,1591,1371,1183,2235,624,587,2781,2341,795,3
637,2133,1579,1371,1183,2236,624,586,2662,2342,795,3
638,2142,1586,1372,1186,2235,623,587,2614,2342,795,3
639,2141,1582,1372,1185,2236,622,587,2666,2342,795,3
640,2139,1584,1371,1185,2236,621,589,2754,2343,797,3
641,2146,1584,1371,1186,2235,624,587,2811,2341,795,3
642,2131,1582,1370,1184,2238,624,588,2819,2342,795,3
643,2148,1584,1372,1183,2235,624,587,2734,2342,795,3
644,2137,1582,1371,1186,2236,622,586,2637,2342,795,3
645,2138,1584,1372,1185,2237,624,588,2616,2342,795,3
646,2142,1584,1370,1186,2236,623,588,2694,2342,796,3
647,2133,1582,1371,1185,2236,623,586,2779,2342,794,3
648,2146,1586,1372,1183,2237,624,587,2820,2342,793,3
649,2136,1584,1370,1185,2237,623,587,2805,2342,794,3
650,2136,1586,1370,1185,2236,624,586,2688,2342,795,3
651,2142,1585,1372,1183,2236,624,586,2614,2342,794,3
652,2136,1582,1373,1185,2235,623,586,2637,2342,794,3
653,2144,1587,1370,1186,2236,623,585,2738,2342,794,3
654,2142,1580,1371,1185,2237,623,587,2806,2343,795,3
655,2137,1587,1371,1183,2238,623,586,2814,2342,794,3
656,2141,1589,1372,1182,2236,623,586,2766,2342,794,3
657,2138,1578,1373,1183,2237,619,585,2654,2342,794,3
658,2144,1591,1371,1183,2236,623,586,2614,2343,795,3
659,2150,1585,1365,1184,2236,623,586,2670,2342,792,3
660,2126,1579,1376,1184,2237,623,586,2762,2342,795,3
661,2142,1580,1371,1184,2240,625,586,2817,2343,794,3
662,2142,1588,1370,1184,2240,625,589,2817,2342,794,3
663,2137,1583,1371,1183,2236,624,586,2721,2342,795,3
664,2138,1580,1372,1184,2237,623,587,2622,2342,795,3
665,2144,1589,1370,1182,2238,625,585,2628,2342,794,3
666,2150,1584,1373,1184,2242,624,586,2707,2342,794,3
667,2134,1586,1371,1182,2240,623,585,2793,2342,793,3
668,2155,1586,1374,1184,2238,623,587,2818,2344,794,3
669,2140,1588,1371,1184,2240,623,588,2788,2344,794,3
670,2142,1579,1374,1186,2238,624,586,2675,2343,792,3
671,2139,1581,1373,1184,2238,625,587,2608,2344,795,3
672,2140,1593,1373,1181,2240,626,585,2652,2342,794,3
673,2142,1574,1374,1184,2240,624,585,2745,2342,795,3
674,2120,1582,1372,1183,2238,623,586,2810,2343,794,3
675,2136,1582,1374,1184,2237,624,586,2816,2343,795,3
676,2138,1584,1373,1184,2238,623,586,2749,2343,795,3
677,2146,1585,1371,1183,2243,625,586,2639,2342,795,3
678,2130,1584,1375,1184,2238,624,586,2618,2344,795,3
679,2144,1581,1374,1183,2238,623,585,2688,2344,795,3
680,2139,1588,1373,1182,2240,626,586,2772,2343,794,3
681,2140,1590,1373,1184,2238,624,587,2820,2343,797,3
682,2143,1565,1371,1181,2240,625,582,2806,2344,795,3
683,2142,1582,1373,1181,2240,624,585,2704,2344,795,3
684,2136,1582,1372,1182,2240,624,586,2614,2344,796,3
685,2142,1594,1374,1182,2238,625,586,2634,2344,795,3
686,2173,1587,1373,1181,2240,624,585,2726,2343,794,3
687,2148,1588,1372,1182,2241,626,586,2800,2343,794,3
688,2137,1582,1373,1181,2240,626,586,2818,2344,795,3
689,2127,1586,1385,1184,2242,623,586,2777,2344,794,3
690,2168,1586,1373,1182,2241,624,587,2656,2344,795,3
691,2138,1585,1374,1181,2240,625,586,2613,2343,794,3
692,2150,1585,1371,1179,2241,625,586,2664,2344,794,3
693,2104,1584,1374,1181,2240,626,587,2764,2344,795,3
694,2147,1586,1374,1181,2241,625,585,2808,2344,794,3
695,2132,1584,1384,1181,2241,624,585,2820,2345,795,3
696,2140,1584,1373,1182,2242,625,586,2728,2346,791,3
697,2138,1586,1372,1182,2240,623,587,2634,2345,794,3
698,2152,1586,1374,1181,2240,623,584,2618,2346,795,3
699,2144,1586,1376,1181,2241,626,587,2702,2346,794,3
700,2145,1590,1373,1174,2241,625,585,2787,2346,795,3
701,2142,1590,1374,1181,2241,626,587,2817,2345,793,3
702,2145,1583,1375,1182,2241,623,584,2797,2345,794,3
703,2138,1586,1373,1182,2243,624,586,2683,2345,795,3
704,2142,1584,1373,1181,2241,623,586,2613,2346,795,3
705,2139,1584,1374,1180,2242,624,586,2648,2346,794,3
706,2142,1582,1373,1182,2241,625,587,2743,2344,795,3
707,2143,1588,1375,1179,2241,625,586,2802,2345,794,3
708,2152,1586,1374,1179,2238,625,585,2817,2346,795,3
709,2142,1590,1374,1182,2240,624,587,2748,2346,801,3
710,2152,1587,1374,1181,2242,624,583,2640,2344,793,3
711,2143,1587,1374,1180,2242,625,587,2612,2344,793,3
712,2146,1588,1374,1181,2242,624,585,2679,2345,795,3
713,2122,1583,1374,1181,2241,625,586,2776,2346,795,3
714,2143,1584,1374,1181,2241,625,585,2811,2346,796,3
715,2125,1579,1372,1180,2242,624,586,2812,2346,795,3
716,2142,1583,1373,1179,2241,625,586,2710,2346,794,3
717,2127,1587,1374,1180,2242,624,586,2619,2345,795,3
718,2141,1582,1375,1179,2242,626,585,2630,2346,795,3
719,2125,1583,1378,1182,2242,624,586,2727,2346,794,3
720,2140,1582,1376,1182,2242,624,586,2791,2346,794,3
