Count,S1,S2,S3,S4,S5,S6,S7,S8,S9,S10,Flag
1,2200,1624,1416,1199,2301,632,592,2782,2379,806,0
2,2216,1622,1417,1198,2306,632,592,2819,2379,806,0
3,2221,1626,1416,1198,2304,634,592,2822,2382,805,0
4,2210,1627,1416,1199,2301,632,593,2710,2379,807,0
5,2212,1618,1416,1198,2301,631,591,2624,2380,808,0
6,2199,1622,1413,1198,2304,633,591,2632,2379,807,0
7,2210,1626,1416,1197,2299,633,592,2748,2381,806,0
8,2212,1622,1416,1200,2302,631,593,2804,2381,806,0
9,2218,1624,1414,1198,2302,632,591,2826,2379,805,0
10,2218,1629,1416,1197,2301,631,591,2769,2379,806,0
11,2206,1616,1418,1199,2302,632,592,2658,2382,806,0
12,2214,1619,1415,1198,2301,633,592,2614,2381,808,0
13,2209,1626,1417,1199,2301,633,591,2665,2381,804,0
14,2246,1622,1416,1200,2302,633,590,2759,2380,806,0
15,2212,1618,1416,1198,2304,633,594,2818,2382,806,0
16,2213,1621,1418,1198,2302,633,587,2818,2382,806,0
17,2222,1623,1414,1198,2302,632,591,2730,2382,806,0
18,2202,1623,1416,1197,2302,634,590,2632,2382,806,0
19,2210,1618,1417,1198,2300,634,593,2618,2380,806,0
20,2213,1622,1416,1198,2302,633,590,2685,2382,805,0
21,2214,1624,1416,1198,2302,633,593,2787,2382,806,1
22,2210,1619,1418,1199,2306,632,592,2819,2382,806,1
23,2220,1623,1416,1197,2302,632,592,2818,2382,806,1
24,2211,1627,1417,1198,2304,634,590,2705,2381,806,1
25,2216,1621,1416,1197,2302,632,591,2618,2381,807,1
26,2221,1625,1417,1198,2302,632,593,2635,2382,807,1
27,2214,1626,1417,1199,2306,632,592,2718,2382,808,1
28,2216,1621,1416,1198,2304,631,590,2795,2382,807,1
29,2187,1623,1415,1198,2304,633,591,2824,2381,806,1
30,2214,1630,1417,1198,2302,632,594,2792,2382,806,1
31,2216,1619,1417,1197,2302,632,592,2681,2381,806,1
32,2191,1623,1418,1199,2305,633,592,2614,2383,806,1
33,2222,1624,1418,1200,2304,633,592,2644,2382,806,1
34,2219,1629,1417,1199,2305,631,592,2746,2383,806,1
35,2214,1630,1416,1199,2305,632,594,2803,2382,807,1
36,2217,1636,1417,1188,2302,631,592,2827,2382,808,1
37,2213,1626,1418,1197,2305,632,594,2768,2383,806,1
38,2215,1633,1418,1198,2305,634,594,2657,2382,806,1
39,2211,1627,1417,1199,2305,634,592,2610,2382,806,1
40,2218,1621,1416,1198,2304,633,592,2666,2382,807,1
41,2213,1627,1416,1198,2305,633,585,2758,2382,806,1
42,2214,1622,1416,1198,2306,634,591,2818,2382,807,1
43,2216,1619,1417,1197,2305,626,593,2822,2381,808,1
44,2214,1640,1418,1198,2305,634,591,2736,2383,806,1
45,2216,1627,1416,1197,2302,634,583,2632,2383,808,1
46,2217,1626,1417,1198,2302,634,592,2621,2382,807,1
47,2213,1616,1418,1199,2306,632,592,2693,2383,806,1
48,2211,1623,1416,1198,2307,632,594,2787,2382,808,1
49,2225,1627,1412,1198,2306,634,592,2818,2383,807,1
50,2201,1621,1417,1198,2305,633,594,2818,2384,807,1
51,2217,1621,1417,1197,2306,634,592,2714,2384,808,1
52,2216,1628,1418,1199,2306,634,592,2619,2385,808,1
53,2222,1622,1419,1199,2306,632,594,2635,2382,808,1
54,2211,1622,1417,1199,2306,633,591,2715,2385,808,1
55,2222,1628,1418,1200,2306,633,594,2795,2384,809,1
56,2219,1620,1417,1198,2306,632,594,2827,2384,810,1
57,2217,1627,1419,1199,2306,634,594,2794,2383,808,1
58,2222,1626,1418,1201,2306,634,594,2681,2384,810,1
59,2211,1625,1418,1199,2306,634,593,2612,2383,808,1
60,2228,1628,1419,1200,2307,634,593,2651,2384,810,1
61,2221,1624,1419,1199,2307,634,594,2746,2386,809,1
62,2218,1630,1418,1200,2307,633,587,2802,2386,810,1
63,2194,1624,1419,1202,2307,635,594,2830,2384,810,1
64,2230,1624,1419,1203,2307,634,593,2769,2385,810,1
65,2212,1626,1419,1203,2304,634,595,2668,2386,810,1
66,2226,1632,1421,1203,2306,634,595,2621,2386,811,1
67,2218,1621,1420,1202,2308,634,595,2670,2387,811,1
68,2222,1627,1420,1203,2308,634,596,2769,2387,812,1
69,2219,1625,1419,1203,2309,634,594,2819,2387,806,1
70,2221,1633,1419,1203,2306,634,588,2819,2387,812,1
71,2205,1626,1419,1202,2308,634,597,2744,2388,812,1
72,2234,1627,1422,1203,2308,634,595,2642,2387,812,1
73,2224,1622,1422,1202,2308,630,596,2624,2388,812,1
74,2230,1632,1420,1203,2309,634,594,2696,2389,813,1
75,2219,1626,1421,1204,2310,634,596,2779,2389,812,1
76,2225,1634,1421,1203,2309,636,592,2819,2389,813,1
77,2230,1637,1420,1204,2310,635,596,2819,2390,814,1
78,2232,1628,1420,1199,2309,636,595,2722,2389,814,1
79,2229,1634,1423,1204,2310,635,598,2628,2391,817,1
80,2228,1625,1421,1205,2310,635,601,2642,2390,813,1
81,2237,1627,1411,1203,2310,635,598,2716,2390,815,1
82,2227,1631,1422,1205,2311,635,598,2798,2390,815,1
83,2236,1629,1423,1205,2312,635,596,2827,2391,814,1
84,2254,1629,1422,1206,2310,635,598,2798,2390,815,1
85,2224,1625,1422,1205,2306,635,597,2695,2392,815,1
86,2234,1630,1422,1206,2311,636,598,2624,2392,815,1
87,2220,1626,1423,1206,2312,635,598,2650,2391,815,1
88,2235,1617,1424,1207,2312,635,595,2742,2393,816,1
89,2236,1638,1422,1204,2313,636,598,2809,2394,817,1
90,2230,1629,1424,1206,2311,635,600,2824,2393,815,1
91,2235,1638,1423,1206,2312,637,595,2776,2394,815,1
92,2234,1636,1424,1206,2313,636,596,2676,2393,815,1
93,2233,1627,1425,1206,2312,635,598,2626,2395,817,1
94,2234,1637,1424,1209,2312,636,594,2669,2395,816,1
95,2241,1640,1424,1208,2313,638,600,2763,2394,818,1
96,2242,1627,1423,1207,2314,636,598,2821,2395,818,1
97,2236,1640,1424,1206,2314,637,596,2822,2395,818,1
98,2230,1635,1423,1207,2310,637,600,2755,2395,818,1
99,2236,1630,1426,1206,2313,638,599,2656,2396,817,1
100,2243,1635,1424,1208,2313,636,602,2629,2397,818,1
101,2241,1627,1426,1208,2314,636,606,2694,2398,818,1
102,2241,1624,1424,1206,2315,640,602,2777,2398,819,1
103,2237,1636,1426,1207,2314,637,600,2821,2396,821,1
104,2242,1625,1426,1208,2314,637,600,2826,2396,818,1
105,2235,1627,1425,1209,2314,637,602,2726,2397,817,1
106,2243,1635,1426,1208,2315,636,600,2635,2397,818,1
107,2246,1644,1425,1198,2316,637,599,2642,2398,818,1
108,2242,1634,1426,1208,2316,636,600,2715,2398,819,1
109,2244,1637,1426,1208,2316,637,596,2790,2398,819,1
110,2250,1642,1426,1208,2315,637,601,2826,2400,819,1
111,2243,1630,1426,1208,2315,637,601,2808,2400,820,1
112,2244,1616,1428,1214,2316,637,600,2702,2399,819,1
113,2248,1635,1429,1208,2315,638,602,2635,2401,819,1
114,2244,1632,1427,1208,2316,637,602,2652,2399,819,1
115,2248,1629,1427,1210,2317,638,600,2738,2401,820,1
116,2248,1639,1428,1208,2317,636,603,2802,2401,821,1
117,2250,1647,1427,1204,2318,636,600,2831,2401,820,1
118,2250,1634,1428,1208,2318,637,601,2792,2402,820,1
119,2246,1640,1430,1208,2317,638,600,2675,2402,821,1
120,2252,1638,1430,1206,2318,638,600,2627,2404,819,1
121,2250,1632,1428,1208,2318,637,600,2671,2402,820,2
122,2258,1642,1434,1213,2321,640,602,2758,2404,820,2
123,2260,1641,1434,1211,2323,641,603,2814,2403,821,2
124,2256,1642,1433,1210,2322,642,602,2824,2404,820,2
125,2258,1640,1434,1209,2321,641,601,2758,2404,821,2
126,2255,1640,1432,1206,2323,640,600,2658,2403,820,2
127,2256,1643,1432,1206,2321,640,601,2626,2405,819,2
128,2258,1641,1434,1205,2322,640,601,2690,2404,821,2
129,2255,1639,1432,1204,2322,640,602,2776,2403,821,2
130,2255,1640,1432,1203,2321,642,600,2822,2403,819,2
131,2254,1638,1433,1202,2322,640,599,2823,2404,819,2
132,2254,1639,1434,1202,2322,640,600,2726,2404,819,2
133,2251,1639,1432,1200,2322,640,598,2632,2404,819,2
134,2252,1637,1433,1198,2321,641,598,2630,2403,818,2
135,2252,1640,1432,1197,2320,642,597,2712,2403,818,2
136,2251,1640,1431,1198,2322,641,598,2790,2402,818,2
137,2251,1638,1433,1197,2321,640,597,2823,2403,818,2
138,2250,1640,1432,1197,2321,640,597,2802,2403,818,2
139,2251,1638,1432,1195,2321,642,597,2693,2402,817,2
140,2253,1639,1432,1195,2319,640,597,2617,2402,817,2
141,2251,1642,1431,1194,2322,640,596,2642,2402,818,2
142,2251,1638,1433,1195,2321,640,595,2737,2403,817,2
143,2251,1640,1431,1194,2320,640,596,2802,2401,817,2
144,2251,1636,1432,1191,2321,640,595,2826,2400,816,2
145,2252,1639,1431,1193,2319,640,594,2779,2401,814,2
146,2254,1640,1432,1191,2319,640,594,2665,2402,815,2
147,2251,1638,1432,1192,2320,640,593,2610,2402,815,2
148,2250,1638,1431,1190,2322,637,593,2661,2401,816,2
149,2251,1638,1431,1190,2320,640,594,2755,2399,815,2
150,2254,1637,1432,1189,2320,640,593,2812,2400,815,2
151,2249,1640,1432,1190,2319,640,592,2824,2400,815,2
152,2254,1637,1432,1189,2319,640,591,2739,2400,815,2
153,2252,1637,1432,1190,2320,641,591,2638,2399,814,2
154,2254,1637,1432,1189,2319,638,592,2611,2400,815,2
155,2251,1638,1431,1190,2318,638,592,2683,2399,814,2
156,2251,1640,1430,1189,2319,637,592,2776,2398,814,2
157,2254,1637,1430,1188,2320,637,590,2818,2398,814,2
158,2252,1637,1430,1188,2320,637,590,2818,2398,813,2
159,2249,1639,1430,1187,2318,638,590,2710,2398,813,2
160,2248,1641,1430,1189,2318,637,589,2613,2396,814,2
161,2250,1637,1429,1188,2318,638,590,2619,2397,813,2
162,2254,1635,1430,1189,2319,636,588,2706,2398,812,2
163,2249,1637,1430,1189,2319,637,588,2787,2396,812,2
164,2251,1637,1429,1189,2318,640,589,2818,2395,812,2
165,2248,1638,1430,1190,2318,637,590,2794,2395,811,2
166,2250,1636,1429,1187,2318,637,588,2678,2395,813,2
167,2251,1637,1429,1189,2320,638,588,2601,2394,811,2
168,2246,1637,1427,1188,2319,637,587,2634,2393,812,2
169,2251,1638,1429,1187,2318,640,587,2732,2394,811,2
170,2251,1642,1430,1188,2319,638,588,2801,2393,812,2
171,2248,1635,1429,1187,2317,638,588,2823,2392,812,2
172,2249,1635,1430,1189,2318,635,586,2769,2393,811,2
173,2250,1634,1430,1189,2318,635,586,2651,2394,810,2
174,2246,1637,1428,1190,2318,636,586,2598,2392,811,2
175,2250,1635,1428,1190,2317,636,588,2653,2392,812,2
176,2246,1637,1427,1189,2315,636,586,2754,2392,810,2
177,2247,1635,1428,1191,2318,635,586,2811,2391,810,2
178,2249,1636,1430,1189,2318,636,586,2820,2392,810,2
179,2246,1638,1428,1189,2317,638,586,2733,2391,811,2
180,2248,1637,1429,1190,2318,638,585,2627,2390,810,2
181,2243,1636,1429,1189,2315,637,586,2602,2390,809,2
182,2246,1635,1429,1192,2318,635,586,2679,2390,808,2
183,2246,1635,1429,1192,2318,636,585,2775,2390,810,2
184,2243,1634,1427,1192,2317,635,587,2818,2390,810,2
185,2246,1634,1428,1191,2318,636,585,2816,2389,809,2
186,2242,1636,1427,1190,2315,636,586,2703,2388,809,2
187,2243,1633,1428,1192,2316,635,584,2605,2388,810,2
188,2244,1634,1429,1193,2316,635,585,2614,2387,810,2
189,2242,1634,1427,1192,2316,636,585,2705,2387,807,2
190,2241,1634,1426,1194,2316,636,584,2787,2387,807,2
191,2243,1636,1428,1193,2315,636,586,2822,2386,808,2
192,2240,1632,1427,1192,2316,635,586,2793,2386,808,2
193,2243,1635,1428,1192,2315,636,584,2672,2386,809,2
194,2237,1631,1427,1193,2314,635,583,2594,2386,807,2
195,2238,1634,1425,1194,2314,636,585,2630,2385,808,2
196,2241,1632,1427,1195,2314,635,586,2733,2384,808,2
197,2237,1634,1427,1195,2316,635,586,2800,2384,808,2
198,2234,1634,1426,1196,2314,635,586,2824,2383,808,2
199,2234,1632,1427,1195,2314,634,586,2766,2384,808,2
200,2238,1635,1426,1196,2312,635,586,2644,2383,807,2
201,2233,1634,1426,1196,2314,634,585,2595,2383,807,2
202,2232,1634,1425,1196,2314,635,583,2652,2382,807,2
203,2235,1633,1426,1197,2314,635,586,2753,2382,806,2
204,2234,1634,1425,1197,2314,634,585,2811,2382,806,2
205,2231,1634,1423,1198,2315,635,584,2822,2382,807,2
206,2232,1630,1424,1200,2314,635,585,2732,2381,808,2
207,2233,1632,1424,1198,2313,634,585,2624,2382,807,2
208,2232,1632,1424,1198,2313,635,586,2601,2380,806,2
209,2231,1633,1423,1202,2314,636,584,2676,2379,805,2
210,2230,1630,1424,1199,2312,636,585,2775,2379,806,2
211,2232,1632,1424,1200,2312,634,586,2819,2380,806,2
212,2227,1634,1422,1201,2314,635,585,2818,2378,805,2
213,2231,1634,1423,1201,2313,634,585,2702,2380,805,2
214,2225,1631,1422,1203,2312,635,586,2603,2379,805,2
215,2228,1633,1423,1202,2312,634,585,2613,2378,806,2
216,2225,1629,1423,1203,2312,635,586,2706,2378,806,2
217,2225,1632,1423,1203,2312,634,586,2789,2378,804,2
218,2223,1627,1424,1204,2312,634,586,2823,2378,804,2
219,2223,1629,1422,1205,2312,634,585,2792,2377,803,2
220,2223,1628,1423,1205,2314,634,585,2672,2377,805,2
221,2226,1625,1422,1205,2312,633,587,2594,2376,806,2
222,2223,1628,1422,1204,2311,634,586,2629,2376,805,2
223,2222,1625,1422,1206,2312,633,586,2733,2376,804,2
224,2223,1630,1420,1206,2311,634,587,2801,2376,805,2
225,2222,1630,1421,1207,2310,634,586,2824,2375,804,2
226,2224,1627,1421,1207,2310,634,587,2768,2376,804,2
227,2219,1627,1422,1208,2310,632,586,2645,2376,804,2
228,2218,1626,1422,1208,2310,633,587,2595,2375,804,2
229,2217,1626,1420,1210,2310,634,587,2652,2373,803,2
230,2217,1627,1421,1210,2308,634,586,2755,2373,804,2
231,2215,1626,1420,1211,2308,633,587,2810,2374,803,2
232,2218,1626,1419,1210,2310,633,587,2824,2372,803,2
233,2218,1626,1419,1210,2310,634,586,2734,2373,804,2
234,2217,1625,1419,1213,2309,633,586,2625,2371,803,2
235,2213,1626,1420,1213,2307,632,588,2602,2371,805,2
236,2213,1625,1420,1212,2307,633,588,2677,2372,803,2
237,2216,1623,1419,1213,2308,632,588,2776,2372,802,2
238,2215,1626,1418,1213,2308,633,588,2821,2370,802,2
239,2215,1624,1418,1217,2307,634,589,2818,2371,802,2
240,2213,1622,1418,1216,2309,634,588,2703,2371,803,2
241,2207,1628,1419,1218,2306,634,588,2606,2370,802,2
242,2210,1625,1418,1218,2307,632,590,2616,2368,803,2
243,2211,1622,1417,1219,2308,631,588,2706,2370,802,2
244,2208,1622,1417,1220,2307,633,589,2790,2368,801,2
245,2209,1623,1417,1219,2307,632,589,2824,2369,801,2
246,2206,1626,1417,1220,2305,632,590,2794,2368,802,2
247,2204,1625,1416,1221,2307,632,590,2671,2366,802,2
248,2208,1624,1417,1221,2306,631,590,2597,2368,802,2
249,2203,1624,1415,1223,2307,633,590,2630,2366,801,2
250,2204,1622,1415,1221,2306,632,588,2737,2365,801,2
251,2205,1623,1417,1222,2304,632,590,2803,2365,802,2
252,2202,1621,1417,1224,2306,630,590,2825,2365,802,2
253,2200,1624,1416,1224,2306,631,590,2766,2366,802,2
254,2200,1623,1417,1224,2304,632,591,2646,2365,802,2
255,2200,1619,1415,1225,2306,632,591,2599,2363,801,2
256,2199,1620,1414,1225,2305,631,590,2656,2363,801,2
257,2197,1626,1414,1226,2306,631,591,2758,2362,801,2
258,2196,1621,1414,1226,2306,630,592,2818,2362,802,2
259,2196,1623,1414,1227,2304,632,590,2822,2362,799,2
260,2195,1620,1414,1229,2304,630,590,2733,2363,802,2
261,2198,1619,1413,1227,2302,631,592,2630,2362,802,2
262,2195,1620,1414,1229,2302,629,592,2607,2362,802,2
263,2194,1621,1414,1230,2302,629,592,2685,2362,802,2
264,2198,1618,1412,1231,2301,629,592,2779,2361,802,2
265,2194,1622,1415,1231,2300,631,594,2825,2361,802,2
266,2196,1618,1413,1231,2299,631,594,2821,2361,802,2
267,2190,1620,1412,1231,2300,631,593,2704,2360,799,2
268,2189,1617,1412,1231,2300,630,594,2611,2360,800,2
269,2189,1621,1411,1234,2299,632,592,2619,2360,798,2
270,2190,1619,1412,1236,2298,630,595,2714,2360,799,2
271,2187,1616,1410,1234,2299,630,594,2794,2359,800,2
272,2193,1619,1410,1235,2300,630,594,2828,2360,800,2
273,2188,1619,1412,1235,2299,631,594,2796,2359,801,2
274,2189,1618,1411,1237,2298,630,594,2675,2358,798,2
275,2187,1619,1410,1237,2299,630,594,2603,2358,798,2
276,2186,1615,1408,1238,2298,630,596,2639,2358,800,2
277,2187,1617,1411,1238,2299,630,594,2741,2357,799,2
278,2186,1614,1411,1239,2298,629,595,2809,2358,800,2
279,2187,1617,1409,1241,2298,629,598,2827,2356,798,2
280,2181,1616,1409,1239,2298,631,596,2770,2356,799,2
281,2181,1617,1408,1242,2298,629,595,2651,2355,800,2
282,2180,1616,1410,1240,2297,629,596,2604,2357,798,2
283,2180,1615,1408,1243,2296,630,596,2664,2355,798,2
284,2179,1615,1409,1245,2298,629,598,2763,2356,798,2
285,2180,1613,1408,1245,2296,629,597,2820,2356,800,2
286,2182,1614,1408,1246,2297,629,597,2826,2355,800,2
287,2178,1616,1409,1244,2296,630,597,2735,2355,799,2
288,2177,1612,1406,1245,2296,629,597,2632,2355,798,2
289,2176,1615,1408,1246,2295,630,598,2612,2355,799,2
290,2176,1615,1408,1247,2296,628,597,2691,2354,799,2
291,2174,1615,1405,1246,2295,630,598,2786,2354,800,2
292,2178,1614,1406,1247,2294,628,599,2826,2354,798,2
293,2176,1610,1406,1249,2296,627,599,2822,2354,798,2
294,2176,1613,1405,1251,2295,629,600,2707,2353,798,2
295,2171,1614,1405,1250,2294,628,598,2614,2353,797,2
296,2170,1610,1403,1252,2295,627,599,2626,2352,798,2
297,2172,1616,1403,1252,2295,629,600,2720,2351,798,2
298,2171,1611,1406,1252,2294,627,600,2798,2352,798,2
299,2173,1613,1404,1253,2293,628,601,2830,2352,798,2
300,2169,1614,1404,1254,2293,627,601,2799,2352,798,2
301,2168,1609,1403,1256,2294,627,602,2678,2352,798,2
302,2168,1614,1402,1256,2294,627,602,2607,2350,798,2
303,2168,1611,1404,1256,2293,626,602,2643,2352,798,2
304,2167,1610,1401,1256,2294,628,602,2746,2350,797,2
305,2169,1614,1403,1256,2290,627,601,2814,2351,796,2
306,2167,1609,1402,1258,2291,627,602,2830,2350,798,2
307,2166,1611,1402,1259,2292,627,602,2771,2350,797,2
308,2163,1611,1402,1258,2291,628,603,2649,2349,797,2
309,2166,1610,1402,1258,2291,628,603,2608,2350,794,2
310,2163,1608,1402,1259,2290,626,603,2671,2349,797,2
311,2163,1611,1401,1260,2290,627,603,2768,2349,797,2
312,2164,1610,1400,1261,2291,626,603,2822,2350,796,2
313,2159,1608,1400,1262,2291,626,604,2830,2349,798,2
314,2163,1608,1400,1263,2290,628,604,2738,2347,797,2
315,2158,1613,1401,1263,2288,627,605,2636,2349,797,2
316,2158,1607,1400,1266,2290,626,605,2618,2347,797,2
317,2160,1607,1400,1265,2290,626,605,2696,2348,797,2
318,2160,1610,1399,1265,2290,627,605,2788,2347,797,2
319,2158,1608,1399,1266,2288,627,605,2827,2347,795,2
320,2159,1607,1399,1267,2290,626,606,2824,2347,797,2
321,2158,1608,1398,1266,2288,627,606,2710,2346,797,3
322,2142,1603,1394,1263,2282,624,606,2613,2346,797,3
323,2148,1603,1402,1267,2283,623,604,2632,2346,798,3
324,2142,1600,1393,1271,2283,625,606,2723,2346,796,3
325,2142,1597,1395,1275,2283,624,609,2800,2346,797,3
326,2152,1594,1395,1280,2282,624,608,2837,2346,797,3
327,2179,1603,1395,1282,2283,624,610,2800,2347,798,3
328,2160,1603,1394,1284,2283,624,611,2679,2345,798,3
329,2148,1604,1394,1286,2284,623,614,2618,2346,800,3
330,2153,1602,1395,1290,2283,623,607,2653,2346,797,3
331,2162,1602,1395,1291,2286,625,610,2747,2346,798,3
332,2154,1602,1396,1297,2282,623,612,2822,2346,799,3
333,2159,1606,1398,1300,2285,624,610,2835,2346,800,3
334,2202,1604,1396,1301,2285,624,612,2784,2346,800,3
335,2167,1604,1398,1303,2284,624,615,2664,2346,799,3
336,2168,1611,1398,1307,2284,623,613,2618,2347,799,3
337,2176,1606,1396,1310,2284,624,613,2683,2346,800,3
338,2166,1604,1399,1312,2286,625,617,2775,2347,802,3
339,2171,1610,1398,1312,2286,624,614,2826,2346,802,3
340,2169,1606,1399,1311,2285,623,615,2835,2347,799,3
341,2206,1608,1399,1314,2285,624,614,2752,2347,802,3
342,2199,1604,1398,1315,2286,626,618,2652,2347,802,3
343,2181,1605,1399,1314,2285,622,618,2634,2348,803,3
344,2178,1606,1399,1314,2286,625,626,2710,2347,803,3
345,2184,1607,1400,1312,2286,624,618,2790,2348,803,3
346,2181,1600,1401,1313,2285,624,618,2837,2347,803,3
347,2169,1607,1399,1312,2287,624,619,2826,2347,803,3
348,2190,1608,1399,1309,2286,624,621,2725,2347,801,3
349,2186,1618,1399,1308,2287,624,620,2634,2347,803,3
350,2184,1614,1401,1306,2287,626,619,2642,2347,803,3
351,2153,1606,1400,1303,2285,626,620,2728,2350,803,3
352,2192,1608,1400,1304,2284,625,621,2803,2349,804,3
353,2190,1610,1400,1302,2286,624,621,2833,2350,803,3
354,2194,1606,1399,1301,2286,623,620,2812,2348,804,3
355,2186,1611,1402,1298,2286,625,620,2693,2350,804,3
356,2193,1611,1402,1297,2285,623,622,2627,2351,805,3
357,2189,1603,1401,1297,2287,625,620,2659,2350,804,3
358,2195,1610,1400,1295,2283,625,622,2752,2350,805,3
359,2188,1611,1400,1294,2287,625,621,2818,2348,806,3
360,2186,1605,1402,1293,2286,626,619,2838,2350,805,3
361,2192,1604,1402,1290,2286,626,620,2786,2351,805,3
362,2187,1623,1402,1290,2287,625,621,2678,2351,805,3
363,2194,1611,1403,1288,2285,624,622,2627,2351,806,3
364,2195,1613,1401,1287,2287,625,622,2678,2351,806,3
365,2191,1608,1401,1283,2287,625,620,2776,2351,804,3
366,2194,1605,1402,1284,2288,626,620,2829,2352,805,3
367,2186,1609,1402,1284,2287,626,620,2835,2351,806,3
368,2192,1603,1403,1281,2286,624,619,2746,2352,807,3
369,2198,1610,1401,1280,2289,624,621,2652,2352,806,3
370,2186,1610,1404,1277,2289,626,619,2636,2352,806,3
371,2191,1612,1403,1276,2287,625,620,2704,2353,806,3
372,2203,1609,1402,1277,2287,626,620,2795,2351,805,3
373,2194,1614,1402,1274,2286,620,619,2829,2352,806,3
374,2206,1612,1394,1272,2288,625,619,2824,2353,805,3
375,2195,1600,1402,1272,2288,625,618,2723,2352,806,3
376,2194,1612,1404,1270,2286,620,618,2632,2354,805,3
377,2193,1603,1402,1270,2288,625,619,2640,2351,806,3
378,2194,1607,1402,1270,2288,633,618,2733,2353,806,3
379,2192,1635,1402,1266,2288,626,617,2805,2353,807,3
380,2190,1624,1403,1265,2287,626,616,2835,2354,806,3
381,2200,1611,1403,1263,2282,624,617,2801,2353,806,3
382,2197,1609,1402,1264,2288,624,616,2695,2355,806,3
383,2166,1607,1402,1264,2287,625,616,2619,2354,808,3
384,2194,1617,1403,1261,2286,626,614,2662,2353,807,3
385,2195,1610,1403,1259,2288,625,615,2755,2357,806,3
386,2198,1611,1404,1259,2286,626,616,2819,2354,807,3
387,2194,1607,1404,1260,2287,625,616,2827,2354,808,3
388,2194,1600,1403,1258,2287,625,614,2776,2354,806,3
389,2204,1610,1401,1258,2290,625,613,2666,2354,806,3
390,2202,1610,1404,1254,2286,626,615,2627,2354,806,3
391,2191,1610,1404,1256,2287,626,614,2678,2354,807,3
392,2200,1608,1403,1254,2288,625,613,2778,2354,806,3
393,2194,1610,1402,1254,2289,625,612,2826,2354,806,3
394,2195,1616,1403,1252,2288,627,612,2830,2354,806,3
395,2198,1611,1404,1251,2288,625,616,2743,2355,806,3
396,2195,1618,1404,1249,2287,626,612,2642,2355,805,3
397,2195,1610,1403,1250,2286,625,614,2630,2355,808,3
398,2195,1615,1401,1247,2288,626,610,2702,2354,806,3
399,2217,1616,1403,1248,2288,626,609,2794,2354,805,3
400,2195,1619,1406,1246,2287,626,610,2831,2355,806,3
401,2192,1602,1405,1246,2288,626,610,2818,2356,806,3
402,2206,1611,1402,1246,2286,625,609,2716,2356,808,3
403,2170,1611,1403,1246,2288,625,611,2632,2355,804,3
404,2191,1614,1403,1243,2287,626,610,2639,2354,806,3
405,2197,1602,1404,1242,2288,626,607,2728,2354,805,3
406,2193,1608,1406,1242,2288,627,607,2803,2355,806,3
407,2194,1630,1404,1243,2287,624,609,2832,2355,806,3
408,2188,1611,1403,1242,2287,626,609,2794,2355,806,3
409,2190,1612,1402,1242,2289,625,610,2682,2354,806,3
410,2193,1616,1404,1240,2288,626,603,2616,2355,806,3
411,2194,1606,1406,1238,2288,627,605,2651,2356,805,3
412,2190,1606,1404,1239,2287,625,606,2747,2355,806,3
413,2210,1614,1405,1239,2289,625,606,2818,2356,806,3
414,2230,1613,1403,1236,2287,627,603,2826,2354,806,3
415,2191,1610,1406,1237,2287,627,604,2763,2356,805,3
416,2219,1614,1399,1237,2294,626,604,2653,2356,806,3
417,2190,1610,1404,1236,2288,626,604,2614,2356,806,3
418,2189,1610,1403,1236,2287,627,604,2675,2356,806,3
419,2196,1597,1406,1234,2288,627,603,2771,2351,804,3
420,2190,1611,1406,1235,2287,627,603,2821,2356,805,3
421,2192,1613,1403,1232,2288,627,603,2825,2355,805,3
422,2197,1616,1404,1234,2287,626,604,2734,2356,806,3
423,2195,1619,1404,1234,2288,627,603,2638,2354,804,3
424,2200,1614,1404,1233,2287,627,602,2630,2355,805,3
425,2194,1606,1404,1230,2289,626,603,2701,2357,803,3
426,2198,1616,1404,1230,2288,626,602,2787,2356,805,3
427,2196,1611,1404,1230,2290,626,602,2827,2356,808,3
428,2192,1620,1406,1230,2282,626,602,2819,2355,806,3
429,2187,1612,1403,1230,2288,626,600,2704,2355,805,3
430,2187,1612,1405,1230,2287,627,602,2617,2356,805,3
431,2202,1610,1403,1229,2288,627,601,2640,2358,805,3
432,2211,1614,1403,1230,2296,626,602,2726,2358,805,3
433,2197,1606,1403,1230,2288,627,601,2799,2355,804,3
434,2198,1615,1404,1228,2289,627,602,2833,2355,805,3
435,2188,1613,1406,1227,2288,627,600,2787,2358,803,3
436,2195,1618,1406,1227,2288,627,601,2674,2358,805,3
437,2194,1609,1404,1228,2287,626,600,2616,2357,804,3
438,2191,1610,1404,1227,2287,627,602,2650,2358,806,3
439,2199,1612,1403,1226,2288,627,600,2758,2356,805,3
440,2190,1611,1404,1226,2288,627,601,2811,2358,804,3
441,2193,1616,1405,1226,2290,626,600,2826,2356,806,3
442,2198,1611,1404,1226,2288,626,600,2765,2356,805,3
443,2195,1618,1404,1226,2288,626,598,2652,2358,804,3
444,2195,1610,1403,1226,2288,627,598,2619,2356,805,3
445,2186,1611,1404,1225,2287,627,599,2677,2358,808,3
446,2198,1611,1404,1224,2288,627,601,2777,2358,805,3
447,2185,1613,1403,1226,2290,627,601,2828,2357,806,3
448,2193,1613,1405,1224,2289,626,600,2826,2357,806,3
449,2182,1614,1403,1226,2289,627,599,2734,2357,805,3
450,2190,1608,1406,1224,2288,627,599,2630,2359,804,3
451,2203,1614,1403,1223,2289,628,599,2627,2359,805,3
452,2198,1587,1403,1223,2287,627,600,2702,2358,806,3
453,2196,1622,1404,1224,2287,626,600,2790,2358,807,3
454,2192,1616,1404,1224,2289,627,602,2825,2358,804,3
455,2191,1608,1408,1224,2288,627,599,2808,2359,804,3
456,2200,1614,1405,1222,2290,626,599,2705,2360,806,3
457,2196,1615,1404,1224,2289,627,602,2616,2358,806,3
458,2198,1611,1404,1222,2287,628,598,2641,2358,804,3
459,2199,1616,1404,1222,2290,627,598,2736,2358,805,3
460,2194,1616,1405,1222,2287,628,599,2799,2358,806,3
461,2205,1614,1405,1222,2288,628,597,2830,2358,805,3
462,2200,1622,1404,1223,2289,627,600,2790,2360,806,3
463,2197,1621,1404,1222,2289,627,600,2670,2360,805,3
464,2190,1613,1405,1223,2288,628,598,2613,2359,804,3
465,2195,1614,1405,1220,2287,629,597,2660,2360,803,3
466,2183,1614,1405,1220,2290,626,598,2758,2360,806,3
467,2198,1616,1403,1222,2289,627,596,2810,2359,805,3
468,2200,1614,1404,1221,2280,626,599,2831,2359,805,3
469,2194,1615,1404,1222,2290,627,599,2763,2359,805,3
470,2202,1616,1405,1221,2288,628,597,2655,2358,805,3
471,2194,1591,1405,1220,2289,628,598,2617,2358,804,3
472,2192,1611,1404,1222,2288,628,598,2680,2359,804,3
473,2196,1609,1404,1222,2289,626,601,2777,2360,806,3
474,2200,1620,1408,1219,2290,628,597,2826,2362,804,3
475,2202,1615,1405,1221,2289,627,597,2827,2360,805,3
476,2198,1592,1406,1219,2289,628,597,2725,2362,804,3
477,2192,1607,1404,1221,2290,627,598,2628,2355,805,3
478,2196,1609,1404,1221,2288,627,598,2628,2360,806,3
479,2200,1610,1403,1220,2290,627,601,2711,2360,805,3
480,2197,1628,1404,1217,2290,628,598,2793,2360,806,3
481,2190,1612,1404,1219,2286,628,600,2831,2360,806,3
482,2194,1616,1408,1218,2290,628,599,2803,2360,806,3
483,2195,1608,1405,1221,2289,627,599,2698,2360,806,3
484,2190,1614,1404,1220,2289,627,598,2617,2360,806,3
485,2191,1614,1408,1218,2289,628,598,2638,2361,806,3
486,2195,1611,1406,1218,2288,628,595,2736,2361,804,3
487,2198,1611,1406,1220,2288,628,604,2807,2361,805,3
488,2204,1614,1406,1219,2289,627,600,2830,2361,806,3
489,2202,1617,1405,1219,2290,628,598,2789,2361,806,3
490,2202,1615,1405,1217,2290,627,597,2674,2362,805,3
491,2192,1616,1408,1217,2289,628,598,2614,2361,806,3
492,2193,1614,1404,1219,2288,627,600,2664,2362,805,3
493,2200,1601,1406,1219,2290,628,597,2753,2362,806,3
494,2200,1615,1404,1218,2289,627,598,2812,2361,804,3
495,2198,1618,1408,1219,2290,629,595,2824,2362,806,3
496,2196,1610,1406,1216,2290,629,598,2756,2362,805,3
497,2194,1606,1406,1218,2290,628,598,2650,2362,806,3
498,2221,1615,1408,1217,2289,629,598,2615,2362,805,3
499,2195,1611,1404,1218,2289,628,598,2682,2361,806,3
500,2195,1610,1406,1217,2289,629,598,2774,2358,805,3
501,2223,1618,1409,1218,2289,628,598,2819,2362,805,3
502,2195,1612,1406,1218,2289,628,599,2822,2362,806,3
503,2206,1615,1408,1218,2297,628,598,2723,2363,806,3
504,2191,1617,1408,1217,2289,628,597,2631,2363,806,3
505,2193,1610,1406,1217,2289,630,596,2626,2363,805,3
506,2230,1618,1408,1217,2289,630,598,2706,2364,805,3
507,2198,1610,1405,1218,2290,629,598,2788,2358,805,3
508,2191,1614,1405,1217,2290,629,597,2821,2363,805,3
509,2195,1608,1404,1218,2291,629,598,2806,2362,805,3
510,2200,1618,1406,1217,2290,629,595,2696,2363,806,3
511,2198,1603,1408,1217,2289,630,598,2617,2364,805,3
512,2195,1616,1408,1217,2290,628,600,2638,2364,807,3
513,2199,1619,1406,1217,2290,629,597,2732,2364,806,3
514,2195,1616,1405,1214,2291,629,599,2808,2363,805,3
515,2206,1616,1408,1212,2290,630,597,2828,2364,805,3
516,2170,1614,1408,1216,2291,629,598,2789,2365,806,3
517,2198,1622,1408,1216,2291,627,598,2673,2365,807,3
518,2203,1618,1406,1216,2290,629,598,2616,2364,806,3
519,2202,1615,1409,1213,2290,628,596,2664,2364,806,3
520,2214,1613,1398,1216,2291,627,597,2753,2365,806,3
521,2211,1618,1410,1214,2294,630,597,2812,2365,805,3
522,2198,1608,1408,1217,2290,628,597,2822,2362,806,3
523,2199,1613,1406,1217,2290,628,598,2752,2365,806,3
524,2198,1619,1408,1212,2291,629,599,2650,2364,805,3
525,2178,1616,1408,1214,2291,630,596,2620,2365,804,3
526,2178,1612,1408,1213,2290,629,598,2690,2365,806,3
527,2202,1626,1408,1212,2290,628,599,2778,2366,806,3
528,2186,1619,1406,1216,2290,630,596,2818,2365,807,3
529,2203,1616,1406,1214,2294,629,598,2822,2364,805,3
530,2200,1608,1409,1214,2291,630,598,2722,2366,805,3
531,2200,1608,1405,1210,2291,630,598,2630,2368,806,3
532,2195,1617,1408,1214,2291,630,598,2635,2366,806,3
533,2194,1615,1408,1212,2290,630,598,2715,2366,806,3
534,2204,1621,1408,1212,2292,630,597,2794,2366,805,3
535,2204,1615,1408,1213,2291,630,597,2823,2366,806,3
536,2210,1613,1408,1212,2299,630,598,2802,2368,806,3
537,2199,1604,1409,1212,2291,629,598,2694,2366,806,3
538,2198,1592,1408,1214,2291,629,596,2617,2368,806,3
539,2176,1614,1408,1211,2291,628,598,2645,2368,808,3
540,2203,1611,1409,1212,2289,630,600,2740,2368,806,3
541,2202,1614,1409,1212,2290,630,597,2807,2368,807,3
542,2197,1612,1410,1211,2291,629,598,2824,2368,806,3
543,2200,1606,1410,1212,2291,630,598,2780,2366,806,3
544,2192,1615,1408,1212,2293,629,597,2675,2368,805,3
545,2202,1635,1409,1211,2290,630,598,2618,2368,806,3
546,2200,1615,1409,1212,2290,630,597,2666,2369,806,3
547,2198,1617,1410,1210,2292,630,597,2754,2370,804,3
548,2201,1607,1410,1211,2291,630,596,2811,2369,806,3
549,2182,1614,1408,1212,2294,629,597,2831,2368,805,3
550,2204,1614,1409,1209,2291,630,595,2755,2369,806,3
551,2202,1615,1406,1210,2293,629,598,2643,2370,806,3
552,2203,1603,1409,1212,2291,630,596,2616,2368,806,3
553,2199,1618,1409,1211,2291,628,598,2683,2368,806,3
554,2205,1620,1408,1211,2291,630,598,2776,2369,807,3
555,2218,1618,1410,1209,2291,630,596,2819,2370,807,3
556,2196,1618,1409,1211,2292,630,597,2821,2370,805,3
557,2198,1615,1410,1211,2291,628,597,2726,2370,806,3
558,2170,1615,1408,1209,2291,630,594,2629,2369,805,3
559,2202,1615,1408,1210,2292,630,597,2634,2369,805,3
560,2202,1607,1408,1208,2292,630,596,2711,2370,807,3
561,2206,1620,1409,1208,2291,631,598,2789,2369,807,3
562,2206,1627,1409,1209,2292,634,595,2827,2369,806,3
563,2204,1614,1410,1210,2291,629,596,2803,2369,806,3
564,2198,1608,1408,1210,2292,626,596,2692,2370,805,3
565,2169,1613,1409,1207,2293,630,596,2618,2370,806,3
566,2206,1624,1409,1208,2291,636,595,2644,2370,805,3
567,2244,1614,1409,1208,2293,629,596,2738,2370,806,3
568,2203,1608,1410,1209,2294,630,595,2802,2370,806,3
569,2208,1617,1408,1210,2294,630,596,2830,2370,806,3
570,2211,1614,1410,1208,2291,630,597,2776,2370,807,3
571,2200,1614,1410,1209,2293,630,595,2664,2371,806,3
572,2182,1611,1406,1208,2293,629,597,2618,2370,807,3
573,2205,1619,1410,1208,2293,630,596,2666,2370,806,3
574,2198,1618,1410,1207,2293,631,596,2758,2370,805,3
575,2197,1618,1411,1208,2284,630,595,2822,2370,806,3
576,2208,1619,1410,1208,2293,630,596,2828,2371,806,3
577,2226,1619,1410,1206,2294,630,594,2744,2370,806,3
578,2201,1608,1410,1207,2294,630,596,2643,2371,807,3
579,2210,1620,1409,1206,2295,630,594,2624,2370,806,3
580,2219,1616,1411,1208,2294,630,594,2688,2371,806,3
581,2204,1612,1411,1208,2293,632,595,2778,2371,807,3
582,2209,1617,1409,1208,2293,631,594,2825,2370,806,3
583,2204,1614,1410,1210,2294,630,594,2823,2371,806,3
584,2206,1604,1410,1214,2294,630,594,2718,2370,805,3
585,2210,1621,1410,1206,2294,631,595,2629,2370,805,3
586,2204,1616,1411,1207,2294,631,593,2634,2372,805,3
587,2203,1619,1410,1208,2294,630,598,2712,2372,806,3
588,2189,1615,1412,1207,2294,631,594,2789,2370,806,3
589,2211,1618,1410,1206,2294,631,593,2823,2371,806,3
590,2206,1618,1411,1206,2294,632,595,2799,2372,809,3
591,2208,1616,1412,1206,2293,632,593,2694,2372,808,3
592,2227,1616,1410,1207,2293,630,595,2612,2372,806,3
593,2201,1602,1410,1206,2293,630,594,2640,2372,808,3
594,2206,1626,1411,1205,2294,632,595,2742,2372,806,3
595,2202,1613,1412,1206,2295,630,594,2803,2372,806,3
596,2202,1617,1411,1206,2295,631,594,2824,2372,806,3
597,2207,1614,1412,1206,2294,629,594,2778,2372,807,3
598,2210,1617,1410,1206,2295,630,594,2663,2372,806,3
599,2182,1615,1410,1206,2295,630,595,2618,2373,806,3
600,2218,1616,1410,1204,2295,632,595,2664,2374,808,3
601,2206,1606,1410,1204,2295,632,593,2758,2374,806,3
602,2205,1623,1410,1205,2294,640,593,2818,2372,806,3
603,2211,1615,1411,1206,2296,631,594,2819,2371,807,3
604,2202,1620,1412,1205,2294,631,595,2752,2373,808,3
605,2208,1616,1411,1205,2294,630,593,2647,2374,806,3
606,2204,1616,1412,1203,2293,630,595,2618,2373,806,3
607,2209,1619,1410,1205,2296,629,594,2690,2379,806,3
608,2206,1615,1410,1205,2290,630,595,2784,2373,805,3
609,2208,1618,1411,1204,2296,631,594,2820,2371,806,3
610,2210,1618,1413,1203,2294,632,593,2823,2374,805,3
611,2201,1614,1412,1205,2295,632,593,2715,2374,806,3
612,2212,1620,1411,1206,2296,631,594,2626,2376,806,3
613,2205,1616,1410,1205,2296,630,594,2627,2374,808,3
614,2203,1620,1411,1204,2294,630,595,2723,2373,806,3
615,2211,1618,1412,1205,2295,632,593,2790,2374,806,3
616,2203,1612,1411,1203,2295,631,592,2822,2374,806,3
617,2212,1623,1411,1206,2295,630,593,2801,2374,806,3
618,2218,1620,1410,1202,2295,630,592,2683,2372,806,3
619,2195,1615,1411,1204,2294,631,593,2618,2374,806,3
620,2223,1619,1406,1203,2295,632,594,2641,2375,806,3
621,2205,1623,1411,1204,2295,630,594,2739,2374,806,3
622,2206,1617,1411,1202,2296,631,593,2808,2374,804,3
623,2201,1614,1411,1204,2296,631,594,2822,2374,808,3
624,2212,1619,1411,1204,2294,631,593,2778,2374,806,3
625,2206,1613,1414,1203,2296,630,594,2661,2376,806,3
626,2199,1615,1411,1203,2291,632,594,2618,2375,807,3
627,2216,1618,1412,1203,2296,631,594,2664,2374,806,3
628,2206,1625,1413,1203,2296,632,592,2757,2376,805,3
629,2208,1618,1412,1203,2294,631,594,2820,2376,806,3
630,2210,1622,1412,1203,2295,632,594,2822,2375,806,3
631,2212,1624,1410,1202,2297,630,594,2743,2374,806,3
632,2208,1612,1412,1202,2296,628,592,2637,2374,805,3
633,2191,1614,1412,1202,2296,632,593,2621,2375,804,3
634,2242,1620,1412,1202,2298,631,592,2689,2376,805,3
635,2214,1618,1413,1203,2297,630,591,2782,2375,805,3
636,2214,1618,1411,1202,2297,630,592,2818,2374,804,3
637,2197,1612,1411,1202,2296,630,593,2821,2374,808,3
638,2209,1615,1412,1202,2297,629,593,2715,2374,806,3
639,2205,1620,1411,1201,2298,631,593,2621,2374,804,3
640,2212,1616,1412,1202,2296,632,591,2625,2376,804,3
641,2208,1602,1412,1202,2296,632,591,2713,2375,807,3
642,2210,1617,1414,1202,2296,631,592,2794,2375,806,3
643,2206,1615,1412,1202,2297,630,594,2822,2376,806,3
644,2208,1629,1412,1202,2297,632,594,2799,2375,806,3
645,2210,1626,1412,1202,2297,632,591,2677,2376,805,3
646,2212,1621,1413,1201,2296,632,591,2612,2374,805,3
647,2206,1609,1414,1202,2295,626,594,2644,2376,806,3
648,2190,1615,1412,1202,2298,629,594,2746,2376,806,3
649,2202,1616,1413,1202,2297,631,594,2807,2375,805,3
650,2211,1626,1414,1201,2297,631,592,2826,2376,806,3
651,2228,1619,1413,1202,2298,632,594,2768,2376,806,3
652,2216,1620,1413,1201,2298,630,593,2661,2376,806,3
653,2216,1618,1414,1202,2296,631,594,2610,2376,806,3
654,2182,1618,1412,1200,2298,632,592,2674,2375,805,3
655,2206,1616,1412,1202,2298,631,592,2762,2377,806,3
656,2192,1621,1418,1204,2296,631,592,2821,2376,807,3
657,2197,1618,1414,1202,2297,631,594,2822,2376,806,3
658,2200,1616,1412,1201,2294,630,594,2738,2376,808,3
659,2230,1621,1414,1202,2298,632,592,2636,2376,806,3
660,2214,1624,1414,1200,2298,632,590,2618,2378,806,3
661,2223,1619,1414,1201,2298,632,593,2694,2376,807,3
662,2213,1621,1414,1202,2297,631,592,2784,2377,807,3
663,2217,1620,1414,1202,2298,632,594,2818,2378,806,3
664,2200,1621,1414,1200,2298,632,592,2818,2377,806,3
665,2208,1612,1414,1200,2298,630,591,2704,2378,807,3
666,2182,1616,1414,1200,2297,632,590,2618,2378,807,3
667,2205,1615,1414,1202,2298,632,594,2632,2378,804,3
668,2177,1616,1414,1202,2299,630,592,2726,2378,806,3
669,2210,1615,1412,1200,2299,632,592,2796,2376,806,3
670,2209,1646,1414,1199,2298,633,595,2827,2378,806,3
671,2207,1613,1414,1200,2298,631,592,2790,2377,806,3
672,2214,1638,1414,1201,2297,630,596,2678,2378,806,3
673,2209,1614,1414,1200,2298,632,593,2610,2378,806,3
674,2208,1616,1411,1200,2299,633,598,2654,2376,805,3
675,2207,1622,1415,1200,2298,633,592,2750,2378,807,3
676,2213,1616,1415,1200,2298,633,591,2810,2376,805,3
677,2211,1620,1413,1199,2298,632,594,2827,2378,807,3
678,2214,1617,1413,1200,2298,632,591,2763,2378,804,3
679,2202,1621,1413,1202,2294,632,591,2656,2378,805,3
680,2248,1622,1415,1199,2298,632,591,2610,2379,806,3
681,2204,1621,1414,1199,2297,632,591,2676,2378,806,3
682,2203,1619,1415,1201,2298,632,592,2766,2377,805,3
683,2187,1617,1414,1199,2299,631,591,2818,2378,806,3
684,2209,1618,1413,1199,2298,632,593,2823,2378,806,3
685,2209,1617,1415,1201,2297,630,599,2731,2378,806,3
686,2211,1609,1415,1199,2298,632,593,2630,2378,806,3
687,2208,1619,1414,1202,2298,632,591,2624,2378,808,3
688,2209,1600,1414,1200,2298,631,592,2698,2378,807,3
689,2212,1618,1414,1198,2299,632,590,2780,2378,807,3
690,2185,1619,1416,1199,2299,632,592,2826,2378,805,3
691,2222,1620,1416,1199,2298,632,593,2806,2379,807,3
692,2215,1621,1416,1199,2299,631,590,2701,2378,806,3
693,2237,1623,1416,1200,2299,631,592,2615,2379,806,3
694,2214,1624,1414,1199,2299,641,591,2630,2379,807,3
695,2208,1626,1416,1198,2298,632,594,2728,2379,805,3
696,2214,1634,1414,1201,2298,632,600,2803,2379,806,3
697,2210,1619,1414,1200,2299,632,593,2827,2379,807,3
698,2210,1617,1414,1200,2299,630,592,2789,2378,807,3
699,2194,1622,1414,1199,2301,633,592,2674,2378,806,3
700,2206,1617,1415,1199,2298,630,593,2611,2380,806,3
701,2216,1622,1414,1199,2299,631,591,2658,2379,805,3
702,2210,1629,1415,1198,2299,632,591,2746,2380,806,3
703,2211,1627,1414,1201,2299,632,592,2812,2379,806,3
704,2212,1624,1414,1198,2299,633,593,2826,2379,807,3
705,2233,1622,1416,1198,2298,632,591,2748,2378,807,3
706,2197,1620,1418,1199,2299,631,594,2652,2379,806,3
707,2206,1614,1414,1200,2300,632,593,2614,2380,808,3
708,2216,1620,1414,1200,2300,632,592,2682,2379,807,3
709,2214,1627,1414,1198,2299,633,593,2774,2379,806,3
710,2222,1624,1416,1199,2301,631,591,2816,2380,807,3
711,2209,1622,1416,1199,2299,631,593,2826,2379,807,3
712,2210,1619,1416,1200,2299,633,591,2715,2379,806,3
713,2177,1618,1414,1199,2300,632,592,2629,2379,807,3
714,2212,1608,1415,1201,2299,632,591,2626,2380,808,3
715,2218,1620,1416,1198,2300,631,591,2704,2380,806,3
716,2211,1623,1414,1199,2299,632,593,2795,2380,807,3
717,2254,1622,1416,1198,2299,632,592,2821,2380,806,3
718,2192,1619,1415,1199,2300,632,594,2804,2379,806,3
719,2212,1613,1415,1200,2299,634,592,2687,2380,806,3
720,2211,1619,1417,1198,2299,634,591,2608,2381,806,3
