Count,S1,S2,S3,S4,S5,S6,S7,S8,S9,S10,Flag
1,2577,1858,1668,1394,2649,672,660,2731,2569,881,0
2,2582,1845,1670,1393,2649,674,657,2644,2570,882,0
3,2574,1843,1678,1393,2649,674,657,2694,2571,882,0
4,2582,1848,1670,1392,2650,674,657,2792,2570,882,0
5,2578,1846,1668,1393,2650,671,658,2854,2570,881,0
6,2574,1841,1668,1394,2650,674,658,2841,2570,881,0
7,2592,1842,1670,1394,2648,674,655,2728,2569,883,0
8,2579,1846,1670,1393,2651,671,657,2648,2570,882,0
9,2544,1842,1670,1394,2649,673,657,2666,2570,884,0
10,2579,1841,1669,1394,2650,674,656,2758,2570,882,0
11,2584,1850,1670,1394,2648,672,655,2826,2571,882,0
12,2579,1848,1669,1393,2650,673,657,2858,2569,883,0
13,2583,1851,1669,1394,2648,674,659,2819,2570,881,0
14,2582,1846,1670,1394,2648,674,656,2698,2570,881,0
15,2579,1842,1669,1394,2650,671,654,2631,2571,882,0
16,2584,1862,1670,1395,2649,674,657,2682,2570,882,0
17,2578,1843,1670,1393,2646,674,657,2784,2572,882,0
18,2582,1848,1671,1394,2650,672,658,2836,2571,882,0
19,2589,1844,1670,1394,2649,672,657,2850,2571,883,0
20,2581,1846,1670,1394,2650,673,657,2778,2570,882,0
21,2579,1840,1671,1393,2650,675,657,2676,2572,883,1
22,2556,1844,1670,1394,2651,672,658,2643,2572,882,1
23,2578,1845,1670,1394,2650,671,658,2716,2571,883,1
24,2610,1848,1671,1394,2651,674,657,2806,2570,884,1
25,2579,1843,1671,1393,2650,674,655,2844,2572,882,1
26,2586,1854,1670,1384,2650,672,655,2850,2571,882,1
27,2579,1851,1672,1393,2651,672,656,2742,2570,884,1
28,2570,1845,1671,1394,2650,671,657,2647,2571,882,1
29,2587,1848,1671,1392,2651,674,656,2660,2571,883,1
30,2581,1850,1672,1392,2650,674,658,2752,2572,883,1
31,2578,1846,1672,1392,2651,673,657,2824,2571,882,1
32,2587,1853,1671,1394,2650,681,658,2854,2572,882,1
33,2579,1848,1670,1393,2651,674,657,2830,2571,883,1
34,2583,1844,1672,1392,2650,674,656,2704,2572,882,1
35,2590,1849,1671,1394,2651,673,657,2642,2573,882,1
36,2584,1851,1670,1394,2651,673,658,2674,2570,882,1
37,2586,1845,1672,1393,2653,674,657,2779,2572,880,1
38,2563,1844,1670,1394,2654,674,658,2842,2574,883,1
39,2594,1848,1672,1395,2651,674,657,2852,2573,883,1
40,2588,1850,1672,1393,2652,674,656,2789,2572,883,1
41,2587,1850,1672,1396,2650,674,658,2686,2573,883,1
42,2584,1845,1672,1394,2651,673,657,2646,2574,882,1
43,2571,1846,1672,1394,2652,674,658,2712,2574,885,1
44,2593,1850,1672,1395,2651,674,659,2802,2574,882,1
45,2592,1850,1673,1394,2652,674,658,2850,2574,884,1
46,2589,1852,1673,1396,2654,675,658,2850,2574,886,1
47,2585,1862,1673,1394,2654,674,659,2756,2574,884,1
48,2587,1851,1672,1396,2654,674,659,2661,2575,885,1
49,2591,1845,1673,1397,2653,674,658,2660,2574,885,1
50,2583,1849,1673,1397,2645,675,660,2745,2574,885,1
51,2585,1846,1674,1398,2653,675,660,2818,2576,884,1
52,2578,1846,1674,1397,2654,675,660,2856,2576,885,1
53,2586,1846,1674,1397,2653,675,661,2830,2575,886,1
54,2554,1846,1674,1397,2654,674,658,2713,2577,887,1
55,2589,1842,1673,1399,2655,675,662,2642,2578,888,1
56,2593,1850,1675,1398,2656,674,660,2680,2576,890,1
57,2595,1837,1676,1404,2654,675,660,2775,2576,887,1
58,2592,1848,1675,1400,2657,675,661,2842,2576,890,1
59,2595,1829,1676,1400,2657,674,659,2852,2578,889,1
60,2593,1848,1675,1401,2656,676,662,2798,2578,890,1
61,2586,1850,1675,1401,2656,675,663,2694,2578,889,1
62,2598,1847,1676,1402,2655,675,662,2650,2579,889,1
63,2587,1847,1679,1401,2655,676,663,2712,2580,890,1
64,2598,1850,1678,1401,2656,675,663,2806,2582,890,1
65,2592,1851,1678,1402,2658,676,662,2851,2581,891,1
66,2592,1851,1678,1400,2658,677,663,2854,2582,890,1
67,2598,1852,1677,1401,2653,676,663,2766,2580,891,1
68,2632,1853,1678,1402,2658,676,664,2662,2582,891,1
69,2601,1851,1678,1403,2656,676,664,2666,2582,892,1
70,2619,1853,1677,1403,2658,676,665,2742,2582,892,1
71,2605,1858,1680,1403,2659,677,662,2824,2582,892,1
72,2610,1856,1670,1402,2659,675,665,2854,2584,893,1
73,2611,1858,1678,1404,2660,677,662,2835,2584,893,1
74,2610,1858,1678,1406,2667,675,665,2727,2584,896,1
75,2590,1850,1679,1406,2660,676,667,2652,2586,896,1
76,2601,1854,1681,1408,2659,677,666,2678,2584,896,1
77,2601,1851,1679,1405,2661,677,665,2782,2585,896,1
78,2639,1859,1681,1408,2662,678,666,2839,2584,898,1
79,2609,1857,1682,1406,2660,675,666,2859,2587,897,1
80,2616,1854,1674,1409,2659,676,667,2798,2588,898,1
81,2624,1856,1682,1409,2660,678,665,2698,2587,897,1
82,2610,1854,1682,1410,2659,676,666,2649,2588,897,1
83,2605,1859,1691,1409,2661,678,663,2715,2588,898,1
84,2616,1853,1683,1408,2662,678,666,2806,2588,896,1
85,2612,1860,1683,1409,2662,679,668,2854,2589,899,1
86,2622,1858,1679,1409,2662,679,666,2852,2588,898,1
87,2613,1860,1684,1408,2663,679,667,2763,2589,900,1
88,2617,1869,1685,1408,2663,678,667,2667,2589,899,1
89,2618,1843,1685,1410,2664,678,667,2666,2590,900,1
90,2619,1855,1685,1409,2662,680,669,2750,2592,900,1
91,2617,1865,1686,1410,2664,678,670,2819,2593,902,1
92,2624,1864,1685,1410,2664,678,668,2857,2591,901,1
93,2617,1867,1686,1412,2663,679,665,2832,2594,900,1
94,2625,1863,1687,1411,2666,678,669,2728,2592,901,1
95,2619,1855,1686,1410,2664,678,670,2652,2594,899,1
96,2624,1867,1687,1410,2664,678,668,2689,2594,901,1
97,2646,1860,1686,1412,2663,678,669,2778,2594,902,1
98,2626,1864,1686,1410,2666,678,668,2844,2595,904,1
99,2626,1859,1688,1411,2665,678,669,2852,2596,903,1
100,2627,1858,1689,1411,2666,678,668,2803,2595,898,1
101,2624,1866,1688,1411,2665,679,672,2704,2596,902,1
102,2626,1874,1688,1413,2664,678,670,2659,2597,903,1
103,2631,1864,1690,1411,2667,679,669,2714,2596,904,1
104,2631,1861,1688,1412,2666,679,670,2810,2597,904,1
105,2626,1856,1690,1412,2667,679,668,2850,2598,903,1
106,2629,1868,1689,1411,2667,678,670,2856,2598,902,1
107,2646,1863,1689,1414,2667,680,670,2760,2598,904,1
108,2636,1865,1690,1412,2668,680,670,2671,2599,904,1
109,2629,1864,1690,1412,2667,680,670,2664,2599,904,1
110,2629,1866,1692,1411,2668,680,670,2754,2598,904,1
111,2640,1866,1682,1414,2667,680,668,2824,2600,904,1
112,2630,1867,1691,1414,2668,681,674,2854,2599,905,1
113,2630,1862,1691,1414,2670,680,668,2835,2599,904,1
114,2632,1858,1693,1412,2670,680,669,2724,2599,905,1
115,2636,1874,1692,1414,2667,680,670,2657,2600,905,1
116,2638,1846,1692,1412,2670,680,669,2686,2600,904,1
117,2598,1863,1693,1411,2669,680,670,2783,2600,904,1
118,2632,1864,1694,1414,2670,678,670,2842,2601,906,1
119,2636,1866,1693,1413,2671,680,672,2861,2600,906,1
120,2640,1867,1694,1413,2672,679,671,2792,2602,905,1
121,2629,1866,1697,1413,2671,680,673,2697,2600,906,2
122,2646,1872,1699,1419,2674,682,673,2659,2602,906,2
123,2642,1871,1700,1415,2674,683,671,2722,2602,906,2
124,2644,1872,1699,1415,2672,682,669,2811,2602,905,2
125,2642,1872,1698,1412,2674,683,670,2853,2603,906,2
126,2642,1872,1698,1414,2673,682,670,2851,2602,905,2
127,2642,1871,1698,1411,2674,682,670,2752,2603,905,2
128,2638,1872,1698,1411,2674,681,670,2659,2603,904,2
129,2640,1870,1698,1409,2674,682,670,2668,2602,906,2
130,2639,1874,1698,1407,2672,683,669,2760,2601,904,2
131,2637,1869,1697,1405,2673,682,668,2831,2602,904,2
132,2633,1874,1695,1405,2674,681,668,2856,2601,904,2
133,2635,1868,1696,1405,2674,681,667,2822,2602,902,2
134,2633,1867,1698,1403,2674,683,667,2706,2601,904,2
135,2636,1866,1698,1402,2671,680,668,2646,2601,903,2
136,2634,1867,1697,1400,2674,682,666,2694,2600,902,2
137,2635,1870,1696,1400,2673,682,665,2789,2602,902,2
138,2632,1871,1695,1399,2674,683,666,2844,2602,902,2
139,2632,1872,1695,1400,2674,681,665,2854,2601,902,2
140,2631,1869,1696,1398,2673,683,664,2768,2600,902,2
141,2634,1869,1696,1397,2674,682,663,2666,2600,902,2
142,2634,1871,1696,1396,2671,682,663,2648,2599,900,2
143,2631,1868,1694,1398,2673,681,663,2726,2600,900,2
144,2633,1866,1696,1398,2674,682,662,2812,2599,901,2
145,2631,1867,1693,1396,2672,682,662,2852,2598,900,2
146,2632,1867,1696,1394,2674,682,661,2840,2598,900,2
147,2634,1870,1696,1395,2673,682,662,2726,2599,899,2
148,2630,1866,1694,1395,2672,680,659,2638,2599,899,2
149,2629,1866,1696,1394,2671,680,659,2664,2598,898,2
150,2634,1869,1694,1393,2672,682,659,2767,2598,898,2
151,2634,1866,1694,1394,2673,683,660,2835,2594,898,2
152,2630,1864,1692,1392,2672,681,658,2854,2597,898,2
153,2632,1863,1696,1393,2671,681,659,2798,2597,897,2
154,2631,1864,1694,1390,2671,679,659,2680,2595,897,2
155,2631,1866,1694,1391,2672,681,658,2630,2595,898,2
156,2627,1866,1693,1390,2672,680,656,2698,2594,898,2
157,2626,1867,1694,1390,2671,680,658,2797,2594,896,2
158,2630,1866,1693,1391,2672,680,657,2846,2594,896,2
159,2632,1866,1692,1389,2671,681,656,2851,2593,896,2
160,2627,1866,1694,1390,2669,680,655,2742,2593,894,2
161,2630,1864,1694,1390,2670,681,654,2638,2594,893,2
162,2628,1866,1693,1388,2672,680,653,2643,2591,892,2
163,2630,1862,1694,1390,2670,679,655,2736,2592,891,2
164,2626,1864,1692,1387,2671,678,655,2819,2592,893,2
165,2625,1866,1692,1388,2671,680,652,2851,2590,892,2
166,2625,1863,1692,1387,2671,679,652,2821,2589,894,2
167,2626,1866,1692,1388,2670,679,653,2695,2587,892,2
168,2627,1865,1691,1389,2669,680,652,2620,2590,891,2
169,2621,1866,1690,1386,2670,680,652,2666,2589,891,2
170,2624,1864,1691,1387,2669,680,652,2774,2588,892,2
171,2626,1863,1691,1387,2671,679,651,2838,2586,890,2
172,2621,1867,1690,1385,2669,678,651,2851,2586,890,2
173,2621,1864,1690,1386,2670,679,652,2767,2586,891,2
174,2625,1862,1690,1387,2669,678,651,2653,2587,890,2
175,2619,1864,1689,1386,2670,680,650,2628,2586,890,2
176,2622,1863,1689,1384,2667,680,650,2706,2584,890,2
177,2617,1864,1689,1387,2668,680,651,2806,2584,890,2
178,2618,1859,1691,1387,2667,680,651,2849,2584,889,2
179,2620,1863,1690,1387,2667,678,650,2840,2584,889,2
180,2617,1862,1689,1387,2667,679,650,2717,2584,889,2
181,2618,1859,1688,1387,2667,678,649,2624,2582,889,2
182,2618,1861,1688,1387,2668,678,649,2646,2583,887,2
183,2616,1859,1689,1389,2667,679,649,2754,2582,888,2
184,2618,1863,1688,1387,2667,677,649,2826,2582,887,2
185,2614,1862,1690,1385,2668,680,647,2849,2581,888,2
186,2616,1862,1686,1385,2667,679,648,2797,2579,888,2
187,2611,1861,1688,1385,2667,678,647,2670,2579,888,2
188,2612,1858,1688,1387,2664,680,647,2613,2580,886,2
189,2614,1860,1688,1386,2666,677,648,2678,2579,886,2
190,2609,1863,1687,1386,2666,677,648,2786,2578,886,2
191,2609,1858,1685,1386,2667,678,646,2843,2578,886,2
192,2611,1857,1685,1387,2666,676,645,2848,2577,886,2
193,2607,1859,1686,1386,2667,678,646,2737,2577,886,2
194,2606,1856,1686,1387,2664,676,647,2632,2576,885,2
195,2605,1857,1686,1388,2666,677,648,2627,2576,886,2
196,2603,1858,1686,1387,2665,677,646,2724,2575,884,2
197,2608,1859,1685,1386,2665,678,646,2814,2576,884,2
198,2603,1856,1683,1387,2665,677,646,2851,2574,885,2
199,2601,1854,1683,1387,2664,676,646,2822,2574,882,2
200,2602,1853,1682,1388,2665,677,646,2690,2573,884,2
201,2604,1856,1683,1388,2666,677,646,2610,2571,884,2
202,2600,1857,1684,1388,2666,677,643,2654,2572,883,2
203,2601,1858,1682,1388,2663,678,645,2768,2572,883,2
204,2602,1856,1683,1389,2664,676,645,2835,2572,882,2
205,2597,1858,1683,1387,2664,675,645,2851,2570,882,2
206,2600,1858,1682,1389,2662,676,645,2770,2570,882,2
207,2595,1852,1681,1388,2664,677,644,2648,2570,882,2
208,2596,1851,1682,1389,2662,677,643,2616,2570,882,2
209,2598,1853,1681,1389,2663,675,643,2698,2570,880,2
210,2594,1851,1680,1387,2662,676,644,2801,2568,882,2
211,2594,1851,1680,1388,2663,675,643,2849,2567,882,2
212,2593,1849,1679,1389,2662,675,644,2840,2568,881,2
213,2590,1850,1679,1389,2661,675,643,2714,2568,881,2
214,2587,1850,1679,1390,2662,675,641,2616,2567,881,2
215,2587,1850,1680,1389,2662,677,642,2637,2566,881,2
216,2588,1849,1678,1390,2660,676,644,2747,2566,880,2
217,2590,1850,1677,1389,2659,676,644,2825,2564,882,2
218,2585,1851,1679,1389,2662,675,642,2850,2563,882,2
219,2584,1850,1676,1392,2662,675,641,2798,2563,880,2
220,2584,1848,1676,1389,2660,675,642,2664,2563,880,2
221,2582,1848,1675,1390,2661,675,642,2608,2564,879,2
222,2585,1850,1676,1390,2659,676,641,2674,2562,880,2
223,2581,1845,1675,1391,2659,674,643,2784,2562,879,2
224,2579,1847,1676,1391,2660,674,642,2841,2562,879,2
225,2576,1849,1674,1391,2659,674,643,2846,2561,879,2
226,2576,1848,1674,1392,2658,676,642,2738,2561,878,2
227,2580,1847,1676,1392,2658,676,643,2629,2560,877,2
228,2575,1845,1674,1391,2658,675,641,2626,2559,877,2
229,2574,1844,1675,1392,2658,674,643,2722,2558,877,2
230,2578,1846,1674,1392,2658,674,640,2811,2557,875,2
231,2574,1848,1674,1391,2657,674,642,2850,2557,876,2
232,2571,1845,1674,1392,2656,674,641,2821,2555,877,2
233,2575,1848,1674,1392,2658,674,642,2688,2556,876,2
234,2572,1843,1672,1393,2657,671,642,2606,2556,877,2
235,2571,1841,1672,1394,2655,674,642,2651,2555,878,2
236,2568,1841,1672,1393,2658,675,641,2770,2554,875,2
237,2567,1844,1672,1393,2654,673,641,2835,2554,877,2
238,2570,1846,1672,1393,2654,671,641,2850,2554,875,2
239,2568,1840,1670,1394,2655,672,642,2765,2554,875,2
240,2565,1842,1671,1395,2654,672,642,2643,2554,876,2
241,2568,1842,1669,1394,2654,672,640,2614,2551,876,2
242,2563,1842,1669,1394,2656,673,640,2700,2550,875,2
243,2563,1840,1670,1395,2653,672,641,2802,2552,875,2
244,2563,1841,1669,1396,2653,672,641,2846,2550,875,2
245,2560,1842,1668,1394,2653,672,642,2838,2550,874,2
246,2562,1842,1667,1395,2654,671,642,2710,2549,874,2
247,2556,1842,1667,1394,2652,673,640,2611,2550,874,2
248,2556,1841,1667,1395,2653,670,641,2639,2548,873,2
249,2558,1840,1666,1395,2652,671,640,2747,2547,874,2
250,2552,1842,1665,1395,2651,672,640,2826,2547,873,2
251,2553,1839,1667,1397,2650,672,640,2851,2547,873,2
252,2554,1839,1666,1396,2651,670,642,2794,2547,874,2
253,2550,1834,1664,1396,2650,670,641,2662,2547,873,2
254,2547,1838,1664,1398,2650,670,640,2608,2546,872,2
255,2547,1837,1662,1398,2650,671,638,2677,2545,871,2
256,2548,1838,1661,1397,2650,672,640,2789,2545,872,2
257,2550,1836,1664,1398,2648,670,640,2844,2544,872,2
258,2546,1834,1662,1399,2649,670,640,2845,2544,871,2
259,2543,1836,1661,1398,2650,670,640,2731,2543,872,2
260,2543,1835,1664,1398,2650,670,642,2620,2543,873,2
261,2543,1839,1659,1398,2648,670,640,2627,2542,872,2
262,2545,1837,1658,1400,2648,670,640,2728,2542,872,2
263,2541,1835,1659,1399,2649,668,640,2816,2542,872,2
264,2539,1835,1659,1399,2648,669,640,2850,2542,873,2
265,2537,1832,1660,1400,2647,669,642,2814,2542,872,2
266,2538,1832,1658,1401,2647,669,640,2679,2541,870,2
267,2539,1835,1658,1402,2647,672,642,2607,2539,869,2
268,2534,1830,1658,1402,2646,670,641,2655,2540,872,2
269,2534,1835,1656,1402,2648,667,641,2771,2539,871,2
270,2535,1833,1656,1400,2646,670,641,2838,2538,871,2
271,2535,1832,1657,1402,2646,669,640,2849,2539,870,2
272,2531,1832,1658,1402,2646,667,640,2758,2537,869,2
273,2534,1833,1655,1402,2646,668,640,2638,2537,870,2
274,2534,1832,1655,1402,2646,667,641,2614,2538,870,2
275,2532,1831,1656,1403,2643,668,640,2704,2537,869,2
276,2528,1826,1654,1403,2644,667,642,2806,2536,870,2
277,2526,1834,1654,1406,2643,668,640,2850,2536,869,2
278,2529,1827,1654,1404,2644,667,641,2835,2536,869,2
279,2526,1828,1652,1404,2643,667,641,2703,2536,869,2
280,2522,1829,1653,1404,2643,669,640,2609,2534,867,2
281,2522,1830,1652,1404,2642,670,640,2645,2534,868,2
282,2524,1827,1651,1405,2640,668,637,2758,2533,868,2
283,2520,1827,1652,1405,2642,670,643,2830,2534,867,2
284,2518,1829,1650,1404,2642,668,641,2852,2532,867,2
285,2517,1827,1649,1407,2642,668,642,2781,2534,868,2
286,2518,1827,1651,1406,2640,667,640,2654,2531,867,2
287,2520,1826,1649,1405,2640,668,640,2610,2530,867,2
288,2516,1825,1649,1408,2640,668,640,2684,2530,866,2
289,2512,1827,1647,1409,2640,666,642,2794,2531,868,2
290,2517,1822,1649,1408,2640,668,642,2843,2530,867,2
291,2517,1824,1650,1408,2640,667,642,2846,2530,867,2
292,2511,1822,1648,1409,2638,668,642,2723,2529,867,2
293,2515,1822,1648,1410,2639,667,641,2618,2530,866,2
294,2514,1823,1648,1410,2640,666,642,2632,2528,866,2
295,2507,1822,1647,1411,2639,667,642,2738,2528,866,2
296,2506,1822,1647,1411,2638,666,641,2822,2526,866,2
297,2506,1820,1646,1411,2637,665,644,2851,2528,867,2
298,2510,1819,1646,1411,2639,665,641,2808,2528,867,2
299,2507,1821,1643,1411,2638,666,641,2672,2526,866,2
300,2508,1820,1645,1411,2637,667,642,2608,2525,866,2
301,2503,1820,1643,1414,2638,666,642,2667,2524,865,2
302,2502,1820,1643,1412,2638,665,641,2779,2524,865,2
303,2502,1819,1645,1413,2636,664,642,2840,2524,866,2
304,2500,1819,1642,1414,2636,666,641,2850,2524,865,2
305,2503,1819,1642,1413,2635,666,640,2744,2523,863,2
306,2502,1817,1642,1413,2634,664,641,2634,2522,865,2
307,2500,1816,1640,1414,2634,666,642,2626,2522,866,2
308,2497,1818,1640,1413,2634,664,641,2718,2522,865,2
309,2496,1818,1641,1415,2634,666,642,2811,2521,864,2
310,2496,1818,1640,1415,2633,666,641,2848,2522,863,2
311,2493,1816,1640,1415,2634,664,643,2826,2520,864,2
312,2490,1816,1639,1416,2632,666,640,2694,2520,863,2
313,2491,1818,1640,1414,2632,666,641,2609,2520,863,2
314,2488,1816,1638,1416,2633,666,642,2652,2519,864,2
315,2492,1817,1638,1415,2632,666,642,2766,2519,865,2
316,2489,1817,1637,1416,2630,666,641,2836,2520,862,2
317,2486,1816,1638,1416,2632,664,640,2852,2518,862,2
318,2487,1816,1637,1418,2631,666,643,2771,2516,862,2
319,2483,1816,1637,1417,2631,665,642,2650,2517,862,2
320,2483,1812,1637,1418,2630,665,643,2614,2517,862,2
321,2482,1813,1635,1419,2630,663,642,2699,2518,862,3
322,2481,1812,1636,1419,2629,666,643,2803,2516,862,3
323,2508,1808,1630,1414,2626,662,642,2843,2515,862,3
324,2483,1802,1629,1416,2625,661,642,2839,2515,862,3
325,2472,1806,1631,1419,2626,662,641,2712,2514,862,3
326,2487,1806,1630,1420,2626,662,641,2613,2515,864,3
327,2474,1806,1630,1423,2626,662,642,2638,2515,861,3
328,2480,1826,1632,1427,2624,660,643,2747,2514,861,3
329,2484,1811,1632,1429,2626,661,645,2826,2514,862,3
330,2484,1805,1630,1432,2626,666,644,2855,2514,864,3
331,2494,1806,1632,1434,2625,662,645,2796,2513,862,3
332,2490,1814,1632,1435,2625,662,646,2667,2513,862,3
333,2519,1807,1632,1440,2625,662,646,2619,2513,866,3
334,2489,1794,1634,1442,2625,661,654,2687,2513,865,3
335,2526,1812,1631,1444,2626,661,648,2795,2514,866,3
336,2505,1811,1634,1447,2626,660,648,2848,2514,865,3
337,2504,1806,1634,1449,2626,662,647,2849,2513,864,3
338,2499,1809,1635,1454,2626,662,648,2742,2514,866,3
339,2501,1814,1633,1454,2625,661,649,2642,2513,866,3
340,2531,1814,1635,1454,2626,662,648,2644,2514,869,3
341,2509,1830,1634,1456,2628,662,650,2733,2515,865,3
342,2491,1811,1636,1456,2627,663,648,2817,2514,863,3
343,2516,1811,1635,1457,2626,660,650,2852,2514,866,3
344,2516,1814,1635,1458,2627,662,650,2823,2515,866,3
345,2520,1810,1634,1456,2627,662,651,2704,2514,866,3
346,2515,1818,1635,1457,2627,662,651,2626,2515,865,3
347,2520,1817,1638,1454,2628,661,653,2670,2515,867,3
348,2515,1814,1635,1454,2628,661,652,2776,2514,868,3
349,2511,1810,1636,1454,2627,661,652,2843,2514,868,3
350,2528,1814,1638,1450,2627,662,651,2856,2514,867,3
351,2534,1814,1638,1451,2626,663,651,2773,2516,866,3
352,2530,1814,1638,1450,2627,662,652,2666,2515,869,3
353,2526,1814,1638,1448,2627,660,652,2640,2515,870,3
354,2530,1809,1638,1447,2626,661,651,2719,2516,870,3
355,2533,1818,1638,1445,2627,662,654,2810,2516,870,3
356,2526,1815,1639,1442,2627,662,651,2854,2514,869,3
357,2514,1815,1640,1443,2627,663,651,2837,2514,868,3
358,2532,1815,1640,1439,2627,662,652,2724,2515,870,3
359,2531,1817,1638,1438,2628,662,654,2632,2518,870,3
360,2502,1814,1636,1438,2627,662,652,2659,2516,870,3
361,2529,1818,1640,1436,2627,663,653,2764,2517,870,3
362,2536,1811,1640,1435,2626,663,654,2829,2518,869,3
363,2533,1803,1641,1436,2627,661,655,2851,2518,872,3
364,2534,1814,1639,1434,2627,661,654,2790,2518,874,3
365,2536,1820,1640,1431,2627,663,653,2676,2517,870,3
366,2540,1818,1640,1430,2627,662,654,2632,2519,870,3
367,2538,1830,1641,1430,2627,663,654,2704,2519,870,3
368,2534,1814,1640,1428,2627,662,653,2803,2518,870,3
369,2535,1820,1640,1428,2628,664,655,2844,2519,872,3
370,2538,1818,1641,1426,2627,663,654,2853,2520,871,3
371,2530,1816,1642,1425,2628,661,650,2738,2520,872,3
372,2542,1817,1642,1425,2627,662,653,2645,2520,870,3
373,2544,1822,1641,1424,2628,662,654,2650,2520,872,3
374,2534,1817,1640,1424,2628,662,653,2742,2520,872,3
375,2539,1818,1642,1421,2630,662,654,2827,2519,872,3
376,2537,1836,1642,1421,2627,662,654,2854,2520,871,3
377,2531,1818,1642,1420,2627,663,651,2811,2521,870,3
378,2539,1823,1642,1418,2628,663,654,2690,2521,872,3
379,2541,1813,1642,1420,2628,662,653,2631,2520,873,3
380,2538,1810,1641,1419,2627,662,654,2684,2521,870,3
381,2540,1821,1643,1418,2629,662,653,2785,2521,873,3
382,2542,1808,1642,1416,2627,664,652,2840,2522,870,3
383,2538,1820,1642,1416,2628,661,648,2849,2521,872,3
384,2532,1816,1642,1416,2629,662,646,2752,2522,871,3
385,2539,1831,1642,1414,2628,662,653,2658,2521,872,3
386,2574,1824,1644,1414,2628,664,651,2648,2521,872,3
387,2543,1815,1643,1414,2628,664,651,2728,2522,872,3
388,2547,1819,1642,1413,2627,663,654,2811,2522,872,3
389,2543,1839,1643,1409,2628,664,651,2852,2522,872,3
390,2544,1811,1643,1411,2627,664,652,2826,2522,872,3
391,2542,1833,1642,1410,2630,663,651,2710,2523,872,3
392,2538,1818,1642,1409,2627,664,652,2628,2522,871,3
393,2541,1822,1642,1411,2628,663,652,2674,2523,872,3
394,2541,1822,1643,1409,2634,662,652,2770,2523,872,3
395,2546,1827,1643,1405,2627,664,651,2840,2523,873,3
396,2542,1824,1640,1406,2628,663,651,2848,2524,871,3
397,2543,1818,1643,1408,2627,664,651,2778,2523,872,3
398,2542,1822,1642,1406,2627,662,651,2671,2524,872,3
399,2539,1816,1641,1403,2627,663,651,2635,2523,873,3
400,2546,1822,1642,1402,2627,664,652,2715,2523,872,3
401,2546,1821,1644,1403,2626,664,650,2809,2523,872,3
402,2537,1818,1643,1402,2627,664,651,2845,2523,871,3
403,2542,1826,1643,1402,2627,664,650,2838,2524,872,3
404,2578,1822,1645,1401,2631,662,650,2720,2525,872,3
405,2546,1820,1642,1402,2627,663,650,2635,2525,873,3
406,2548,1822,1643,1401,2627,663,648,2660,2526,873,3
407,2542,1834,1643,1400,2627,664,650,2763,2524,872,3
408,2542,1840,1643,1400,2628,666,649,2832,2525,872,3
409,2550,1823,1642,1400,2627,663,650,2854,2525,872,3
410,2547,1829,1644,1401,2626,664,649,2802,2523,872,3
411,2542,1820,1644,1388,2626,663,649,2681,2526,871,3
412,2547,1828,1643,1397,2627,664,648,2635,2526,871,3
413,2542,1819,1641,1398,2628,664,649,2698,2526,873,3
414,2541,1815,1643,1400,2627,664,648,2799,2525,872,3
415,2552,1823,1644,1398,2628,664,649,2847,2525,872,3
416,2542,1816,1644,1396,2627,664,647,2843,2525,872,3
417,2546,1816,1643,1395,2627,664,650,2739,2526,871,3
418,2531,1821,1642,1397,2628,663,650,2639,2526,876,3
419,2547,1822,1643,1397,2627,663,650,2654,2528,873,3
420,2546,1821,1644,1395,2628,663,650,2745,2526,872,3
421,2541,1817,1643,1394,2626,663,648,2820,2526,871,3
422,2544,1828,1642,1394,2628,663,648,2848,2526,873,3
423,2546,1828,1643,1395,2628,663,648,2818,2528,872,3
424,2539,1816,1643,1394,2628,664,651,2690,2526,873,3
425,2544,1813,1645,1392,2627,664,648,2630,2529,872,3
426,2548,1826,1642,1393,2627,665,646,2682,2527,871,3
427,2546,1824,1643,1393,2627,664,653,2782,2529,871,3
428,2546,1826,1646,1393,2628,664,647,2838,2529,872,3
429,2546,1822,1643,1394,2629,663,648,2851,2528,873,3
430,2578,1826,1643,1392,2627,665,646,2755,2528,872,3
431,2554,1826,1643,1391,2627,664,648,2657,2528,871,3
432,2545,1820,1646,1393,2627,664,654,2644,2530,871,3
433,2544,1826,1644,1392,2627,664,650,2723,2529,873,3
434,2545,1832,1645,1391,2627,663,648,2814,2530,874,3
435,2542,1827,1643,1391,2627,664,647,2846,2529,872,3
436,2546,1824,1646,1393,2628,665,648,2832,2530,873,3
437,2546,1830,1644,1391,2626,664,647,2709,2530,873,3
438,2546,1823,1646,1392,2627,664,648,2633,2529,873,3
439,2546,1826,1646,1391,2626,665,648,2661,2529,872,3
440,2548,1822,1645,1391,2627,665,648,2775,2530,874,3
441,2546,1825,1645,1391,2628,663,648,2836,2531,873,3
442,2539,1826,1644,1391,2627,664,647,2845,2531,871,3
443,2541,1842,1644,1394,2628,663,648,2784,2530,874,3
444,2541,1810,1643,1389,2627,665,649,2674,2530,873,3
445,2547,1827,1645,1390,2627,664,648,2632,2530,875,3
446,2546,1829,1645,1390,2627,665,648,2709,2530,872,3
447,2546,1818,1643,1391,2627,665,649,2801,2530,872,3
448,2547,1824,1644,1392,2630,663,649,2842,2531,874,3
449,2516,1825,1644,1391,2628,664,649,2846,2531,874,3
450,2542,1829,1645,1390,2628,665,646,2729,2531,874,3
451,2542,1827,1645,1391,2627,664,649,2639,2530,873,3
452,2546,1828,1643,1390,2629,663,649,2659,2535,873,3
453,2536,1826,1646,1392,2629,664,650,2762,2532,874,3
454,2543,1823,1643,1393,2627,664,648,2825,2532,872,3
455,2546,1827,1644,1391,2628,664,647,2854,2531,874,3
456,2545,1822,1646,1393,2626,664,651,2808,2531,873,3
457,2540,1822,1646,1394,2628,663,650,2682,2533,874,3
458,2546,1827,1646,1392,2627,663,648,2633,2532,874,3
459,2553,1825,1644,1393,2627,664,649,2690,2533,874,3
460,2544,1824,1644,1394,2628,664,649,2794,2531,872,3
461,2543,1827,1644,1394,2629,666,650,2845,2531,874,3
462,2539,1824,1646,1395,2625,666,650,2852,2534,874,3
463,2546,1830,1644,1394,2628,665,652,2747,2533,874,3
464,2543,1823,1645,1394,2628,664,650,2649,2534,874,3
465,2582,1828,1643,1393,2628,664,649,2648,2535,873,3
466,2561,1826,1646,1394,2628,666,650,2735,2533,873,3
467,2547,1847,1645,1393,2627,666,650,2819,2535,873,3
468,2547,1840,1646,1387,2628,664,650,2854,2535,875,3
469,2526,1827,1646,1393,2627,665,651,2826,2534,875,3
470,2528,1826,1645,1393,2630,665,651,2709,2534,874,3
471,2531,1826,1644,1394,2627,665,651,2638,2535,873,3
472,2546,1827,1646,1394,2627,665,647,2670,2535,874,3
473,2544,1829,1645,1394,2629,665,653,2775,2534,875,3
474,2544,1821,1646,1394,2627,666,652,2835,2536,874,3
475,2547,1820,1646,1395,2627,666,652,2850,2536,872,3
476,2548,1815,1645,1393,2627,666,650,2770,2536,874,3
477,2543,1824,1646,1395,2628,666,651,2663,2536,872,3
478,2548,1825,1645,1395,2629,665,651,2636,2536,875,3
479,2556,1826,1640,1395,2630,666,652,2715,2538,874,3
480,2539,1822,1645,1395,2628,666,653,2806,2536,874,3
481,2547,1820,1647,1394,2627,666,652,2845,2535,874,3
482,2576,1827,1646,1395,2628,666,653,2836,2537,875,3
483,2543,1819,1646,1394,2630,665,654,2723,2538,875,3
484,2578,1827,1646,1395,2627,665,652,2636,2537,874,3
485,2542,1820,1645,1395,2628,666,654,2661,2538,874,3
486,2550,1830,1646,1394,2630,667,649,2762,2537,874,3
487,2550,1818,1646,1395,2628,666,654,2831,2538,875,3
488,2546,1829,1646,1394,2629,665,656,2851,2537,875,3
489,2551,1829,1645,1395,2630,666,652,2794,2538,876,3
490,2545,1831,1646,1395,2626,666,653,2689,2538,875,3
491,2551,1828,1648,1395,2629,665,653,2640,2538,875,3
492,2560,1830,1647,1394,2629,666,654,2705,2538,875,3
493,2546,1840,1647,1396,2630,666,653,2801,2539,875,3
494,2547,1834,1647,1394,2629,670,654,2848,2538,876,3
495,2550,1827,1645,1393,2630,667,654,2851,2538,876,3
496,2543,1823,1647,1395,2630,667,653,2742,2539,875,3
497,2547,1826,1647,1395,2628,667,653,2644,2538,875,3
498,2547,1829,1647,1396,2629,666,649,2650,2539,877,3
499,2547,1830,1648,1395,2630,665,650,2742,2540,875,3
500,2532,1828,1647,1394,2631,666,654,2826,2539,876,3
501,2552,1846,1647,1395,2628,666,654,2855,2539,876,3
502,2550,1849,1646,1396,2630,666,655,2819,2541,877,3
503,2566,1830,1648,1394,2630,666,654,2696,2540,876,3
504,2590,1830,1646,1396,2630,667,653,2639,2539,875,3
505,2550,1832,1648,1395,2631,667,657,2690,2539,876,3
506,2513,1822,1648,1395,2631,668,653,2786,2541,875,3
507,2557,1828,1648,1395,2629,667,654,2843,2541,875,3
508,2554,1825,1646,1396,2630,665,654,2853,2542,877,3
509,2555,1827,1648,1397,2629,666,654,2759,2542,876,3
510,2554,1822,1648,1396,2629,667,655,2660,2541,876,3
511,2543,1828,1647,1395,2629,666,654,2648,2541,876,3
512,2554,1830,1648,1398,2630,666,655,2730,2542,876,3
513,2549,1826,1647,1397,2630,666,656,2819,2542,872,3
514,2554,1828,1648,1396,2634,667,654,2846,2542,876,3
515,2554,1822,1647,1394,2630,667,650,2831,2542,876,3
516,2560,1834,1648,1395,2630,668,654,2721,2542,877,3
517,2554,1834,1648,1395,2630,675,654,2640,2543,876,3
518,2570,1823,1649,1396,2630,665,656,2667,2543,877,3
519,2550,1823,1649,1396,2631,668,656,2771,2544,876,3
520,2546,1830,1650,1395,2625,667,656,2842,2542,876,3
521,2550,1826,1648,1395,2630,668,661,2856,2543,875,3
522,2560,1830,1649,1395,2630,667,655,2783,2543,876,3
523,2554,1837,1648,1396,2630,666,654,2674,2543,877,3
524,2550,1830,1648,1396,2631,667,656,2640,2543,878,3
525,2552,1852,1650,1394,2630,666,658,2716,2542,876,3
526,2550,1827,1649,1397,2631,668,655,2802,2544,875,3
527,2558,1834,1649,1395,2631,667,649,2844,2544,876,3
528,2562,1834,1650,1396,2630,666,656,2849,2543,877,3
529,2556,1826,1650,1395,2631,667,654,2739,2544,876,3
530,2555,1823,1649,1396,2632,665,655,2645,2544,877,3
531,2564,1833,1650,1395,2631,666,657,2666,2545,878,3
532,2554,1848,1650,1395,2631,667,657,2762,2544,877,3
533,2549,1825,1649,1397,2630,666,657,2829,2546,878,3
534,2553,1833,1650,1395,2632,667,657,2851,2546,878,3
535,2556,1836,1650,1397,2632,668,657,2818,2544,877,3
536,2555,1826,1651,1396,2630,667,656,2692,2546,876,3
537,2555,1834,1651,1395,2632,667,657,2638,2546,877,3
538,2558,1842,1650,1396,2632,667,657,2699,2546,877,3
539,2562,1830,1650,1396,2636,667,657,2790,2546,878,3
540,2560,1832,1650,1395,2632,667,658,2844,2546,878,3
541,2560,1830,1652,1394,2632,667,653,2851,2545,876,3
542,2576,1833,1651,1396,2632,667,656,2756,2546,877,3
543,2547,1830,1651,1395,2627,667,656,2658,2547,876,3
544,2560,1835,1650,1395,2632,667,654,2649,2546,878,3
545,2556,1827,1651,1394,2634,667,656,2738,2547,877,3
546,2566,1831,1651,1395,2632,668,656,2822,2547,877,3
547,2558,1829,1651,1395,2631,666,656,2854,2548,877,3
548,2555,1838,1650,1396,2634,668,650,2823,2546,878,3
549,2534,1830,1651,1395,2633,668,656,2713,2548,878,3
550,2568,1830,1650,1396,2634,667,656,2637,2546,878,3
551,2554,1831,1651,1396,2626,667,657,2681,2548,877,3
552,2556,1840,1650,1394,2632,667,658,2781,2547,878,3
553,2560,1823,1651,1396,2632,669,656,2840,2548,877,3
554,2552,1832,1652,1394,2634,667,656,2856,2548,876,3
555,2563,1832,1651,1396,2634,668,655,2771,2547,878,3
556,2558,1832,1653,1396,2632,667,658,2675,2550,878,3
557,2558,1837,1652,1395,2632,667,655,2644,2550,878,3
558,2561,1821,1652,1395,2633,668,655,2716,2548,877,3
559,2549,1832,1652,1395,2634,668,656,2813,2548,878,3
560,2562,1830,1651,1395,2634,667,656,2848,2548,877,3
561,2554,1831,1653,1395,2634,667,657,2845,2550,877,3
562,2562,1825,1652,1394,2633,670,657,2732,2549,877,3
563,2562,1835,1652,1394,2632,669,649,2638,2549,878,3
564,2566,1831,1652,1394,2634,667,656,2663,2550,876,3
565,2554,1831,1653,1393,2634,667,655,2766,2548,876,3
566,2564,1834,1654,1394,2632,668,654,2833,2549,876,3
567,2567,1834,1652,1393,2633,669,654,2848,2550,877,3
568,2560,1834,1652,1394,2630,668,656,2803,2550,878,3
569,2561,1821,1652,1394,2633,668,659,2689,2550,878,3
570,2563,1836,1654,1394,2635,667,656,2638,2550,878,3
571,2562,1831,1652,1393,2634,669,654,2704,2551,875,3
572,2558,1828,1653,1394,2636,667,656,2799,2551,878,3
573,2562,1841,1653,1394,2634,670,656,2850,2550,877,3
574,2587,1832,1652,1394,2633,668,657,2848,2551,876,3
575,2568,1831,1653,1394,2635,668,655,2747,2550,877,3
576,2562,1828,1654,1392,2633,668,656,2648,2551,878,3
577,2550,1830,1654,1394,2634,669,656,2662,2552,878,3
578,2595,1838,1654,1394,2635,668,656,2746,2552,878,3
579,2562,1834,1654,1393,2634,668,656,2822,2552,878,3
580,2569,1832,1654,1394,2638,669,654,2848,2552,876,3
581,2549,1834,1654,1393,2634,670,657,2822,2551,877,3
582,2562,1830,1654,1393,2635,670,653,2702,2552,878,3
583,2553,1830,1653,1394,2632,669,656,2643,2552,878,3
584,2564,1852,1654,1393,2635,670,656,2690,2551,877,3
585,2566,1833,1654,1393,2635,669,658,2788,2551,878,3
586,2570,1834,1654,1393,2634,670,656,2840,2551,876,3
587,2562,1833,1655,1393,2636,668,658,2849,2552,879,3
588,2565,1832,1654,1393,2636,668,656,2764,2553,879,3
589,2563,1835,1654,1394,2636,669,656,2660,2552,878,3
590,2564,1835,1654,1392,2635,670,654,2642,2553,878,3
591,2552,1832,1656,1393,2635,667,657,2732,2554,879,3
592,2563,1834,1656,1392,2635,670,653,2816,2553,877,3
593,2556,1834,1653,1394,2636,668,656,2854,2554,879,3
594,2562,1830,1655,1393,2635,669,655,2838,2554,878,3
595,2554,1831,1655,1392,2635,669,656,2723,2553,878,3
596,2562,1833,1656,1393,2636,669,655,2637,2554,878,3
597,2555,1831,1656,1392,2635,669,655,2671,2554,879,3
598,2564,1830,1656,1393,2636,668,656,2771,2550,879,3
599,2551,1833,1666,1392,2636,670,655,2836,2554,878,3
600,2564,1833,1656,1393,2637,669,657,2852,2554,878,3
601,2570,1850,1656,1392,2636,670,654,2789,2553,879,3
602,2563,1829,1655,1390,2635,670,656,2675,2555,878,3
603,2563,1832,1654,1394,2635,668,658,2646,2554,878,3
604,2564,1827,1658,1393,2637,669,656,2708,2554,879,3
605,2568,1832,1657,1392,2636,670,655,2807,2553,875,3
606,2561,1837,1656,1392,2637,668,657,2854,2555,879,3
607,2567,1834,1656,1391,2637,670,654,2840,2555,878,3
608,2536,1831,1654,1390,2638,669,656,2743,2554,880,3
609,2572,1834,1656,1392,2635,668,656,2643,2554,879,3
610,2571,1836,1655,1390,2638,669,656,2662,2554,878,3
611,2570,1840,1656,1392,2637,669,651,2754,2556,877,3
612,2566,1842,1658,1392,2637,669,655,2828,2556,878,3
613,2568,1837,1658,1392,2637,668,656,2850,2556,879,3
614,2566,1834,1656,1391,2637,669,656,2812,2556,880,3
615,2562,1834,1656,1390,2639,669,654,2696,2555,880,3
616,2568,1830,1658,1392,2638,669,656,2638,2552,878,3
617,2574,1834,1656,1391,2637,670,654,2695,2556,879,3
618,2570,1821,1657,1395,2638,670,656,2790,2556,880,3
619,2568,1838,1656,1391,2637,670,656,2848,2555,880,3
620,2568,1839,1657,1390,2638,670,656,2849,2555,880,3
621,2590,1837,1657,1391,2636,670,654,2754,2557,879,3
622,2555,1837,1656,1390,2638,670,656,2662,2558,879,3
623,2567,1826,1659,1391,2637,669,656,2649,2557,880,3
624,2572,1835,1658,1390,2638,670,655,2738,2556,879,3
625,2568,1840,1657,1392,2637,670,658,2816,2556,879,3
626,2582,1839,1651,1389,2638,670,654,2850,2556,879,3
627,2562,1838,1658,1390,2638,670,655,2830,2558,879,3
628,2566,1830,1658,1391,2638,669,655,2707,2557,879,3
629,2571,1835,1658,1391,2639,669,655,2640,2560,879,3
630,2568,1838,1656,1390,2639,669,656,2674,2557,881,3
631,2585,1839,1660,1390,2638,669,654,2772,2560,879,3
632,2560,1836,1659,1389,2638,670,654,2840,2560,878,3
633,2567,1828,1658,1390,2639,670,656,2850,2560,880,3
634,2573,1840,1658,1391,2638,673,655,2779,2557,879,3
635,2568,1842,1658,1390,2639,671,656,2677,2556,880,3
636,2566,1835,1659,1390,2639,670,654,2638,2554,879,3
637,2578,1838,1659,1391,2638,672,655,2716,2560,879,3
638,2570,1841,1658,1391,2638,670,658,2806,2560,880,3
639,2571,1832,1658,1390,2639,669,660,2852,2560,880,3
640,2560,1835,1669,1390,2639,671,655,2842,2560,880,3
641,2573,1832,1658,1390,2640,670,654,2728,2560,879,3
642,2571,1846,1658,1388,2640,670,654,2641,2560,880,3
643,2570,1836,1659,1390,2638,669,656,2667,2561,879,3
644,2573,1838,1659,1391,2641,670,654,2758,2560,880,3
645,2573,1840,1658,1392,2640,669,655,2833,2562,879,3
646,2571,1837,1662,1390,2640,672,657,2858,2562,879,3
647,2568,1834,1660,1389,2640,670,655,2795,2561,881,3
648,2574,1837,1660,1390,2638,669,655,2689,2562,879,3
649,2570,1834,1658,1390,2640,672,656,2634,2562,880,3
650,2571,1834,1658,1390,2641,670,654,2703,2562,880,3
651,2576,1838,1662,1389,2640,670,655,2797,2561,882,3
652,2571,1834,1661,1390,2639,670,654,2842,2562,879,3
653,2571,1836,1660,1391,2640,669,654,2854,2561,880,3
654,2569,1840,1662,1391,2638,669,656,2757,2561,880,3
655,2571,1836,1659,1390,2638,672,656,2650,2561,880,3
656,2572,1837,1661,1389,2640,673,654,2645,2562,881,3
657,2574,1838,1659,1389,2640,672,655,2745,2561,881,3
658,2568,1828,1659,1391,2640,672,656,2822,2562,879,3
659,2571,1842,1660,1390,2640,669,656,2856,2562,879,3
660,2571,1842,1661,1390,2639,671,655,2827,2563,881,3
661,2572,1828,1661,1389,2641,671,655,2699,2563,880,3
662,2574,1850,1659,1391,2642,671,656,2638,2563,879,3
663,2563,1836,1672,1389,2641,672,656,2683,2563,880,3
664,2597,1840,1659,1390,2640,670,656,2785,2567,879,3
665,2574,1836,1659,1391,2642,669,654,2842,2563,879,3
666,2536,1834,1661,1387,2642,670,656,2854,2564,879,3
667,2571,1835,1662,1389,2640,672,656,2767,2562,881,3
668,2571,1837,1661,1391,2640,670,656,2658,2563,880,3
669,2569,1840,1662,1390,2640,669,656,2648,2564,880,3
670,2570,1830,1660,1390,2642,671,656,2723,2563,881,3
671,2578,1843,1661,1389,2642,672,654,2808,2563,881,3
672,2554,1838,1661,1391,2642,672,655,2851,2563,879,3
673,2576,1841,1664,1391,2642,670,656,2835,2563,879,3
674,2577,1839,1664,1392,2642,670,655,2723,2564,880,3
675,2576,1843,1662,1389,2642,670,656,2640,2563,880,3
676,2576,1841,1662,1391,2640,672,655,2667,2564,881,3
677,2587,1838,1658,1389,2641,672,656,2766,2563,880,3
678,2578,1838,1662,1390,2641,670,655,2835,2564,881,3
679,2574,1843,1665,1391,2643,670,657,2850,2565,881,3
680,2574,1839,1661,1390,2643,671,654,2789,2565,879,3
681,2577,1838,1665,1388,2642,671,654,2674,2563,880,3
682,2566,1840,1662,1388,2642,671,653,2639,2563,882,3
683,2574,1843,1661,1391,2642,672,656,2705,2565,880,3
684,2579,1830,1664,1393,2643,672,654,2798,2563,880,3
685,2582,1848,1664,1390,2643,675,656,2851,2565,881,3
686,2568,1840,1670,1390,2642,672,656,2851,2565,879,3
687,2608,1841,1666,1387,2642,671,654,2737,2565,882,3
688,2573,1840,1661,1391,2642,669,654,2638,2564,880,3
689,2568,1839,1664,1390,2643,670,656,2660,2565,880,3
690,2574,1829,1664,1390,2642,672,648,2747,2565,881,3
691,2613,1844,1666,1390,2643,672,655,2822,2565,881,3
692,2582,1848,1664,1389,2643,672,655,2854,2566,882,3
693,2574,1839,1662,1391,2643,671,657,2819,2566,881,3
694,2583,1841,1666,1389,2643,671,656,2694,2566,880,3
695,2576,1839,1666,1389,2642,672,654,2631,2564,880,3
696,2582,1848,1666,1389,2643,672,655,2690,2565,879,3
697,2579,1843,1666,1390,2643,672,656,2785,2566,882,3
698,2574,1836,1664,1390,2643,672,656,2842,2567,881,3
699,2579,1851,1666,1391,2643,672,657,2854,2566,881,3
700,2552,1843,1666,1389,2643,672,655,2762,2566,881,3
701,2579,1842,1666,1387,2644,672,654,2659,2566,882,3
702,2582,1842,1666,1390,2643,672,655,2643,2566,882,3
703,2575,1835,1666,1390,2644,671,656,2734,2567,881,3
704,2578,1842,1666,1390,2644,672,655,2818,2566,881,3
705,2580,1828,1666,1390,2645,673,654,2846,2566,881,3
706,2615,1842,1667,1390,2643,672,654,2827,2567,880,3
707,2578,1848,1667,1390,2644,671,655,2715,2567,881,3
708,2552,1835,1665,1390,2645,673,655,2636,2568,881,3
709,2574,1836,1665,1389,2644,672,656,2669,2568,880,3
710,2585,1843,1664,1390,2645,673,656,2771,2568,880,3
711,2580,1840,1666,1388,2644,673,654,2838,2567,882,3
712,2574,1840,1666,1388,2643,673,654,2852,2567,881,3
713,2579,1846,1666,1390,2645,672,658,2783,2567,880,3
714,2577,1840,1666,1389,2646,672,655,2670,2568,880,3
715,2577,1864,1666,1388,2646,673,663,2645,2569,881,3
716,2586,1843,1666,1388,2644,673,654,2712,2567,882,3
717,2578,1828,1666,1388,2645,674,652,2803,2568,882,3
718,2577,1842,1666,1390,2644,673,656,2848,2563,881,3
719,2578,1850,1665,1389,2645,673,657,2846,2567,880,3
720,2582,1843,1666,1390,2645,671,656,2739,2568,881,3
