Count,S1,S2,S3,S4,S5,S6,S7,S8,S9,S10,Flag
1,2126,1581,1371,1178,2227,622,584,2758,2345,793,0
2,2167,1584,1371,1178,2235,623,586,2645,2345,794,0
3,2131,1582,1371,1175,2235,624,585,2632,2345,795,0
4,2132,1562,1371,1176,2234,622,584,2715,2344,794,0
5,2136,1582,1372,1177,2235,622,585,2795,2344,794,0
6,2130,1563,1372,1174,2235,623,583,2818,2344,794,0
7,2134,1580,1371,1176,2235,623,582,2782,2345,793,0
8,2122,1581,1372,1175,2234,622,585,2666,2344,793,0
9,2130,1578,1372,1177,2236,624,584,2611,2344,794,0
10,2132,1578,1372,1176,2234,622,584,2659,2345,794,0
11,2124,1581,1371,1175,2235,623,586,2755,2344,795,0
12,2133,1579,1372,1175,2235,623,585,2811,2346,794,0
13,2126,1583,1369,1176,2236,622,584,2821,2345,794,0
14,2131,1582,1370,1178,2235,622,584,2736,2345,794,0
15,2120,1579,1371,1176,2236,622,584,2638,2346,794,0
16,2125,1581,1372,1175,2235,623,586,2616,2340,793,0
17,2116,1577,1370,1174,2235,622,584,2701,2344,793,0
18,2131,1579,1372,1176,2235,621,585,2779,2345,794,0
19,2106,1579,1371,1176,2236,622,587,2819,2345,794,0
20,2129,1578,1371,1174,2235,623,584,2796,2344,792,0
21,2133,1578,1372,1175,2235,623,585,2689,2346,793,1
22,2129,1569,1371,1179,2235,622,584,2610,2345,794,1
23,2131,1582,1371,1176,2235,622,582,2643,2345,795,1
24,2134,1575,1372,1176,2236,623,586,2738,2344,794,1
25,2134,1603,1372,1174,2235,623,584,2805,2344,792,1
26,2133,1586,1372,1173,2235,623,586,2817,2346,793,1
27,2136,1586,1371,1175,2236,622,585,2755,2346,793,1
28,2128,1578,1374,1174,2236,624,584,2642,2345,793,1
29,2134,1584,1373,1176,2236,623,585,2619,2346,794,1
30,2134,1582,1372,1176,2236,622,584,2688,2345,794,1
31,2131,1583,1372,1175,2235,622,586,2771,2346,794,1
32,2139,1585,1371,1174,2237,623,583,2818,2346,793,1
33,2127,1581,1372,1176,2238,623,584,2808,2345,792,1
34,2132,1588,1371,1174,2238,622,585,2704,2345,793,1
35,2131,1581,1370,1175,2236,623,590,2621,2346,792,1
36,2133,1567,1373,1180,2237,623,586,2630,2346,795,1
37,2130,1585,1372,1176,2234,624,586,2730,2345,795,1
38,2134,1580,1372,1176,2240,623,585,2800,2346,795,1
39,2128,1583,1372,1175,2240,623,585,2818,2346,794,1
40,2118,1581,1377,1176,2238,624,585,2776,2346,794,1
41,2140,1584,1374,1176,2237,623,584,2656,2347,795,1
42,2129,1582,1373,1176,2236,624,586,2610,2347,795,1
43,2115,1583,1372,1178,2240,625,586,2672,2345,795,1
44,2139,1592,1371,1176,2240,629,585,2766,2346,795,1
45,2132,1582,1373,1175,2238,624,586,2810,2346,795,1
46,2123,1586,1378,1176,2238,624,585,2820,2346,795,1
47,2138,1589,1372,1178,2238,624,587,2723,2348,796,1
48,2167,1582,1373,1178,2240,624,586,2627,2347,795,1
49,2138,1574,1372,1178,2240,625,585,2627,2347,794,1
50,2141,1585,1371,1178,2240,624,586,2712,2347,795,1
51,2146,1583,1373,1178,2243,623,586,2784,2347,796,1
52,2134,1582,1374,1179,2237,624,587,2816,2348,796,1
53,2126,1581,1373,1179,2240,623,587,2793,2350,797,1
54,2142,1588,1372,1178,2240,623,586,2682,2347,796,1
55,2147,1587,1372,1178,2240,625,586,2611,2348,795,1
56,2138,1587,1373,1178,2240,624,587,2654,2349,797,1
57,2130,1584,1374,1179,2238,624,587,2752,2349,798,1
58,2138,1580,1376,1179,2242,625,585,2810,2350,798,1
59,2146,1584,1371,1179,2240,625,586,2818,2349,797,1
60,2139,1590,1376,1181,2241,625,589,2741,2350,799,1
61,2144,1587,1376,1182,2242,624,588,2644,2350,798,1
62,2144,1580,1376,1181,2241,625,585,2624,2350,800,1
63,2136,1581,1374,1181,2242,625,588,2694,2350,798,1
64,2144,1585,1376,1180,2242,623,586,2778,2351,800,1
65,2147,1587,1374,1181,2241,624,587,2821,2351,801,1
66,2149,1589,1375,1182,2244,624,588,2799,2351,799,1
67,2176,1588,1377,1180,2241,625,588,2696,2352,798,1
68,2142,1586,1376,1180,2243,624,590,2617,2353,802,1
69,2132,1583,1375,1182,2242,625,588,2646,2353,802,1
70,2148,1585,1376,1182,2242,626,587,2738,2353,799,1
71,2153,1586,1377,1183,2243,623,589,2800,2354,801,1
72,2147,1563,1377,1182,2242,626,589,2818,2354,802,1
73,2157,1585,1378,1182,2244,625,590,2767,2355,802,1
74,2152,1593,1375,1183,2237,624,590,2662,2354,802,1
75,2162,1588,1367,1184,2244,625,590,2617,2355,801,1
76,2147,1591,1378,1185,2242,626,592,2682,2354,802,1
77,2146,1586,1377,1183,2243,625,591,2776,2354,802,1
78,2153,1596,1378,1185,2246,624,590,2819,2355,802,1
79,2153,1586,1378,1184,2245,625,588,2819,2355,802,1
80,2148,1584,1380,1182,2244,626,591,2717,2354,803,1
81,2147,1590,1379,1184,2241,626,590,2635,2355,802,1
82,2124,1583,1378,1184,2246,625,590,2638,2356,803,1
83,2152,1587,1377,1184,2246,627,590,2727,2355,804,1
84,2158,1586,1378,1184,2246,626,591,2790,2356,804,1
85,2152,1574,1378,1182,2246,626,591,2818,2357,802,1
86,2122,1586,1379,1184,2246,626,590,2787,2357,804,1
87,2155,1590,1379,1184,2245,625,590,2675,2357,805,1
88,2158,1586,1379,1185,2246,626,589,2617,2358,804,1
89,2172,1593,1381,1184,2246,626,590,2666,2359,804,1
90,2154,1594,1382,1185,2246,628,593,2760,2359,805,1
91,2161,1593,1380,1184,2246,626,592,2819,2357,806,1
92,2161,1598,1381,1186,2246,626,593,2826,2360,806,1
93,2166,1589,1382,1182,2248,626,591,2733,2360,804,1
94,2194,1592,1381,1186,2247,626,591,2643,2360,805,1
95,2159,1595,1381,1184,2247,626,592,2631,2361,805,1
96,2161,1594,1380,1185,2248,627,591,2709,2361,805,1
97,2161,1608,1381,1174,2250,627,591,2789,2360,805,1
98,2176,1592,1382,1185,2248,626,591,2818,2360,805,1
99,2155,1585,1382,1184,2250,626,592,2799,2360,806,1
100,2159,1611,1384,1185,2249,626,592,2700,2362,807,1
101,2189,1591,1382,1186,2248,627,592,2625,2362,806,1
102,2156,1590,1383,1183,2248,628,590,2646,2361,806,1
103,2162,1592,1382,1184,2249,627,594,2750,2360,806,1
104,2151,1591,1381,1185,2250,626,594,2810,2362,808,1
105,2163,1587,1384,1185,2250,626,592,2824,2363,806,1
106,2195,1595,1383,1183,2249,628,592,2761,2362,806,1
107,2158,1588,1383,1186,2249,627,594,2659,2363,807,1
108,2163,1592,1383,1184,2249,627,594,2636,2362,807,1
109,2154,1590,1382,1185,2242,628,592,2694,2363,806,1
110,2165,1614,1384,1182,2250,628,591,2776,2364,806,1
111,2192,1594,1384,1186,2250,627,594,2818,2364,808,1
112,2159,1589,1384,1185,2250,627,593,2811,2362,808,1
113,2164,1595,1384,1186,2250,627,594,2715,2363,808,1
114,2158,1594,1384,1184,2246,628,593,2638,2364,806,1
115,2164,1606,1383,1174,2252,629,592,2645,2363,808,1
116,2183,1594,1386,1184,2251,628,593,2727,2365,808,1
117,2168,1592,1384,1185,2250,629,593,2798,2365,806,1
118,2166,1598,1384,1186,2252,629,592,2821,2364,806,1
119,2168,1596,1385,1186,2250,628,594,2779,2366,808,1
120,2170,1602,1384,1186,2253,627,593,2678,2364,806,1
121,2176,1593,1385,1184,2258,626,592,2620,2368,808,2
122,2176,1601,1387,1189,2256,630,592,2675,2365,807,2
123,2177,1601,1389,1188,2255,630,594,2765,2365,808,2
124,2180,1602,1390,1186,2254,631,593,2818,2368,808,2
125,2176,1596,1388,1185,2256,630,593,2822,2368,808,2
126,2178,1598,1388,1184,2255,630,592,2735,2365,808,2
127,2172,1602,1388,1182,2255,630,591,2636,2368,806,2
128,2176,1598,1387,1179,2255,631,591,2632,2364,805,2
129,2176,1602,1387,1179,2256,631,592,2712,2365,805,2
130,2173,1602,1388,1177,2254,630,590,2786,2368,808,2
131,2176,1597,1387,1177,2252,630,592,2822,2365,805,2
132,2176,1602,1388,1176,2254,630,589,2795,2366,806,2
133,2171,1597,1389,1176,2255,629,590,2683,2368,806,2
134,2168,1601,1390,1175,2255,630,589,2616,2368,805,2
135,2169,1600,1386,1174,2253,630,590,2650,2365,805,2
136,2171,1597,1388,1172,2254,629,590,2745,2368,804,2
137,2174,1600,1388,1172,2254,629,589,2806,2364,804,2
138,2171,1600,1387,1170,2256,630,587,2820,2365,804,2
139,2169,1601,1387,1170,2255,628,587,2747,2365,804,2
140,2172,1595,1386,1170,2255,630,588,2645,2363,802,2
141,2170,1597,1386,1169,2254,630,588,2616,2364,804,2
142,2173,1600,1387,1168,2255,630,586,2689,2364,802,2
143,2169,1597,1386,1169,2254,630,587,2776,2363,803,2
144,2169,1601,1387,1170,2255,628,586,2816,2363,803,2
145,2168,1595,1385,1167,2254,630,586,2805,2363,802,2
146,2171,1597,1385,1168,2254,628,585,2698,2363,803,2
147,2176,1596,1384,1166,2253,628,585,2610,2363,802,2
148,2170,1600,1386,1164,2252,629,583,2632,2363,801,2
149,2168,1598,1385,1166,2254,628,584,2729,2363,802,2
150,2176,1600,1387,1165,2253,629,583,2797,2362,801,2
151,2170,1598,1386,1165,2254,627,584,2820,2360,801,2
152,2173,1596,1386,1165,2254,628,583,2767,2361,800,2
153,2173,1601,1387,1165,2253,628,583,2652,2363,801,2
154,2172,1595,1386,1166,2254,627,583,2607,2362,800,2
155,2171,1599,1386,1163,2254,628,582,2667,2360,799,2
156,2171,1601,1386,1164,2253,629,582,2764,2360,798,2
157,2169,1600,1387,1164,2254,628,582,2814,2360,797,2
158,2171,1598,1386,1165,2254,627,581,2818,2359,799,2
159,2172,1596,1386,1166,2254,628,580,2713,2359,800,2
160,2174,1596,1386,1163,2251,628,582,2614,2361,798,2
161,2168,1595,1385,1164,2251,628,581,2619,2360,800,2
162,2170,1595,1385,1164,2251,628,581,2709,2358,798,2
163,2171,1597,1386,1163,2252,627,580,2786,2359,800,2
164,2170,1600,1385,1162,2252,629,581,2818,2358,798,2
165,2170,1602,1385,1164,2251,628,580,2782,2358,800,2
166,2170,1597,1384,1164,2251,628,579,2664,2358,797,2
167,2165,1600,1384,1163,2252,627,580,2601,2358,798,2
168,2170,1598,1386,1164,2252,626,579,2644,2358,798,2
169,2166,1596,1384,1164,2252,627,578,2744,2358,798,2
170,2167,1594,1385,1165,2251,628,579,2804,2356,798,2
171,2168,1595,1386,1165,2252,626,579,2818,2356,796,2
172,2165,1595,1384,1165,2251,628,578,2731,2355,796,2
173,2166,1595,1386,1164,2251,627,579,2627,2356,796,2
174,2169,1594,1386,1166,2251,627,578,2607,2355,795,2
175,2165,1593,1384,1166,2251,628,578,2683,2355,796,2
176,2168,1600,1385,1165,2251,627,577,2779,2353,795,2
177,2164,1595,1384,1166,2250,628,578,2816,2353,796,2
178,2167,1594,1385,1166,2251,626,578,2800,2354,795,2
179,2166,1594,1385,1166,2251,627,576,2684,2353,795,2
180,2165,1595,1383,1165,2250,628,578,2600,2353,795,2
181,2168,1594,1383,1166,2250,627,578,2626,2353,796,2
182,2163,1593,1383,1166,2248,627,577,2730,2353,796,2
183,2166,1597,1384,1166,2250,626,578,2798,2354,794,2
184,2167,1595,1384,1166,2250,626,578,2819,2352,795,2
185,2163,1594,1383,1167,2250,627,577,2757,2351,795,2
186,2162,1594,1384,1168,2249,626,577,2640,2351,794,2
187,2161,1592,1382,1168,2250,626,578,2598,2351,794,2
188,2162,1593,1384,1170,2250,626,578,2666,2350,794,2
189,2165,1593,1384,1170,2248,626,576,2763,2350,794,2
190,2164,1594,1382,1170,2249,625,577,2810,2350,794,2
191,2160,1592,1382,1168,2248,625,576,2811,2349,794,2
192,2162,1592,1382,1170,2248,625,577,2704,2349,795,2
193,2157,1592,1382,1168,2248,626,576,2605,2349,793,2
194,2157,1589,1382,1170,2250,626,576,2613,2347,794,2
195,2157,1592,1382,1168,2248,627,577,2706,2347,793,2
196,2159,1592,1383,1171,2246,626,577,2787,2347,794,2
197,2162,1594,1381,1171,2248,625,578,2814,2347,795,2
198,2155,1590,1381,1171,2250,626,574,2781,2347,793,2
199,2155,1590,1380,1171,2249,625,578,2658,2347,792,2
200,2156,1590,1383,1170,2248,626,577,2594,2346,792,2
201,2158,1590,1381,1172,2246,626,578,2643,2346,792,2
202,2154,1588,1380,1174,2248,625,577,2743,2346,794,2
203,2155,1593,1380,1172,2247,626,576,2808,2344,792,2
204,2156,1592,1382,1174,2248,626,576,2818,2345,792,2
205,2153,1590,1381,1174,2246,626,577,2729,2344,791,2
206,2155,1589,1380,1176,2248,625,578,2620,2344,793,2
207,2156,1589,1379,1174,2246,625,576,2603,2344,792,2
208,2152,1590,1380,1175,2247,626,577,2684,2343,792,2
209,2154,1588,1378,1176,2246,623,578,2777,2343,791,2
210,2154,1590,1380,1178,2246,627,578,2814,2342,793,2
211,2152,1592,1379,1178,2245,626,578,2800,2343,792,2
212,2152,1591,1379,1178,2245,626,578,2682,2343,792,2
213,2148,1587,1379,1177,2246,624,578,2598,2342,791,2
214,2147,1589,1378,1178,2246,625,578,2625,2342,790,2
215,2148,1590,1380,1179,2246,625,578,2727,2341,790,2
216,2150,1590,1380,1180,2245,624,579,2798,2341,792,2
217,2150,1587,1377,1181,2245,623,580,2819,2342,792,2
218,2146,1588,1379,1180,2246,623,579,2760,2341,790,2
219,2142,1588,1378,1182,2246,623,578,2641,2341,790,2
220,2144,1587,1377,1182,2244,624,578,2596,2340,790,2
221,2146,1586,1378,1182,2244,624,579,2662,2339,791,2
222,2146,1585,1375,1184,2244,623,578,2763,2340,790,2
223,2142,1588,1377,1183,2244,624,579,2811,2338,790,2
224,2142,1590,1378,1184,2244,623,580,2816,2339,790,2
225,2141,1586,1377,1185,2243,625,580,2707,2338,790,2
226,2142,1586,1378,1185,2243,624,579,2608,2338,789,2
227,2145,1589,1376,1186,2243,624,580,2611,2338,790,2
228,2141,1584,1378,1186,2243,623,579,2706,2338,790,2
229,2139,1588,1375,1187,2243,622,580,2787,2338,790,2
230,2142,1588,1377,1187,2243,623,579,2819,2336,790,2
231,2136,1590,1377,1188,2242,624,581,2784,2336,790,2
232,2136,1586,1376,1188,2242,623,580,2661,2336,790,2
233,2138,1584,1376,1189,2241,623,581,2598,2336,789,2
234,2140,1589,1376,1190,2240,624,579,2640,2336,789,2
235,2135,1585,1374,1190,2242,624,582,2742,2334,790,2
236,2134,1586,1376,1194,2241,623,580,2806,2334,790,2
237,2133,1584,1373,1192,2241,623,580,2819,2334,790,2
238,2138,1588,1376,1192,2241,623,580,2735,2334,788,2
239,2134,1585,1374,1193,2242,623,582,2627,2334,789,2
240,2133,1583,1373,1192,2241,622,581,2604,2333,789,2
241,2134,1583,1376,1194,2241,623,582,2682,2334,790,2
242,2131,1587,1373,1195,2236,623,582,2778,2332,789,2
243,2131,1584,1374,1196,2240,623,581,2820,2331,788,2
244,2134,1585,1375,1195,2240,622,582,2806,2333,788,2
245,2128,1582,1373,1196,2238,622,582,2690,2332,788,2
246,2130,1582,1374,1196,2240,623,583,2604,2331,787,2
247,2127,1582,1373,1198,2238,623,582,2626,2331,789,2
248,2128,1584,1374,1198,2240,621,582,2726,2331,789,2
249,2130,1586,1374,1200,2240,621,582,2798,2331,789,2
250,2125,1581,1371,1199,2237,623,582,2821,2330,788,2
251,2126,1582,1373,1199,2236,622,585,2766,2329,789,2
252,2128,1583,1371,1201,2235,622,584,2646,2329,789,2
253,2123,1582,1373,1203,2238,622,584,2600,2330,788,2
254,2127,1582,1371,1202,2238,621,585,2662,2330,789,2
255,2122,1577,1371,1202,2236,623,585,2762,2328,789,2
256,2123,1580,1371,1202,2236,622,584,2816,2329,789,2
257,2125,1582,1370,1204,2235,622,584,2819,2329,788,2
258,2122,1581,1372,1205,2236,622,586,2715,2328,788,2
259,2123,1580,1371,1205,2235,621,584,2614,2328,788,2
260,2123,1582,1368,1205,2234,622,586,2614,2328,788,2
261,2120,1580,1370,1204,2234,622,585,2703,2326,788,2
262,2117,1582,1369,1206,2235,622,585,2790,2328,787,2
263,2115,1579,1369,1207,2235,622,585,2823,2326,785,2
264,2121,1580,1370,1208,2234,621,587,2792,2324,788,2
265,2114,1578,1369,1207,2234,622,585,2670,2326,787,2
266,2116,1578,1370,1210,2234,621,587,2600,2326,787,2
267,2117,1578,1369,1210,2234,621,587,2640,2326,787,2
268,2114,1576,1369,1211,2234,621,587,2743,2326,787,2
269,2112,1577,1366,1212,2234,621,587,2809,2326,786,2
270,2117,1579,1368,1212,2234,621,588,2824,2326,786,2
271,2112,1578,1368,1213,2232,621,588,2746,2325,787,2
272,2114,1575,1367,1216,2233,621,590,2637,2323,786,2
273,2115,1578,1369,1216,2232,620,588,2608,2326,786,2
274,2113,1576,1368,1214,2232,620,588,2682,2324,786,2
275,2114,1576,1368,1218,2232,622,588,2777,2324,786,2
276,2108,1576,1368,1217,2231,620,590,2822,2323,786,2
277,2107,1578,1366,1218,2231,620,590,2814,2323,786,2
278,2112,1576,1366,1219,2231,619,589,2701,2323,785,2
279,2110,1576,1368,1218,2232,622,589,2610,2323,785,2
280,2105,1577,1365,1220,2232,621,589,2626,2322,786,2
281,2106,1574,1366,1219,2230,620,591,2726,2323,786,2
282,2107,1579,1365,1222,2230,620,590,2798,2322,787,2
283,2103,1577,1364,1222,2230,621,591,2826,2322,785,2
284,2104,1576,1366,1222,2230,620,590,2778,2322,786,2
285,2102,1574,1366,1223,2229,622,591,2658,2322,785,2
286,2104,1572,1366,1224,2230,619,593,2606,2321,787,2
287,2101,1576,1365,1224,2230,620,591,2662,2320,786,2
288,2102,1574,1366,1225,2230,620,592,2760,2322,786,2
289,2099,1576,1363,1225,2230,619,591,2818,2321,785,2
290,2104,1576,1362,1226,2229,620,592,2824,2320,786,2
291,2099,1578,1363,1227,2228,620,592,2730,2319,786,2
292,2100,1574,1364,1229,2228,619,593,2627,2319,785,2
293,2102,1573,1363,1230,2228,618,593,2618,2320,786,2
294,2099,1573,1362,1230,2227,618,595,2702,2320,786,2
295,2100,1576,1363,1229,2227,619,594,2789,2320,785,2
296,2098,1575,1362,1230,2229,619,594,2826,2318,785,2
297,2095,1574,1362,1233,2227,620,594,2803,2318,786,2
298,2099,1575,1363,1231,2228,619,595,2688,2320,786,2
299,2096,1574,1363,1232,2228,619,596,2608,2319,786,2
300,2094,1576,1360,1232,2227,619,594,2639,2318,786,2
301,2095,1571,1362,1233,2226,619,596,2742,2317,786,2
302,2094,1574,1362,1235,2226,618,596,2809,2316,786,2
303,2093,1573,1362,1237,2226,619,596,2827,2317,786,2
304,2092,1570,1360,1238,2227,619,597,2764,2316,785,2
305,2093,1571,1360,1239,2226,618,596,2650,2317,786,2
306,2093,1573,1361,1237,2224,618,596,2611,2317,786,2
307,2092,1571,1360,1239,2224,618,598,2678,2317,786,2
308,2088,1567,1360,1240,2226,619,597,2776,2316,785,2
309,2088,1570,1360,1242,2225,619,598,2824,2316,786,2
310,2091,1569,1360,1241,2225,618,598,2822,2316,786,2
311,2090,1571,1360,1241,2226,619,597,2720,2314,785,2
312,2086,1571,1360,1242,2224,618,599,2624,2316,786,2
313,2088,1568,1358,1243,2224,619,598,2630,2315,785,2
314,2083,1570,1358,1243,2223,619,598,2720,2314,785,2
315,2088,1570,1357,1243,2224,619,599,2797,2315,785,2
316,2084,1569,1359,1246,2222,618,600,2830,2315,785,2
317,2084,1566,1357,1246,2222,616,600,2793,2314,786,2
318,2084,1566,1358,1246,2223,617,600,2675,2315,784,2
319,2079,1568,1357,1248,2224,617,602,2612,2314,786,2
320,2083,1565,1357,1250,2224,618,602,2654,2314,783,2
321,2080,1568,1358,1250,2224,617,602,2756,2315,785,3
322,2072,1564,1353,1245,2217,616,601,2820,2314,785,3
323,2071,1559,1353,1247,2218,616,602,2825,2312,784,3
324,2074,1554,1353,1253,2218,616,602,2752,2313,787,3
325,2069,1561,1354,1255,2218,616,601,2641,2313,784,3
326,2062,1562,1354,1258,2217,616,611,2626,2313,787,3
327,2085,1563,1354,1261,2217,616,603,2693,2313,786,3
328,2104,1566,1352,1266,2217,615,606,2782,2314,786,3
329,2078,1560,1353,1268,2218,616,603,2830,2313,786,3
330,2082,1578,1355,1271,2216,615,604,2818,2313,788,3
331,2080,1563,1355,1274,2218,616,605,2708,2314,787,3
332,2090,1563,1358,1277,2216,615,607,2624,2314,787,3
333,2116,1566,1355,1283,2217,616,609,2646,2314,788,3
334,2078,1568,1355,1283,2218,617,609,2739,2313,787,3
335,2090,1560,1355,1287,2218,616,607,2810,2314,787,3
336,2088,1561,1358,1288,2218,617,612,2831,2314,789,3
337,2088,1562,1356,1291,2219,616,610,2792,2314,790,3
338,2088,1570,1355,1294,2218,616,612,2678,2314,790,3
339,2095,1566,1364,1295,2220,616,613,2619,2314,790,3
340,2094,1555,1355,1295,2222,616,613,2679,2314,789,3
341,2129,1570,1358,1296,2219,616,613,2772,2314,789,3
342,2101,1574,1356,1296,2217,616,616,2824,2315,789,3
343,2096,1574,1357,1295,2221,616,617,2831,2314,789,3
344,2098,1573,1357,1295,2216,616,615,2745,2315,788,3
345,2118,1566,1356,1295,2221,616,613,2652,2314,790,3
346,2095,1568,1358,1295,2219,615,617,2633,2318,790,3
347,2101,1574,1358,1294,2219,616,616,2711,2315,790,3
348,2105,1570,1358,1292,2220,615,616,2793,2315,790,3
349,2102,1566,1358,1292,2220,616,617,2835,2316,792,3
350,2102,1574,1358,1289,2221,617,617,2817,2314,791,3
351,2106,1569,1360,1286,2218,616,617,2708,2316,791,3
352,2090,1568,1359,1288,2219,618,617,2630,2317,793,3
353,2114,1568,1358,1286,2220,616,618,2651,2316,792,3
354,2112,1570,1358,1285,2221,615,618,2744,2316,792,3
355,2114,1570,1359,1281,2221,615,615,2818,2316,793,3
356,2109,1576,1359,1282,2219,615,616,2836,2318,792,3
357,2115,1570,1360,1277,2219,615,618,2781,2318,794,3
358,2110,1563,1358,1276,2220,617,618,2678,2318,794,3
359,2115,1567,1359,1275,2219,617,619,2629,2318,793,3
360,2112,1576,1360,1273,2221,616,616,2683,2318,792,3
361,2104,1568,1361,1272,2220,616,618,2779,2319,793,3
362,2109,1582,1360,1270,2222,616,618,2832,2318,794,3
363,2108,1574,1360,1268,2220,616,618,2828,2318,794,3
364,2093,1569,1360,1268,2219,618,617,2739,2319,792,3
365,2078,1570,1360,1265,2222,617,610,2644,2318,792,3
366,2114,1574,1360,1264,2221,617,618,2637,2320,794,3
367,2115,1572,1358,1262,2222,617,618,2716,2318,793,3
368,2114,1570,1360,1263,2220,615,618,2799,2319,794,3
369,2131,1571,1359,1262,2221,618,618,2834,2319,794,3
370,2107,1574,1360,1259,2222,617,616,2809,2318,793,3
371,2109,1568,1362,1257,2219,616,616,2704,2320,793,3
372,2107,1570,1360,1258,2219,616,616,2634,2320,794,3
373,2118,1570,1360,1254,2221,617,615,2654,2320,793,3
374,2134,1574,1361,1254,2220,617,620,2754,2321,791,3
375,2115,1574,1359,1253,2222,616,614,2822,2320,793,3
376,2109,1576,1361,1251,2220,616,614,2832,2320,792,3
377,2116,1570,1362,1251,2219,615,614,2776,2320,794,3
378,2118,1574,1360,1251,2221,616,615,2672,2320,794,3
379,2114,1551,1362,1246,2220,616,613,2627,2320,792,3
380,2108,1567,1359,1246,2222,617,611,2689,2318,794,3
381,2112,1570,1362,1244,2221,615,612,2786,2320,794,3
382,2115,1568,1360,1245,2221,616,611,2828,2326,795,3
383,2115,1568,1360,1242,2221,618,611,2830,2322,794,3
384,2115,1580,1362,1241,2220,616,611,2734,2322,792,3
385,2112,1566,1362,1241,2222,616,609,2642,2320,794,3
386,2120,1568,1362,1240,2221,618,609,2642,2321,794,3
387,2122,1568,1361,1240,2219,617,611,2726,2322,793,3
388,2114,1566,1360,1240,2221,616,610,2794,2320,795,3
389,2114,1569,1361,1238,2221,616,610,2826,2320,795,3
390,2101,1571,1361,1236,2222,616,609,2798,2322,794,3
391,2117,1565,1362,1237,2221,616,609,2693,2322,794,3
392,2122,1570,1362,1235,2221,615,613,2629,2322,795,3
393,2112,1570,1361,1234,2221,617,608,2654,2317,794,3
394,2123,1574,1360,1233,2220,617,608,2749,2320,794,3
395,2139,1573,1363,1232,2222,614,605,2819,2321,793,3
396,2097,1549,1361,1230,2227,618,606,2831,2321,794,3
397,2115,1568,1362,1231,2221,621,605,2764,2325,794,3
398,2114,1571,1362,1228,2222,617,606,2655,2322,794,3
399,2115,1578,1360,1230,2222,618,606,2627,2321,794,3
400,2112,1572,1359,1226,2222,617,605,2690,2322,793,3
401,2130,1573,1362,1226,2221,617,603,2784,2322,793,3
402,2105,1570,1362,1226,2221,617,605,2822,2322,793,3
403,2112,1564,1362,1226,2222,616,603,2820,2322,794,3
404,2120,1574,1360,1224,2221,616,603,2724,2322,793,3
405,2107,1574,1362,1224,2222,616,605,2631,2322,793,3
406,2114,1563,1363,1224,2221,615,603,2634,2322,793,3
407,2113,1584,1362,1221,2221,618,602,2726,2322,794,3
408,2120,1571,1362,1222,2222,617,602,2800,2322,794,3
409,2116,1558,1361,1222,2221,616,602,2824,2322,793,3
410,2112,1568,1361,1220,2222,617,601,2794,2322,792,3
411,2137,1574,1352,1219,2229,618,602,2682,2322,795,3
412,2117,1582,1362,1220,2221,618,601,2620,2322,793,3
413,2114,1578,1360,1219,2222,617,600,2658,2322,794,3
414,2103,1570,1360,1219,2221,617,603,2748,2322,794,3
415,2110,1572,1362,1218,2222,616,600,2812,2322,793,3
416,2106,1570,1362,1216,2222,618,601,2824,2323,793,3
417,2116,1548,1361,1225,2221,617,600,2755,2322,793,3
418,2116,1577,1362,1216,2222,617,598,2649,2323,794,3
419,2110,1564,1361,1216,2222,616,600,2618,2322,794,3
420,2115,1582,1360,1212,2222,614,598,2688,2322,793,3
421,2114,1572,1362,1213,2220,618,601,2778,2322,793,3
422,2116,1575,1362,1212,2221,617,598,2814,2322,794,3
423,2102,1571,1362,1212,2222,617,599,2818,2322,794,3
424,2104,1574,1361,1212,2221,617,598,2714,2322,792,3
425,2119,1572,1362,1210,2222,617,595,2629,2322,792,3
426,2114,1569,1362,1210,2222,618,597,2636,2322,793,3
427,2116,1570,1362,1211,2222,618,598,2723,2323,793,3
428,2103,1571,1362,1209,2222,617,596,2793,2323,794,3
429,2107,1571,1362,1210,2222,617,598,2820,2322,794,3
430,2110,1574,1361,1207,2222,619,597,2793,2322,792,3
431,2114,1578,1362,1208,2222,619,595,2680,2322,793,3
432,2114,1591,1360,1208,2222,618,595,2618,2322,792,3
433,2112,1570,1363,1208,2221,617,596,2650,2323,793,3
434,2115,1562,1361,1208,2223,617,597,2746,2320,794,3
435,2120,1574,1362,1206,2223,616,595,2818,2322,792,3
436,2118,1571,1360,1208,2221,618,595,2827,2323,794,3
437,2112,1568,1362,1208,2221,618,595,2754,2323,793,3
438,2096,1567,1363,1206,2222,617,596,2652,2323,793,3
439,2118,1579,1362,1205,2222,618,595,2620,2323,792,3
440,2112,1568,1361,1206,2221,618,594,2682,2323,794,3
441,2118,1570,1362,1206,2222,618,594,2781,2323,792,3
442,2112,1571,1361,1203,2222,619,594,2822,2323,791,3
443,2110,1579,1361,1202,2221,619,593,2817,2323,791,3
444,2119,1571,1362,1203,2222,618,593,2721,2323,792,3
445,2146,1578,1362,1203,2222,618,593,2624,2323,792,3
446,2125,1573,1362,1202,2221,618,594,2635,2324,793,3
447,2117,1570,1361,1203,2221,618,591,2720,2324,792,3
448,2109,1573,1362,1204,2222,618,595,2792,2324,794,3
449,2112,1581,1360,1204,2220,617,594,2826,2322,793,3
450,2112,1576,1362,1204,2222,619,594,2792,2324,793,3
451,2112,1570,1362,1202,2222,619,592,2682,2324,793,3
452,2114,1559,1362,1202,2223,618,594,2613,2319,792,3
453,2116,1567,1360,1202,2221,618,595,2654,2325,792,3
454,2115,1566,1361,1202,2223,617,594,2744,2320,792,3
455,2112,1571,1361,1202,2223,617,593,2814,2323,792,3
456,2109,1574,1361,1202,2222,618,594,2822,2325,796,3
457,2116,1572,1362,1202,2222,618,592,2761,2324,792,3
458,2099,1571,1362,1201,2223,617,594,2655,2325,794,3
459,2122,1570,1361,1202,2222,617,592,2618,2324,794,3
460,2116,1572,1362,1200,2222,618,590,2682,2324,791,3
461,2114,1575,1362,1201,2221,619,593,2774,2326,793,3
462,2117,1573,1361,1202,2222,618,590,2822,2323,790,3
463,2107,1574,1360,1201,2222,618,594,2822,2326,794,3
464,2121,1571,1362,1200,2222,618,590,2723,2325,793,3
465,2116,1576,1361,1200,2221,618,592,2629,2325,790,3
466,2112,1575,1362,1201,2222,619,594,2628,2326,792,3
467,2120,1570,1362,1200,2221,619,593,2720,2326,793,3
468,2119,1576,1361,1200,2221,618,592,2794,2325,792,3
469,2115,1566,1361,1198,2221,619,593,2822,2322,794,3
470,2125,1573,1361,1199,2223,618,593,2802,2325,792,3
471,2119,1582,1362,1200,2221,619,591,2684,2326,792,3
472,2116,1582,1362,1198,2221,619,591,2612,2326,792,3
473,2107,1570,1362,1200,2222,618,591,2642,2326,793,3
474,2120,1577,1362,1197,2223,619,589,2743,2326,793,3
475,2109,1573,1362,1198,2223,618,592,2804,2325,792,3
476,2118,1552,1362,1197,2221,618,591,2820,2326,793,3
477,2116,1574,1362,1199,2223,618,591,2764,2326,793,3
478,2115,1577,1361,1198,2223,620,592,2658,2325,794,3
479,2115,1575,1362,1199,2222,619,591,2613,2325,794,3
480,2112,1566,1361,1198,2222,619,591,2676,2326,793,3
481,2134,1574,1361,1197,2221,619,593,2768,2326,793,3
482,2123,1575,1361,1198,2223,618,592,2821,2325,792,3
483,2098,1572,1368,1198,2223,615,592,2826,2328,793,3
484,2116,1566,1362,1198,2222,620,593,2723,2327,792,3
485,2139,1573,1362,1197,2222,618,591,2628,2326,792,3
486,2120,1574,1363,1197,2222,619,592,2632,2326,793,3
487,2120,1573,1361,1197,2223,620,592,2712,2327,793,3
488,2099,1571,1371,1195,2223,619,591,2779,2326,793,3
489,2113,1566,1363,1195,2223,619,592,2821,2326,793,3
490,2115,1572,1363,1196,2222,620,591,2796,2327,792,3
491,2142,1576,1362,1196,2222,619,591,2688,2328,793,3
492,2118,1586,1362,1198,2222,618,591,2618,2328,793,3
493,2117,1581,1360,1195,2224,618,591,2643,2332,792,3
494,2110,1574,1361,1197,2223,620,594,2737,2327,793,3
495,2118,1578,1363,1196,2223,619,593,2804,2328,792,3
496,2116,1576,1362,1195,2224,619,587,2820,2328,793,3
497,2150,1576,1363,1195,2222,618,592,2768,2328,793,3
498,2133,1576,1363,1194,2224,619,591,2658,2328,794,3
499,2119,1573,1362,1196,2223,619,592,2620,2326,792,3
500,2116,1593,1363,1196,2223,618,592,2676,2328,792,3
501,2119,1588,1363,1196,2223,619,590,2766,2328,792,3
502,2095,1574,1371,1196,2222,618,591,2820,2328,793,3
503,2102,1574,1370,1196,2223,619,591,2824,2328,793,3
504,2119,1578,1363,1195,2222,619,590,2728,2328,793,3
505,2114,1578,1362,1196,2222,618,589,2633,2329,794,3
506,2115,1578,1362,1195,2222,618,587,2620,2328,793,3
507,2118,1568,1363,1196,2221,618,591,2698,2329,793,3
508,2119,1584,1364,1195,2223,618,590,2785,2329,794,3
509,2129,1572,1362,1196,2224,620,591,2816,2328,794,3
510,2136,1576,1360,1195,2222,618,591,2803,2329,792,3
511,2146,1576,1363,1195,2222,619,591,2698,2330,793,3
512,2118,1571,1362,1194,2223,619,590,2621,2328,792,3
513,2121,1570,1364,1195,2223,619,590,2639,2329,793,3
514,2117,1589,1363,1196,2223,620,591,2734,2329,794,3
515,2118,1572,1363,1194,2223,618,598,2806,2330,792,3
516,2120,1576,1363,1193,2223,618,591,2826,2330,793,3
517,2116,1588,1363,1194,2223,619,592,2784,2328,792,3
518,2117,1570,1363,1194,2224,620,600,2674,2329,794,3
519,2120,1579,1364,1192,2224,620,590,2616,2330,792,3
520,2118,1574,1363,1193,2225,619,591,2666,2329,791,3
521,2118,1574,1363,1193,2224,619,590,2757,2330,793,3
522,2122,1587,1361,1194,2224,619,590,2813,2330,794,3
523,2120,1575,1362,1193,2223,620,591,2822,2329,794,3
524,2120,1583,1363,1184,2223,619,591,2744,2329,793,3
525,2118,1570,1363,1194,2226,620,589,2646,2330,792,3
526,2123,1574,1364,1194,2225,620,591,2616,2330,793,3
527,2122,1572,1363,1194,2223,619,591,2694,2331,793,3
528,2130,1574,1363,1192,2226,620,588,2779,2331,792,3
529,2119,1574,1362,1192,2224,619,591,2822,2330,792,3
530,2147,1577,1365,1192,2225,620,591,2810,2331,792,3
531,2119,1571,1363,1192,2223,618,591,2710,2331,793,3
532,2116,1574,1364,1192,2224,619,590,2619,2331,793,3
533,2116,1558,1362,1191,2224,621,591,2630,2330,794,3
534,2118,1568,1364,1190,2226,620,590,2718,2331,794,3
535,2121,1580,1363,1193,2224,620,592,2793,2331,793,3
536,2110,1575,1370,1192,2226,619,592,2826,2332,793,3
537,2114,1578,1364,1192,2223,619,592,2795,2331,794,3
538,2122,1577,1364,1191,2224,620,589,2679,2332,791,3
539,2131,1578,1363,1192,2225,619,591,2617,2331,793,3
540,2122,1588,1363,1188,2225,620,590,2652,2331,792,3
541,2126,1578,1364,1192,2224,619,591,2747,2331,793,3
542,2122,1574,1365,1192,2224,619,589,2810,2331,793,3
543,2114,1573,1364,1192,2225,620,590,2820,2331,792,3
544,2148,1575,1363,1192,2225,619,590,2755,2331,791,3
545,2122,1562,1363,1190,2225,620,590,2651,2332,793,3
546,2118,1573,1363,1190,2225,619,590,2621,2331,794,3
547,2117,1575,1364,1191,2224,619,591,2683,2332,793,3
548,2126,1578,1363,1190,2224,621,590,2766,2333,791,3
549,2124,1579,1365,1187,2226,621,588,2818,2332,792,3
550,2120,1572,1365,1190,2226,620,589,2823,2331,792,3
551,2136,1578,1366,1190,2224,619,590,2720,2332,794,3
552,2143,1574,1364,1190,2226,620,588,2626,2332,794,3
553,2122,1579,1364,1189,2225,622,586,2622,2333,794,3
554,2120,1579,1365,1190,2225,620,587,2703,2331,794,3
555,2093,1574,1363,1189,2226,620,589,2790,2332,793,3
556,2122,1597,1364,1189,2223,621,590,2822,2331,794,3
557,2119,1568,1366,1189,2225,620,591,2802,2334,793,3
558,2150,1576,1365,1190,2225,621,589,2690,2333,792,3
559,2131,1574,1363,1189,2225,618,590,2613,2333,794,3
560,2120,1579,1365,1188,2225,621,588,2637,2334,792,3
561,2088,1576,1366,1188,2226,619,588,2738,2334,792,3
562,2130,1578,1366,1187,2225,620,587,2802,2334,792,3
563,2126,1574,1364,1190,2225,621,590,2822,2332,792,3
564,2126,1574,1364,1189,2225,620,589,2776,2333,793,3
565,2120,1571,1365,1188,2226,620,590,2662,2333,792,3
566,2115,1576,1364,1187,2224,620,590,2618,2336,793,3
567,2106,1574,1363,1187,2226,619,587,2669,2334,793,3
568,2126,1570,1365,1187,2225,621,589,2754,2334,792,3
569,2124,1573,1364,1186,2225,621,589,2812,2332,794,3
570,2120,1573,1366,1186,2225,621,589,2819,2334,793,3
571,2122,1580,1365,1185,2227,621,589,2739,2336,793,3
572,2106,1574,1364,1186,2227,621,588,2643,2334,792,3
573,2120,1582,1366,1187,2226,620,591,2620,2334,794,3
574,2122,1575,1365,1187,2226,621,588,2691,2333,792,3
575,2122,1574,1365,1186,2226,622,587,2777,2333,792,3
576,2120,1578,1365,1185,2224,622,590,2822,2334,794,3
577,2091,1575,1366,1186,2226,621,589,2814,2334,793,3
578,2120,1571,1366,1187,2227,622,588,2710,2334,793,3
579,2128,1578,1366,1186,2226,622,588,2614,2334,794,3
580,2123,1560,1366,1185,2227,621,586,2631,2334,793,3
581,2106,1576,1365,1185,2226,621,587,2722,2336,794,3
582,2126,1579,1365,1186,2227,621,587,2794,2334,792,3
583,2136,1576,1357,1186,2226,621,588,2816,2335,793,3
584,2119,1576,1366,1186,2226,621,587,2787,2336,791,3
585,2121,1576,1365,1185,2226,620,588,2683,2334,792,3
586,2123,1593,1366,1186,2226,620,588,2615,2335,793,3
587,2123,1575,1366,1184,2227,620,586,2650,2334,792,3
588,2120,1567,1366,1186,2227,620,586,2746,2336,793,3
589,2122,1580,1366,1184,2227,622,590,2804,2333,792,3
590,2126,1583,1367,1183,2227,622,587,2822,2336,792,3
591,2142,1579,1368,1185,2226,620,587,2756,2336,793,3
592,2119,1575,1366,1186,2226,621,587,2651,2331,793,3
593,2114,1576,1365,1186,2229,620,588,2616,2336,794,3
594,2126,1575,1366,1185,2227,622,588,2675,2335,793,3
595,2131,1578,1367,1182,2230,620,586,2763,2336,793,3
596,2127,1582,1366,1185,2227,619,589,2811,2336,793,3
597,2114,1576,1366,1185,2224,619,589,2822,2337,793,3
598,2125,1571,1365,1185,2227,620,587,2726,2336,792,3
599,2130,1575,1365,1184,2229,620,588,2626,2337,794,3
600,2126,1577,1366,1182,2227,622,588,2618,2338,792,3
601,2128,1584,1367,1182,2227,620,588,2703,2336,793,3
602,2126,1576,1367,1183,2227,620,587,2784,2338,793,3
603,2124,1566,1365,1187,2227,621,586,2814,2336,792,3
604,2122,1579,1366,1182,2227,621,587,2800,2335,792,3
605,2128,1602,1366,1182,2228,622,586,2701,2334,792,3
606,2123,1572,1367,1182,2227,622,587,2613,2338,793,3
607,2124,1582,1366,1184,2227,621,588,2634,2337,792,3
608,2115,1578,1366,1182,2229,620,588,2733,2337,793,3
609,2123,1574,1366,1182,2228,621,586,2799,2335,792,3
610,2125,1557,1368,1181,2228,622,585,2819,2337,792,3
611,2130,1579,1366,1181,2227,620,587,2782,2338,793,3
612,2121,1573,1366,1184,2230,621,586,2672,2336,794,3
613,2127,1564,1368,1191,2227,622,586,2608,2338,792,3
614,2121,1579,1368,1182,2228,621,586,2659,2338,794,3
615,2125,1573,1368,1181,2230,622,584,2754,2337,792,3
616,2127,1566,1365,1186,2229,622,587,2806,2338,793,3
617,2120,1577,1366,1180,2230,621,587,2826,2336,794,3
618,2124,1573,1367,1182,2229,621,586,2752,2338,792,3
619,2139,1577,1366,1182,2229,620,586,2644,2337,794,3
620,2120,1578,1367,1181,2227,621,588,2621,2338,794,3
621,2128,1575,1366,1180,2227,621,586,2682,2337,794,3
622,2154,1579,1366,1182,2228,621,586,2770,2338,792,3
623,2117,1579,1366,1181,2222,622,587,2819,2338,793,3
624,2126,1582,1366,1182,2229,621,586,2818,2338,794,3
625,2122,1578,1368,1179,2230,622,586,2716,2338,792,3
626,2102,1577,1367,1182,2228,619,586,2629,2339,793,3
627,2125,1590,1366,1182,2228,620,586,2627,2338,792,3
628,2126,1570,1366,1180,2230,623,585,2704,2338,791,3
629,2122,1579,1368,1182,2228,622,586,2790,2338,792,3
630,2125,1576,1368,1179,2230,622,584,2822,2338,792,3
631,2124,1559,1367,1180,2228,622,584,2795,2338,792,3
632,2115,1576,1370,1181,2230,619,586,2694,2339,794,3
633,2131,1577,1368,1181,2229,622,585,2610,2339,792,3
634,2125,1572,1366,1180,2229,622,586,2631,2338,793,3
635,2130,1581,1367,1180,2230,622,584,2735,2338,793,3
636,2133,1578,1368,1179,2228,621,586,2798,2339,793,3
637,2129,1584,1368,1181,2229,620,581,2817,2339,793,3
638,2127,1592,1368,1182,2229,622,586,2776,2338,793,3
639,2137,1579,1368,1178,2229,622,586,2661,2338,794,3
640,2119,1576,1367,1178,2230,622,584,2616,2338,792,3
641,2130,1580,1368,1178,2229,622,584,2658,2340,793,3
642,2125,1578,1368,1180,2228,620,584,2749,2340,794,3
643,2132,1582,1368,1180,2229,621,585,2810,2339,794,3
644,2125,1577,1369,1179,2230,621,586,2821,2338,791,3
645,2124,1579,1366,1178,2231,622,586,2742,2338,793,3
646,2130,1574,1368,1178,2230,622,594,2648,2339,792,3
647,2148,1584,1368,1179,2230,620,585,2614,2341,793,3
648,2109,1581,1367,1179,2230,622,585,2685,2339,792,3
649,2130,1591,1367,1180,2229,621,588,2774,2339,792,3
650,2130,1562,1367,1180,2229,622,584,2813,2339,793,3
651,2130,1586,1368,1178,2230,622,586,2818,2340,793,3
652,2138,1580,1358,1178,2231,621,586,2714,2340,793,3
653,2118,1578,1366,1179,2231,622,587,2627,2340,793,3
654,2125,1590,1367,1181,2229,622,586,2628,2339,793,3
655,2128,1566,1368,1178,2231,623,584,2708,2338,792,3
656,2130,1586,1368,1178,2230,622,585,2788,2340,792,3
657,2135,1578,1359,1178,2230,623,586,2818,2338,794,3
658,2118,1578,1367,1179,2230,622,586,2798,2340,793,3
659,2127,1593,1368,1178,2230,623,585,2688,2341,791,3
660,2128,1562,1368,1179,2231,623,583,2611,2339,793,3
661,2128,1594,1368,1178,2230,623,585,2642,2340,794,3
662,2147,1579,1368,1180,2229,622,584,2732,2340,794,3
663,2105,1576,1367,1180,2230,622,583,2802,2339,792,3
664,2126,1573,1369,1178,2230,622,583,2822,2340,793,3
665,2128,1581,1367,1177,2232,623,584,2770,2340,794,3
666,2126,1574,1368,1177,2230,622,585,2666,2341,792,3
667,2126,1578,1368,1179,2231,621,585,2609,2342,794,3
668,2131,1582,1368,1179,2232,622,584,2662,2341,794,3
669,2129,1578,1369,1179,2231,622,584,2746,2341,793,3
670,2123,1580,1369,1179,2230,621,585,2814,2342,794,3
671,2132,1580,1368,1178,2231,622,585,2816,2341,794,3
672,2131,1569,1368,1178,2230,623,584,2739,2340,794,3
673,2131,1595,1369,1178,2230,623,584,2643,2342,792,3
674,2164,1580,1368,1178,2230,623,584,2618,2342,794,3
675,2126,1581,1368,1177,2232,622,584,2688,2339,793,3
676,2128,1577,1369,1179,2230,622,584,2772,2342,792,3
677,2128,1580,1370,1178,2231,622,586,2822,2340,793,3
678,2131,1579,1370,1178,2232,623,584,2809,2342,794,3
679,2130,1569,1369,1177,2230,623,584,2712,2341,793,3
680,2130,1584,1369,1176,2232,622,586,2627,2340,793,3
681,2128,1582,1370,1178,2231,624,585,2625,2342,793,3
682,2136,1582,1369,1179,2231,622,584,2710,2344,794,3
683,2124,1574,1368,1178,2232,622,585,2782,2341,794,3
684,2116,1578,1368,1179,2232,624,586,2822,2341,792,3
685,2142,1582,1363,1177,2232,622,584,2794,2341,793,3
686,2100,1578,1370,1176,2231,622,585,2690,2342,793,3
687,2131,1579,1370,1177,2231,623,585,2616,2342,795,3
688,2125,1581,1369,1178,2232,623,584,2644,2342,792,3
689,2128,1594,1368,1178,2232,624,586,2734,2341,794,3
690,2127,1583,1370,1177,2232,624,579,2796,2341,793,3
691,2129,1578,1369,1177,2231,623,584,2822,2342,793,3
692,2130,1572,1370,1177,2233,622,585,2770,2342,793,3
693,2133,1592,1369,1167,2232,623,583,2662,2342,792,3
694,2153,1578,1369,1175,2231,622,584,2614,2342,792,3
695,2133,1582,1370,1177,2232,623,585,2663,2342,794,3
696,2126,1573,1370,1177,2232,623,585,2752,2343,793,3
697,2115,1579,1370,1177,2233,622,585,2810,2343,794,3
698,2163,1585,1369,1175,2232,623,584,2814,2342,791,3
699,2127,1581,1368,1178,2233,623,586,2746,2342,794,3
700,2141,1582,1371,1176,2238,622,584,2640,2342,793,3
701,2112,1580,1368,1177,2232,622,584,2619,2343,792,3
702,2131,1582,1370,1178,2232,622,585,2684,2343,793,3
703,2122,1581,1370,1176,2229,623,585,2776,2343,791,3
704,2131,1580,1370,1176,2232,623,591,2819,2344,793,3
705,2131,1587,1370,1175,2234,623,585,2810,2344,793,3
706,2133,1582,1370,1177,2234,624,585,2711,2343,794,3
707,2130,1588,1370,1177,2233,622,586,2620,2343,793,3
708,2131,1578,1369,1176,2233,623,583,2629,2344,793,3
709,2130,1569,1370,1186,2232,623,583,2706,2344,793,3
710,2130,1577,1370,1176,2232,620,583,2786,2344,795,3
711,2130,1581,1368,1176,2234,622,584,2816,2342,794,3
712,2130,1592,1371,1177,2234,621,586,2798,2344,794,3
713,2131,1580,1370,1178,2233,622,587,2684,2343,794,3
714,2131,1586,1369,1175,2233,630,585,2614,2344,794,3
715,2131,1586,1370,1174,2233,622,581,2635,2344,793,3
716,2131,1577,1370,1174,2234,623,584,2735,2342,794,3
717,2129,1572,1370,1186,2234,622,584,2796,2344,792,3
718,2132,1577,1371,1175,2234,624,583,2821,2344,792,3
719,2125,1574,1370,1176,2232,620,584,2771,2343,793,3
720,2130,1573,1370,1175,2234,622,587,2668,2344,793,3
