Count,S1,S2,S3,S4,S5,S6,S7,S8,S9,S10,Flag
1,2432,1748,1556,1270,2500,662,618,2630,2498,845,0
2,2435,1726,1558,1270,2502,662,612,2650,2499,846,0
3,2430,1752,1558,1272,2502,661,620,2774,2498,846,0
4,2436,1746,1557,1269,2500,660,619,2826,2498,846,0
5,2434,1740,1556,1269,2501,659,619,2834,2498,846,0
6,2419,1747,1555,1269,2502,660,618,2739,2498,846,0
7,2434,1750,1555,1269,2502,661,620,2635,2498,846,0
8,2428,1732,1557,1282,2500,661,617,2632,2498,846,0
9,2419,1748,1555,1269,2502,662,618,2746,2498,846,0
10,2429,1750,1558,1270,2502,661,618,2809,2499,846,0
11,2433,1739,1556,1271,2502,661,618,2830,2498,846,0
12,2429,1745,1555,1270,2502,662,617,2790,2499,846,0
13,2432,1760,1557,1269,2500,661,619,2679,2498,846,0
14,2438,1747,1558,1270,2502,660,619,2625,2499,847,0
15,2430,1752,1557,1268,2502,661,619,2670,2498,846,0
16,2430,1742,1558,1270,2501,661,619,2764,2498,846,0
17,2429,1743,1556,1270,2501,661,619,2826,2498,847,0
18,2434,1757,1556,1271,2503,662,619,2836,2498,845,0
19,2440,1748,1558,1270,2504,660,619,2754,2499,847,0
20,2432,1753,1558,1269,2501,661,619,2648,2500,847,0
21,2432,1741,1558,1270,2503,657,618,2625,2499,846,1
22,2435,1744,1558,1270,2503,660,618,2703,2498,846,1
23,2436,1755,1558,1271,2502,661,619,2792,2499,847,1
24,2400,1750,1558,1269,2502,662,619,2834,2499,845,1
25,2428,1743,1557,1269,2502,662,622,2826,2499,847,1
26,2436,1747,1557,1270,2503,661,619,2718,2498,845,1
27,2418,1750,1558,1269,2502,661,619,2633,2499,846,1
28,2431,1749,1558,1269,2502,661,619,2643,2498,846,1
29,2466,1750,1558,1270,2501,660,619,2726,2499,847,1
30,2442,1750,1556,1269,2503,660,619,2803,2500,845,1
31,2432,1750,1557,1269,2504,662,620,2831,2498,847,1
32,2435,1744,1558,1270,2503,661,618,2805,2499,846,1
33,2410,1746,1559,1270,2504,661,619,2691,2499,847,1
34,2434,1754,1558,1270,2504,662,613,2617,2500,846,1
35,2436,1766,1557,1270,2504,662,621,2660,2499,847,1
36,2425,1750,1560,1270,2500,662,619,2759,2499,847,1
37,2437,1748,1558,1269,2503,661,618,2811,2500,848,1
38,2443,1751,1558,1270,2505,661,618,2835,2499,846,1
39,2436,1750,1559,1270,2504,663,622,2769,2500,847,1
40,2434,1766,1558,1270,2504,661,622,2666,2500,847,1
41,2433,1750,1558,1270,2506,662,619,2630,2500,847,1
42,2438,1750,1557,1271,2503,662,618,2690,2501,848,1
43,2418,1748,1560,1270,2505,662,619,2779,2502,848,1
44,2438,1742,1558,1272,2505,658,620,2824,2502,848,1
45,2440,1750,1560,1272,2504,663,620,2832,2502,850,1
46,2438,1755,1560,1270,2504,662,616,2734,2502,848,1
47,2443,1755,1560,1272,2504,663,620,2645,2502,850,1
48,2440,1752,1560,1270,2505,662,622,2634,2502,850,1
49,2448,1752,1560,1271,2504,662,621,2710,2502,850,1
50,2442,1754,1560,1272,2506,662,622,2792,2502,849,1
51,2448,1752,1560,1272,2505,662,620,2830,2502,849,1
52,2440,1750,1558,1272,2506,662,622,2823,2504,850,1
53,2459,1750,1560,1274,2506,662,622,2707,2502,850,1
54,2444,1750,1560,1274,2504,661,621,2635,2503,850,1
55,2467,1751,1560,1274,2506,661,622,2648,2504,850,1
56,2444,1756,1562,1273,2507,662,622,2747,2504,852,1
57,2467,1752,1562,1273,2506,662,622,2810,2504,850,1
58,2451,1755,1561,1274,2507,662,622,2835,2504,852,1
59,2444,1756,1561,1274,2506,662,616,2787,2506,852,1
60,2450,1758,1561,1276,2506,662,622,2683,2505,852,1
61,2443,1728,1562,1275,2506,663,622,2627,2506,854,1
62,2449,1755,1561,1276,2506,662,622,2678,2506,854,1
63,2445,1739,1561,1275,2508,664,624,2766,2506,853,1
64,2446,1749,1563,1277,2508,662,624,2827,2507,854,1
65,2447,1746,1563,1275,2507,664,624,2832,2505,854,1
66,2446,1747,1563,1277,2508,662,625,2763,2507,854,1
67,2444,1747,1563,1277,2508,663,624,2662,2506,853,1
68,2449,1761,1564,1270,2509,664,624,2640,2507,856,1
69,2451,1755,1563,1278,2508,664,625,2703,2507,854,1
70,2454,1755,1563,1278,2509,663,625,2794,2508,856,1
71,2454,1737,1565,1280,2509,664,626,2835,2508,855,1
72,2458,1752,1565,1278,2510,664,626,2833,2507,855,1
73,2451,1747,1564,1276,2510,658,625,2729,2510,855,1
74,2427,1752,1563,1280,2510,664,626,2643,2510,856,1
75,2450,1751,1565,1280,2510,664,626,2649,2512,855,1
76,2462,1761,1565,1280,2511,663,624,2738,2511,857,1
77,2474,1758,1566,1278,2510,663,625,2805,2511,856,1
78,2466,1757,1568,1280,2511,663,624,2837,2512,856,1
79,2459,1754,1568,1281,2512,663,625,2806,2513,857,1
80,2446,1749,1566,1282,2512,664,627,2704,2513,858,1
81,2482,1754,1566,1282,2511,665,626,2635,2512,858,1
82,2458,1758,1564,1281,2512,664,626,2674,2513,857,1
83,2461,1753,1568,1281,2512,664,626,2759,2513,858,1
84,2448,1757,1565,1282,2512,666,626,2826,2514,859,1
85,2457,1755,1568,1281,2512,666,627,2840,2515,857,1
86,2458,1758,1567,1282,2513,664,627,2786,2514,859,1
87,2465,1769,1568,1277,2514,665,628,2679,2515,859,1
88,2461,1758,1569,1282,2514,664,625,2643,2514,860,1
89,2466,1755,1569,1283,2514,665,627,2699,2516,860,1
90,2463,1753,1569,1283,2512,664,626,2784,2517,859,1
91,2465,1766,1570,1283,2513,663,627,2833,2518,861,1
92,2482,1760,1570,1282,2514,666,626,2832,2517,861,1
93,2474,1757,1571,1282,2514,664,627,2746,2518,860,1
94,2462,1754,1571,1283,2515,664,628,2657,2519,860,1
95,2465,1760,1570,1283,2515,663,628,2651,2519,862,1
96,2475,1760,1565,1282,2515,666,626,2723,2520,861,1
97,2467,1762,1573,1284,2515,665,630,2799,2520,860,1
98,2468,1755,1572,1283,2515,665,627,2838,2520,862,1
99,2468,1760,1572,1282,2515,666,629,2826,2520,862,1
100,2465,1757,1573,1283,2514,667,630,2716,2519,860,1
101,2475,1764,1571,1283,2516,665,630,2644,2520,864,1
102,2473,1761,1573,1284,2522,666,629,2659,2521,861,1
103,2462,1761,1572,1283,2518,667,630,2758,2520,864,1
104,2486,1762,1574,1283,2517,666,629,2813,2521,862,1
105,2473,1766,1573,1282,2518,666,627,2841,2521,862,1
106,2475,1755,1574,1284,2516,666,628,2798,2522,862,1
107,2472,1755,1573,1283,2515,666,628,2687,2522,862,1
108,2479,1761,1575,1286,2519,665,627,2635,2523,864,1
109,2473,1743,1574,1283,2520,666,629,2692,2522,863,1
110,2443,1758,1576,1284,2518,666,628,2776,2522,866,1
111,2470,1760,1574,1283,2518,667,630,2826,2522,864,1
112,2478,1766,1575,1285,2519,667,630,2842,2522,865,1
113,2478,1766,1576,1285,2518,666,630,2758,2523,863,1
114,2474,1763,1575,1285,2517,666,630,2667,2523,867,1
115,2477,1779,1576,1284,2520,666,630,2646,2524,865,1
116,2476,1765,1576,1284,2519,666,624,2710,2523,864,1
117,2486,1763,1575,1284,2520,667,628,2797,2525,863,1
118,2475,1761,1576,1284,2520,666,631,2832,2524,865,1
119,2483,1770,1575,1285,2520,668,630,2828,2523,866,1
120,2482,1765,1576,1284,2520,668,630,2723,2525,865,1
121,2474,1763,1576,1284,2520,672,630,2644,2525,866,2
122,2490,1770,1580,1289,2524,667,630,2657,2525,866,2
123,2486,1773,1581,1288,2523,669,631,2744,2526,866,2
124,2488,1773,1580,1286,2524,670,629,2814,2525,865,2
125,2484,1770,1582,1284,2525,670,630,2839,2526,866,2
126,2485,1772,1581,1283,2523,668,630,2802,2527,865,2
127,2486,1767,1580,1282,2523,669,628,2692,2526,865,2
128,2481,1768,1580,1280,2524,669,627,2634,2526,864,2
129,2485,1771,1579,1280,2523,670,627,2676,2526,864,2
130,2484,1771,1579,1277,2522,667,629,2768,2526,865,2
131,2480,1770,1579,1276,2524,669,628,2827,2526,864,2
132,2479,1768,1579,1275,2523,670,627,2838,2525,862,2
133,2479,1766,1578,1275,2522,668,626,2763,2525,861,2
134,2479,1770,1579,1273,2523,669,626,2662,2525,861,2
135,2479,1769,1578,1272,2523,668,625,2635,2524,862,2
136,2480,1767,1580,1272,2522,667,626,2702,2526,862,2
137,2483,1766,1579,1273,2523,668,625,2792,2526,860,2
138,2478,1769,1578,1270,2523,668,623,2830,2524,861,2
139,2479,1768,1579,1270,2522,668,624,2830,2524,861,2
140,2482,1770,1578,1272,2521,668,623,2722,2524,861,2
141,2479,1766,1578,1270,2522,667,623,2633,2524,859,2
142,2478,1769,1578,1267,2522,669,622,2641,2523,859,2
143,2477,1767,1577,1266,2522,667,622,2730,2523,858,2
144,2477,1766,1577,1266,2523,668,622,2805,2522,858,2
145,2482,1766,1578,1266,2522,667,622,2832,2522,859,2
146,2477,1766,1578,1267,2522,666,622,2800,2523,859,2
147,2475,1767,1578,1266,2522,669,622,2682,2522,858,2
148,2476,1766,1578,1266,2521,667,620,2618,2522,858,2
149,2475,1766,1576,1265,2523,667,619,2659,2521,858,2
150,2475,1768,1578,1264,2522,668,621,2757,2522,858,2
151,2480,1764,1577,1266,2522,667,620,2822,2520,857,2
152,2480,1767,1578,1264,2522,667,620,2834,2521,857,2
153,2480,1768,1577,1263,2522,668,618,2760,2519,856,2
154,2478,1767,1577,1264,2521,668,619,2650,2520,858,2
155,2479,1768,1577,1263,2522,667,619,2619,2518,856,2
156,2480,1763,1578,1264,2522,666,619,2690,2520,856,2
157,2478,1766,1578,1262,2522,669,618,2784,2518,855,2
158,2478,1767,1577,1262,2521,667,617,2829,2519,855,2
159,2475,1766,1577,1263,2520,667,618,2827,2518,856,2
160,2475,1766,1576,1263,2521,666,617,2718,2517,856,2
161,2478,1765,1579,1263,2521,666,617,2622,2518,855,2
162,2473,1766,1575,1261,2521,666,616,2632,2516,854,2
163,2475,1769,1577,1262,2520,666,617,2721,2517,855,2
164,2472,1764,1574,1262,2520,667,616,2800,2516,854,2
165,2472,1766,1575,1261,2521,667,616,2834,2515,854,2
166,2476,1766,1578,1262,2520,666,615,2800,2515,854,2
167,2472,1765,1576,1260,2520,667,616,2679,2515,854,2
168,2475,1762,1576,1263,2520,667,616,2609,2514,854,2
169,2470,1766,1576,1262,2518,666,614,2649,2513,853,2
170,2474,1762,1575,1261,2520,666,614,2754,2513,853,2
171,2472,1766,1576,1261,2519,666,614,2818,2514,853,2
172,2472,1764,1575,1262,2519,666,613,2834,2513,853,2
173,2472,1766,1576,1261,2519,665,615,2762,2512,851,2
174,2470,1763,1574,1263,2520,666,614,2648,2512,852,2
175,2468,1763,1576,1262,2518,665,614,2610,2511,853,2
176,2471,1761,1576,1263,2518,666,614,2679,2512,850,2
177,2473,1761,1576,1262,2519,666,613,2777,2510,852,2
178,2470,1764,1576,1261,2519,665,612,2827,2510,853,2
179,2470,1761,1575,1263,2518,666,612,2827,2510,852,2
180,2470,1762,1574,1262,2519,666,614,2716,2509,850,2
181,2468,1760,1574,1263,2518,665,612,2618,2510,851,2
182,2470,1763,1574,1264,2518,666,614,2622,2509,851,2
183,2467,1761,1575,1263,2517,666,613,2712,2508,851,2
184,2470,1759,1574,1263,2517,666,614,2795,2507,851,2
185,2464,1758,1574,1263,2518,666,612,2830,2507,851,2
186,2467,1761,1575,1263,2518,664,611,2803,2507,850,2
187,2467,1759,1573,1264,2518,665,612,2680,2506,850,2
188,2463,1759,1573,1264,2517,664,610,2603,2506,850,2
189,2466,1761,1571,1264,2516,665,610,2642,2505,850,2
190,2467,1760,1573,1264,2516,664,612,2746,2505,850,2
191,2461,1758,1572,1266,2518,665,611,2814,2504,850,2
192,2458,1757,1573,1265,2517,665,610,2833,2503,850,2
193,2464,1756,1571,1266,2516,664,611,2766,2504,850,2
194,2458,1755,1571,1266,2515,663,611,2648,2504,850,2
195,2457,1757,1570,1265,2517,664,610,2604,2504,848,2
196,2458,1760,1572,1265,2515,663,611,2672,2503,849,2
197,2455,1760,1572,1266,2516,665,610,2771,2502,848,2
198,2458,1760,1572,1266,2515,662,610,2826,2502,849,2
199,2456,1755,1570,1267,2514,664,610,2829,2501,848,2
200,2455,1757,1570,1267,2515,664,611,2723,2500,848,2
201,2454,1754,1571,1267,2515,664,609,2619,2502,848,2
202,2458,1758,1570,1268,2515,664,610,2614,2499,848,2
203,2454,1755,1569,1266,2514,664,610,2702,2500,847,2
204,2455,1758,1569,1268,2514,663,611,2794,2499,848,2
205,2451,1760,1569,1267,2513,664,610,2831,2499,847,2
206,2452,1757,1570,1270,2514,663,608,2808,2498,847,2
207,2451,1756,1569,1268,2514,665,610,2685,2498,846,2
208,2448,1754,1566,1267,2514,663,610,2603,2497,845,2
209,2451,1756,1565,1269,2514,663,610,2635,2497,846,2
210,2445,1754,1566,1268,2514,663,609,2742,2494,846,2
211,2446,1752,1568,1270,2514,663,610,2810,2496,846,2
212,2450,1753,1567,1271,2511,662,610,2833,2496,846,2
213,2448,1755,1566,1271,2512,662,609,2775,2494,846,2
214,2444,1754,1566,1272,2511,662,610,2650,2494,846,2
215,2443,1754,1563,1271,2513,662,610,2602,2491,845,2
216,2442,1751,1566,1270,2511,663,610,2663,2493,846,2
217,2440,1754,1565,1272,2512,663,610,2767,2490,844,2
218,2441,1751,1566,1272,2510,663,610,2824,2494,843,2
219,2442,1749,1564,1273,2512,662,610,2828,2491,845,2
220,2443,1753,1565,1272,2510,662,610,2731,2491,845,2
221,2439,1752,1564,1275,2510,662,610,2626,2490,845,2
222,2442,1750,1563,1274,2511,662,609,2610,2490,843,2
223,2435,1753,1563,1274,2510,663,610,2696,2490,843,2
224,2436,1750,1563,1275,2509,661,610,2792,2488,844,2
225,2435,1752,1562,1275,2510,662,609,2832,2489,843,2
226,2435,1747,1563,1274,2510,662,610,2817,2488,846,2
227,2432,1749,1563,1276,2510,661,610,2695,2486,844,2
228,2432,1750,1562,1276,2508,661,610,2603,2487,843,2
229,2434,1751,1562,1276,2507,661,610,2630,2486,844,2
230,2429,1747,1561,1278,2509,662,610,2731,2486,844,2
231,2434,1746,1562,1278,2508,662,610,2806,2486,843,2
232,2433,1747,1561,1278,2509,660,610,2834,2486,843,2
233,2432,1749,1560,1280,2508,661,610,2783,2484,843,2
234,2426,1745,1560,1281,2508,660,610,2658,2486,843,2
235,2427,1749,1561,1280,2506,662,611,2602,2484,842,2
236,2428,1746,1560,1278,2507,660,610,2656,2483,842,2
237,2427,1747,1560,1281,2507,662,610,2760,2484,842,2
238,2427,1750,1560,1281,2507,662,607,2822,2484,842,2
239,2423,1747,1559,1282,2506,659,611,2833,2483,841,2
240,2422,1746,1558,1283,2507,660,611,2742,2482,842,2
241,2420,1750,1557,1282,2506,662,610,2632,2481,840,2
242,2424,1745,1560,1283,2506,659,611,2608,2482,841,2
243,2421,1744,1558,1284,2506,660,610,2690,2481,842,2
244,2420,1746,1558,1285,2505,659,611,2788,2481,843,2
245,2422,1743,1559,1286,2505,659,611,2831,2480,840,2
246,2419,1745,1558,1286,2506,659,611,2826,2480,841,2
247,2420,1742,1558,1286,2505,659,610,2704,2479,842,2
248,2417,1744,1557,1286,2505,660,610,2610,2478,840,2
249,2418,1746,1556,1286,2504,660,611,2627,2478,840,2
250,2417,1746,1556,1288,2502,659,611,2725,2479,840,2
251,2413,1745,1555,1288,2505,660,612,2802,2478,841,2
252,2410,1743,1556,1288,2503,658,611,2834,2478,840,2
253,2415,1746,1555,1290,2504,658,612,2794,2477,840,2
254,2411,1743,1555,1289,2504,659,611,2670,2477,840,2
255,2413,1743,1555,1290,2502,659,611,2602,2476,840,2
256,2408,1742,1554,1290,2503,659,611,2648,2475,839,2
257,2409,1739,1555,1290,2503,658,611,2755,2475,839,2
258,2407,1742,1552,1290,2502,658,612,2820,2475,840,2
259,2406,1742,1552,1292,2504,659,612,2833,2474,839,2
260,2409,1742,1552,1292,2502,658,613,2757,2474,840,2
261,2406,1742,1552,1294,2502,658,613,2640,2475,839,2
262,2403,1741,1553,1292,2502,660,614,2606,2472,840,2
263,2406,1739,1552,1294,2501,657,614,2679,2473,838,2
264,2404,1740,1552,1293,2502,659,613,2782,2472,839,2
265,2405,1743,1551,1294,2499,658,612,2831,2473,837,2
266,2401,1738,1551,1295,2499,659,611,2829,2472,838,2
267,2399,1740,1551,1295,2502,658,612,2716,2472,838,2
268,2397,1739,1551,1296,2500,659,613,2616,2471,837,2
269,2398,1736,1550,1298,2500,657,614,2619,2471,839,2
270,2397,1737,1550,1297,2498,657,614,2714,2470,838,2
271,2400,1739,1549,1295,2499,658,615,2798,2470,837,2
272,2398,1735,1548,1298,2499,658,614,2834,2470,838,2
273,2397,1737,1547,1298,2499,658,614,2803,2469,837,2
274,2396,1736,1547,1299,2498,657,615,2680,2470,838,2
275,2392,1736,1548,1300,2498,656,616,2605,2469,838,2
276,2394,1734,1549,1301,2497,657,613,2642,2468,837,2
277,2394,1736,1546,1300,2498,658,613,2750,2468,837,2
278,2392,1736,1546,1300,2497,658,614,2818,2467,837,2
279,2389,1735,1546,1302,2497,657,614,2834,2466,837,2
280,2392,1734,1546,1304,2496,656,616,2771,2467,836,2
281,2386,1734,1546,1302,2496,655,616,2648,2467,837,2
282,2389,1735,1547,1303,2494,657,616,2606,2466,837,2
283,2385,1731,1544,1303,2496,658,616,2671,2466,836,2
284,2386,1734,1545,1304,2493,658,614,2774,2465,836,2
285,2386,1736,1546,1304,2494,656,616,2827,2464,837,2
286,2383,1734,1544,1305,2494,655,615,2832,2465,835,2
287,2379,1733,1543,1306,2494,657,615,2729,2465,836,2
288,2380,1732,1544,1306,2491,657,615,2626,2464,835,2
289,2382,1733,1544,1308,2493,655,616,2616,2464,836,2
290,2382,1732,1543,1308,2493,656,616,2704,2463,836,2
291,2382,1730,1544,1306,2494,655,617,2797,2462,835,2
292,2382,1733,1540,1310,2492,655,618,2834,2460,836,2
293,2379,1733,1543,1308,2492,656,616,2815,2459,834,2
294,2377,1728,1543,1310,2490,656,616,2698,2461,835,2
295,2375,1732,1540,1310,2490,655,618,2610,2461,835,2
296,2378,1729,1542,1312,2490,654,617,2638,2461,834,2
297,2378,1731,1540,1312,2491,655,616,2740,2461,834,2
298,2378,1731,1541,1311,2490,655,617,2810,2459,835,2
299,2371,1730,1539,1313,2490,654,618,2837,2459,836,2
300,2374,1731,1540,1314,2490,654,618,2786,2459,835,2
301,2372,1730,1539,1314,2490,655,618,2662,2459,834,2
302,2370,1729,1540,1314,2490,655,618,2608,2458,834,2
303,2369,1730,1540,1314,2489,655,618,2663,2458,832,2
304,2372,1731,1539,1316,2489,653,618,2765,2458,834,2
305,2370,1730,1538,1316,2488,654,620,2827,2457,834,2
306,2368,1723,1538,1316,2490,653,617,2835,2458,834,2
307,2364,1725,1536,1318,2488,655,618,2745,2458,835,2
308,2363,1726,1537,1315,2488,654,619,2637,2456,834,2
309,2368,1724,1537,1319,2487,654,619,2618,2456,834,2
310,2361,1724,1538,1318,2486,654,620,2698,2454,834,2
311,2363,1725,1538,1318,2487,653,620,2792,2456,834,2
312,2365,1725,1536,1320,2486,653,620,2834,2455,834,2
313,2363,1724,1536,1319,2486,654,619,2827,2455,832,2
314,2360,1726,1533,1320,2486,654,620,2711,2455,834,2
315,2359,1723,1536,1321,2486,653,620,2616,2455,834,2
316,2359,1724,1532,1322,2486,652,621,2634,2454,834,2
317,2355,1724,1532,1322,2486,653,622,2731,2454,834,2
318,2358,1722,1533,1323,2483,654,622,2803,2454,832,2
319,2356,1722,1532,1323,2485,653,622,2837,2451,834,2
320,2353,1721,1532,1324,2483,654,620,2799,2452,834,2
321,2352,1722,1531,1323,2484,653,622,2674,2451,834,3
322,2322,1715,1526,1318,2479,652,620,2610,2451,834,3
323,2344,1715,1527,1323,2479,651,622,2653,2451,832,3
324,2350,1718,1538,1327,2478,651,620,2762,2451,834,3
325,2355,1717,1529,1328,2479,650,621,2827,2451,835,3
326,2348,1715,1529,1331,2478,650,622,2834,2450,834,3
327,2354,1708,1526,1336,2478,649,623,2760,2452,834,3
328,2349,1716,1528,1338,2478,651,623,2656,2451,835,3
329,2355,1723,1529,1341,2480,651,624,2617,2451,834,3
330,2354,1722,1528,1346,2479,652,624,2695,2450,835,3
331,2361,1717,1528,1349,2480,650,625,2784,2451,835,3
332,2357,1719,1528,1352,2480,650,626,2834,2450,836,3
333,2363,1724,1528,1352,2482,651,626,2841,2450,834,3
334,2364,1716,1530,1356,2480,651,626,2730,2451,835,3
335,2380,1720,1529,1359,2480,651,626,2638,2452,837,3
336,2368,1714,1530,1362,2479,651,628,2640,2451,836,3
337,2369,1722,1530,1363,2481,650,628,2728,2451,836,3
338,2376,1720,1528,1363,2481,651,630,2802,2451,836,3
339,2380,1722,1531,1365,2480,652,629,2840,2452,836,3
340,2378,1714,1531,1368,2479,650,629,2820,2451,837,3
341,2377,1707,1530,1368,2481,650,631,2702,2452,837,3
342,2379,1718,1530,1368,2481,651,628,2627,2452,838,3
343,2372,1720,1531,1367,2480,652,631,2658,2450,838,3
344,2384,1719,1532,1366,2481,651,631,2763,2452,838,3
345,2386,1718,1532,1367,2484,651,630,2826,2453,839,3
346,2384,1717,1531,1363,2482,653,632,2848,2451,838,3
347,2382,1723,1533,1376,2481,651,632,2784,2453,839,3
348,2388,1712,1533,1362,2480,651,633,2680,2452,838,3
349,2388,1714,1534,1362,2481,651,631,2634,2454,838,3
350,2392,1720,1536,1361,2481,652,632,2692,2454,839,3
351,2394,1724,1536,1361,2481,652,634,2779,2454,840,3
352,2391,1729,1536,1356,2482,652,634,2834,2453,840,3
353,2391,1737,1536,1355,2482,652,632,2848,2453,839,3
354,2392,1718,1534,1355,2482,651,633,2754,2454,840,3
355,2402,1728,1539,1353,2481,653,626,2648,2454,839,3
356,2396,1716,1533,1352,2480,652,633,2643,2454,841,3
357,2396,1734,1536,1351,2482,652,634,2722,2453,841,3
358,2358,1724,1536,1349,2481,651,627,2802,2454,840,3
359,2390,1728,1536,1346,2481,653,634,2836,2454,841,3
360,2395,1718,1536,1346,2482,651,632,2830,2454,840,3
361,2396,1718,1538,1346,2481,650,634,2714,2455,840,3
362,2393,1722,1533,1344,2482,652,634,2637,2456,842,3
363,2398,1706,1537,1340,2482,653,632,2654,2454,840,3
364,2363,1724,1536,1339,2481,651,634,2749,2456,840,3
365,2404,1725,1536,1338,2483,651,635,2817,2456,840,3
366,2415,1725,1538,1338,2482,652,641,2846,2456,842,3
367,2402,1719,1537,1336,2482,651,634,2795,2456,840,3
368,2402,1736,1536,1335,2482,653,632,2690,2456,842,3
369,2400,1734,1538,1332,2481,652,633,2630,2456,842,3
370,2402,1733,1538,1333,2482,652,632,2688,2456,841,3
371,2402,1729,1538,1333,2483,652,634,2772,2456,842,3
372,2405,1728,1538,1331,2482,652,633,2834,2456,842,3
373,2402,1734,1538,1329,2483,653,632,2845,2456,842,3
374,2362,1724,1539,1330,2481,653,632,2756,2458,841,3
375,2405,1718,1539,1328,2481,653,631,2654,2458,841,3
376,2401,1721,1538,1327,2481,653,634,2633,2457,842,3
377,2410,1727,1537,1325,2482,652,634,2712,2457,842,3
378,2410,1730,1538,1325,2482,653,631,2802,2457,842,3
379,2396,1730,1538,1323,2483,652,630,2840,2457,842,3
380,2420,1730,1538,1322,2481,653,630,2830,2458,841,3
381,2402,1719,1538,1323,2480,651,632,2722,2458,842,3
382,2403,1720,1539,1322,2482,652,631,2632,2458,843,3
383,2394,1729,1537,1321,2482,653,631,2650,2456,840,3
384,2406,1745,1537,1320,2482,652,629,2746,2458,841,3
385,2406,1730,1539,1318,2481,653,630,2814,2458,840,3
386,2404,1734,1538,1325,2482,653,630,2838,2458,842,3
387,2385,1728,1537,1316,2482,653,631,2800,2458,842,3
388,2406,1728,1537,1314,2482,652,628,2691,2458,842,3
389,2394,1729,1539,1314,2482,651,629,2627,2459,843,3
390,2402,1723,1539,1315,2482,654,627,2673,2458,841,3
391,2400,1731,1539,1311,2481,653,629,2767,2459,841,3
392,2403,1746,1538,1313,2483,652,630,2829,2459,843,3
393,2400,1732,1538,1311,2483,653,624,2836,2458,841,3
394,2402,1728,1540,1310,2482,654,627,2760,2459,841,3
395,2408,1732,1540,1309,2481,654,626,2664,2460,840,3
396,2402,1734,1538,1309,2482,652,628,2630,2460,842,3
397,2403,1728,1539,1308,2482,651,630,2702,2459,842,3
398,2406,1738,1539,1307,2483,653,626,2796,2458,841,3
399,2376,1730,1539,1306,2483,652,627,2839,2461,841,3
400,2402,1724,1540,1303,2482,654,626,2829,2460,841,3
401,2399,1725,1539,1303,2482,654,626,2723,2459,842,3
402,2406,1725,1538,1306,2481,653,628,2637,2460,842,3
403,2401,1745,1540,1302,2482,652,625,2646,2459,841,3
404,2407,1739,1540,1302,2482,654,626,2735,2457,842,3
405,2385,1726,1539,1303,2477,652,626,2814,2462,842,3
406,2365,1731,1539,1301,2483,653,626,2841,2459,842,3
407,2406,1730,1539,1302,2482,653,618,2801,2460,842,3
408,2393,1729,1538,1301,2483,653,625,2690,2460,841,3
409,2409,1734,1539,1300,2483,652,622,2627,2459,841,3
410,2394,1728,1538,1300,2483,653,626,2659,2460,846,3
411,2406,1734,1539,1299,2482,653,624,2763,2462,840,3
412,2406,1737,1540,1298,2484,652,625,2827,2461,842,3
413,2406,1725,1538,1298,2483,654,624,2838,2461,842,3
414,2426,1732,1540,1299,2482,651,624,2766,2462,842,3
415,2397,1728,1539,1298,2480,653,622,2658,2462,840,3
416,2402,1732,1540,1296,2482,653,621,2624,2461,842,3
417,2401,1731,1542,1298,2483,653,623,2690,2462,841,3
418,2406,1739,1538,1295,2482,653,622,2787,2460,842,3
419,2433,1732,1540,1295,2482,654,621,2827,2462,841,3
420,2401,1724,1539,1295,2480,653,622,2831,2462,841,3
421,2374,1728,1540,1295,2482,652,624,2734,2462,841,3
422,2406,1738,1540,1294,2484,653,622,2635,2462,841,3
423,2402,1728,1540,1294,2482,654,622,2635,2461,840,3
424,2370,1726,1540,1294,2483,653,620,2722,2462,840,3
425,2408,1734,1540,1293,2481,653,620,2802,2464,839,3
426,2403,1718,1540,1292,2482,653,622,2834,2462,842,3
427,2383,1726,1541,1294,2478,653,620,2811,2462,842,3
428,2416,1732,1539,1291,2490,654,619,2691,2462,841,3
429,2387,1728,1539,1291,2484,653,621,2626,2465,842,3
430,2408,1728,1540,1291,2482,654,621,2655,2464,840,3
431,2406,1734,1539,1291,2481,653,622,2752,2464,841,3
432,2406,1739,1539,1290,2482,653,621,2819,2466,841,3
433,2403,1736,1540,1289,2483,654,618,2834,2462,842,3
434,2408,1730,1539,1290,2482,654,619,2779,2463,841,3
435,2406,1736,1540,1290,2484,653,619,2663,2466,841,3
436,2407,1729,1540,1289,2482,653,619,2626,2464,842,3
437,2406,1733,1540,1287,2483,654,618,2678,2463,842,3
438,2410,1734,1539,1288,2488,654,618,2773,2462,842,3
439,2406,1736,1540,1289,2482,655,619,2830,2464,841,3
440,2402,1728,1542,1287,2482,654,618,2831,2464,840,3
441,2402,1728,1540,1290,2483,654,622,2738,2464,841,3
442,2403,1736,1540,1288,2482,654,619,2636,2464,842,3
443,2426,1733,1540,1287,2482,655,618,2629,2462,842,3
444,2403,1726,1542,1288,2482,654,612,2708,2465,841,3
445,2408,1736,1540,1287,2482,654,620,2802,2465,842,3
446,2392,1730,1540,1288,2482,653,620,2830,2464,842,3
447,2407,1734,1542,1288,2481,653,620,2819,2466,842,3
448,2404,1733,1538,1286,2482,655,619,2707,2466,840,3
449,2404,1720,1540,1284,2483,648,618,2619,2465,840,3
450,2406,1730,1541,1288,2481,654,619,2649,2466,841,3
451,2410,1738,1539,1288,2483,653,620,2746,2466,843,3
452,2406,1714,1540,1285,2483,655,620,2808,2465,842,3
453,2398,1729,1540,1285,2483,654,618,2832,2465,842,3
454,2408,1732,1540,1286,2482,654,618,2782,2466,841,3
455,2411,1733,1540,1286,2482,654,618,2674,2467,840,3
456,2395,1730,1545,1286,2484,653,620,2624,2466,842,3
457,2402,1726,1542,1286,2483,653,619,2671,2467,842,3
458,2398,1731,1540,1286,2482,654,620,2767,2466,842,3
459,2412,1731,1540,1285,2482,654,620,2824,2467,842,3
460,2408,1738,1542,1286,2482,654,619,2835,2466,842,3
461,2411,1736,1542,1287,2483,653,618,2753,2467,842,3
462,2406,1735,1542,1285,2483,654,620,2647,2468,842,3
463,2404,1734,1542,1284,2483,655,618,2626,2467,840,3
464,2403,1734,1542,1285,2482,654,620,2699,2467,842,3
465,2424,1736,1530,1284,2483,655,618,2787,2468,840,3
466,2416,1731,1542,1286,2482,654,621,2828,2467,842,3
467,2408,1753,1539,1284,2482,655,620,2828,2467,842,3
468,2402,1754,1541,1286,2482,654,618,2723,2467,841,3
469,2408,1723,1541,1285,2483,654,619,2632,2468,842,3
470,2410,1732,1541,1283,2483,655,619,2644,2468,842,3
471,2410,1733,1542,1284,2484,654,618,2734,2469,841,3
472,2402,1732,1540,1284,2483,653,620,2802,2468,846,3
473,2399,1733,1541,1283,2483,654,619,2840,2467,841,3
474,2392,1731,1540,1284,2483,653,619,2803,2470,841,3
475,2406,1734,1542,1285,2483,654,621,2682,2469,842,3
476,2401,1732,1542,1285,2483,654,620,2619,2469,842,3
477,2406,1738,1540,1283,2483,655,620,2658,2468,842,3
478,2408,1738,1540,1284,2483,655,620,2757,2468,842,3
479,2403,1732,1540,1283,2482,656,620,2823,2469,843,3
480,2408,1736,1541,1284,2483,656,619,2835,2470,843,3
481,2401,1730,1542,1283,2483,654,619,2772,2470,843,3
482,2408,1734,1541,1285,2484,654,620,2664,2470,842,3
483,2398,1732,1542,1282,2479,656,618,2630,2468,842,3
484,2414,1734,1543,1283,2484,655,619,2689,2471,842,3
485,2392,1734,1541,1283,2483,655,618,2786,2470,843,3
486,2410,1737,1541,1283,2483,656,620,2830,2469,843,3
487,2414,1734,1542,1284,2484,655,620,2834,2470,842,3
488,2406,1750,1540,1283,2486,656,619,2728,2471,841,3
489,2410,1734,1542,1283,2483,655,619,2640,2470,842,3
490,2410,1734,1542,1283,2483,655,620,2639,2471,842,3
491,2434,1734,1542,1283,2483,655,620,2717,2472,843,3
492,2423,1734,1538,1284,2483,655,620,2798,2472,842,3
493,2410,1723,1541,1284,2483,656,621,2836,2472,843,3
494,2406,1736,1543,1282,2484,656,620,2808,2471,842,3
495,2410,1736,1543,1283,2483,655,620,2697,2472,847,3
496,2411,1733,1540,1282,2486,655,620,2629,2472,842,3
497,2414,1733,1542,1282,2484,654,621,2654,2472,843,3
498,2410,1732,1542,1282,2485,655,619,2750,2471,844,3
499,2444,1734,1542,1283,2484,656,619,2811,2471,841,3
500,2406,1733,1543,1284,2483,656,620,2834,2472,841,3
501,2410,1736,1542,1283,2483,655,622,2782,2472,843,3
502,2410,1734,1541,1281,2483,656,621,2670,2472,842,3
503,2411,1733,1542,1282,2486,656,620,2625,2472,843,3
504,2408,1732,1542,1282,2484,655,620,2680,2472,844,3
505,2413,1732,1542,1283,2484,656,619,2766,2473,843,3
506,2409,1729,1542,1283,2484,657,622,2822,2473,843,3
507,2411,1715,1542,1281,2484,656,619,2830,2473,843,3
508,2391,1730,1544,1281,2486,655,620,2752,2473,843,3
509,2409,1730,1543,1282,2484,656,619,2649,2472,841,3
510,2411,1731,1543,1281,2485,655,620,2634,2474,840,3
511,2408,1723,1542,1282,2484,655,622,2709,2474,844,3
512,2409,1740,1543,1282,2485,656,620,2790,2474,843,3
513,2418,1734,1542,1281,2486,656,620,2835,2474,842,3
514,2414,1736,1544,1282,2483,657,619,2826,2474,842,3
515,2423,1732,1541,1281,2484,657,620,2714,2474,843,3
516,2408,1738,1544,1283,2485,656,622,2628,2474,843,3
517,2404,1734,1544,1282,2484,656,622,2648,2474,843,3
518,2411,1742,1543,1281,2484,656,621,2739,2475,842,3
519,2410,1734,1544,1283,2483,657,620,2804,2476,842,3
520,2414,1721,1544,1282,2486,655,621,2834,2475,843,3
521,2419,1739,1544,1281,2485,656,620,2799,2474,843,3
522,2413,1739,1542,1275,2484,657,620,2688,2474,844,3
523,2402,1734,1543,1281,2485,656,620,2622,2474,844,3
524,2407,1738,1543,1283,2484,657,620,2668,2474,844,3
525,2420,1738,1544,1281,2486,657,619,2762,2475,843,3
526,2418,1737,1544,1282,2485,656,621,2818,2475,843,3
527,2411,1732,1542,1282,2485,656,620,2830,2474,844,3
528,2398,1733,1544,1280,2486,656,620,2770,2475,843,3
529,2415,1731,1545,1278,2484,656,621,2663,2477,842,3
530,2406,1734,1544,1282,2486,656,621,2625,2478,842,3
531,2401,1735,1544,1280,2486,656,621,2696,2476,844,3
532,2416,1740,1544,1280,2486,657,621,2785,2475,843,3
533,2432,1734,1544,1280,2485,655,620,2830,2475,843,3
534,2410,1736,1544,1281,2486,657,620,2832,2478,843,3
535,2416,1737,1544,1278,2485,657,621,2734,2477,843,3
536,2410,1735,1544,1280,2486,656,621,2634,2477,843,3
537,2412,1744,1543,1281,2485,656,618,2634,2477,844,3
538,2417,1745,1543,1278,2486,656,621,2723,2476,843,3
539,2410,1732,1545,1280,2486,655,619,2798,2479,843,3
540,2414,1738,1544,1277,2486,657,621,2832,2478,843,3
541,2411,1730,1544,1278,2486,658,626,2818,2477,842,3
542,2428,1738,1545,1282,2485,657,620,2696,2478,844,3
543,2411,1737,1544,1280,2478,656,620,2630,2479,843,3
544,2418,1738,1545,1280,2480,656,622,2656,2478,844,3
545,2411,1732,1545,1278,2487,657,619,2746,2474,843,3
546,2417,1738,1544,1280,2486,657,620,2818,2478,844,3
547,2414,1734,1544,1280,2486,657,620,2834,2480,844,3
548,2416,1741,1544,1278,2486,657,622,2781,2477,844,3
549,2414,1739,1546,1278,2486,656,624,2677,2478,844,3
550,2430,1738,1546,1280,2487,658,619,2619,2479,843,3
551,2398,1736,1549,1278,2488,657,620,2680,2479,844,3
552,2411,1752,1545,1278,2488,658,621,2771,2480,844,3
553,2414,1720,1544,1277,2488,656,620,2825,2478,843,3
554,2418,1749,1544,1278,2487,657,621,2834,2479,845,3
555,2426,1736,1547,1277,2485,657,619,2744,2480,845,3
556,2398,1739,1549,1276,2488,658,621,2650,2479,844,3
557,2413,1747,1545,1278,2486,658,623,2632,2479,844,3
558,2414,1744,1546,1276,2486,657,614,2699,2479,844,3
559,2416,1732,1546,1276,2487,657,626,2799,2478,843,3
560,2411,1735,1545,1277,2486,657,620,2829,2479,844,3
561,2424,1739,1546,1278,2488,657,620,2824,2480,844,3
562,2418,1734,1544,1276,2488,658,619,2719,2480,845,3
563,2414,1737,1546,1275,2487,657,619,2635,2480,844,3
564,2419,1733,1547,1275,2488,658,618,2647,2482,843,3
565,2416,1725,1546,1275,2488,658,619,2733,2482,844,3
566,2418,1755,1544,1275,2488,659,622,2806,2480,844,3
567,2410,1736,1545,1274,2488,659,619,2831,2481,842,3
568,2419,1739,1546,1276,2488,659,618,2802,2479,843,3
569,2415,1729,1546,1275,2490,657,619,2680,2480,843,3
570,2407,1736,1545,1276,2484,658,620,2626,2481,844,3
571,2429,1736,1547,1275,2488,658,619,2658,2482,844,3
572,2414,1740,1546,1275,2488,660,621,2758,2480,844,3
573,2418,1738,1545,1274,2488,658,618,2822,2480,843,3
574,2414,1739,1546,1275,2485,659,619,2837,2482,844,3
575,2415,1731,1547,1274,2488,659,624,2773,2480,845,3
576,2415,1741,1545,1274,2488,659,620,2657,2481,842,3
577,2418,1746,1547,1274,2488,658,618,2627,2482,843,3
578,2418,1716,1545,1274,2490,659,616,2690,2481,843,3
579,2419,1736,1547,1275,2488,659,618,2785,2483,843,3
580,2414,1733,1546,1275,2487,653,620,2827,2482,844,3
581,2415,1755,1546,1274,2489,658,620,2832,2482,844,3
582,2413,1738,1547,1275,2489,660,618,2728,2482,843,3
583,2420,1743,1546,1274,2488,659,619,2638,2482,843,3
584,2421,1739,1547,1275,2488,657,618,2633,2483,843,3
585,2420,1739,1547,1275,2488,658,618,2721,2483,845,3
586,2415,1725,1548,1275,2488,658,618,2795,2482,844,3
587,2421,1742,1546,1275,2489,659,620,2834,2481,844,3
588,2419,1731,1546,1273,2490,658,618,2810,2482,843,3
589,2419,1736,1548,1275,2488,658,617,2702,2483,843,3
590,2414,1732,1547,1274,2487,658,619,2627,2483,843,3
591,2420,1733,1546,1273,2490,657,616,2651,2483,843,3
592,2414,1730,1547,1274,2489,657,618,2743,2483,844,3
593,2418,1734,1547,1273,2488,658,618,2818,2483,844,3
594,2419,1738,1548,1273,2490,658,619,2838,2483,844,3
595,2417,1736,1547,1274,2488,658,617,2786,2484,843,3
596,2416,1736,1547,1273,2489,659,620,2674,2484,846,3
597,2415,1733,1546,1272,2489,658,617,2625,2484,844,3
598,2412,1739,1549,1273,2488,658,618,2681,2484,845,3
599,2410,1738,1548,1272,2490,658,618,2769,2484,844,3
600,2412,1739,1548,1273,2489,657,620,2829,2484,844,3
601,2413,1738,1548,1274,2490,658,619,2830,2484,844,3
602,2401,1735,1546,1273,2489,659,619,2748,2484,846,3
603,2418,1735,1548,1272,2489,657,620,2646,2485,845,3
604,2419,1738,1549,1273,2489,659,619,2633,2484,844,3
605,2419,1731,1548,1273,2489,658,619,2702,2484,845,3
606,2419,1738,1549,1271,2490,660,617,2794,2484,843,3
607,2419,1734,1548,1274,2489,659,614,2826,2484,844,3
608,2424,1740,1547,1271,2490,659,618,2820,2484,844,3
609,2383,1739,1547,1272,2491,659,618,2718,2484,844,3
610,2429,1740,1549,1272,2489,659,624,2634,2484,846,3
611,2422,1741,1550,1272,2490,657,618,2645,2487,846,3
612,2413,1738,1547,1273,2490,659,618,2730,2486,844,3
613,2420,1754,1548,1272,2491,658,618,2808,2485,844,3
614,2419,1742,1549,1273,2490,658,618,2838,2484,845,3
615,2419,1740,1548,1272,2490,658,618,2800,2486,845,3
616,2398,1738,1549,1272,2491,660,618,2683,2486,845,3
617,2426,1741,1546,1271,2491,660,617,2617,2486,845,3
618,2423,1746,1550,1272,2490,657,618,2664,2487,844,3
619,2422,1744,1547,1271,2491,659,618,2757,2486,844,3
620,2418,1734,1548,1272,2491,659,626,2827,2486,844,3
621,2416,1737,1549,1271,2483,658,619,2835,2486,846,3
622,2419,1738,1548,1272,2492,660,618,2758,2486,846,3
623,2425,1738,1550,1271,2491,659,617,2662,2491,845,3
624,2423,1743,1549,1272,2490,659,621,2624,2488,845,3
625,2418,1753,1548,1272,2491,661,618,2695,2486,846,3
626,2416,1736,1550,1272,2490,659,618,2787,2486,846,3
627,2419,1738,1548,1272,2492,659,619,2824,2486,846,3
628,2426,1741,1550,1271,2492,658,618,2833,2491,844,3
629,2425,1743,1550,1272,2491,659,619,2726,2488,845,3
630,2427,1744,1550,1270,2492,659,619,2632,2487,844,3
631,2412,1738,1550,1272,2493,659,618,2639,2487,844,3
632,2426,1738,1550,1272,2491,659,616,2720,2486,844,3
633,2424,1746,1549,1272,2490,658,618,2802,2487,845,3
634,2420,1742,1550,1272,2491,659,618,2830,2487,845,3
635,2424,1737,1552,1272,2491,659,618,2810,2488,846,3
636,2433,1739,1547,1271,2493,659,619,2698,2487,846,3
637,2454,1743,1549,1272,2492,660,619,2620,2487,844,3
638,2419,1762,1550,1269,2492,659,623,2658,2488,844,3
639,2413,1739,1549,1271,2492,658,618,2755,2489,845,3
640,2426,1739,1551,1272,2491,659,618,2811,2488,845,3
641,2423,1747,1550,1269,2493,659,618,2835,2487,843,3
642,2421,1736,1550,1270,2492,659,617,2773,2489,844,3
643,2418,1740,1550,1270,2493,659,616,2664,2488,844,3
644,2425,1745,1550,1269,2491,659,616,2626,2489,843,3
645,2418,1736,1550,1271,2493,657,619,2678,2490,845,3
646,2422,1739,1550,1269,2492,660,618,2770,2488,844,3
647,2423,1742,1550,1270,2492,658,619,2830,2488,845,3
648,2416,1738,1549,1269,2496,659,618,2830,2488,844,3
649,2422,1740,1551,1271,2494,659,617,2742,2489,846,3
650,2424,1744,1551,1270,2497,658,618,2637,2490,845,3
651,2417,1739,1551,1270,2493,659,618,2629,2489,845,3
652,2428,1744,1551,1270,2494,659,618,2713,2488,846,3
653,2426,1746,1553,1271,2492,658,620,2799,2490,845,3
654,2419,1737,1551,1268,2494,659,618,2828,2489,845,3
655,2432,1747,1551,1270,2493,658,617,2818,2490,843,3
656,2420,1741,1551,1270,2493,660,618,2709,2489,846,3
657,2425,1740,1552,1270,2494,660,619,2619,2490,846,3
658,2427,1746,1551,1271,2494,658,618,2650,2489,844,3
659,2419,1740,1551,1270,2487,659,618,2746,2490,846,3
660,2430,1742,1551,1268,2496,659,616,2807,2490,844,3
661,2424,1754,1552,1270,2494,660,619,2834,2490,846,3
662,2421,1747,1552,1270,2493,659,620,2784,2490,846,3
663,2443,1741,1552,1271,2494,660,617,2672,2490,844,3
664,2425,1740,1552,1271,2493,659,617,2625,2490,846,3
665,2426,1746,1553,1270,2493,658,619,2671,2490,846,3
666,2418,1739,1551,1270,2496,659,618,2765,2490,844,3
667,2426,1746,1552,1270,2496,660,619,2825,2490,846,3
668,2424,1742,1552,1270,2497,659,618,2838,2490,845,3
669,2422,1734,1553,1269,2494,662,616,2745,2491,845,3
670,2427,1758,1552,1268,2496,659,618,2651,2491,845,3
671,2411,1739,1552,1270,2498,660,618,2630,2490,846,3
672,2421,1738,1553,1270,2493,660,618,2698,2491,845,3
673,2424,1742,1552,1270,2496,658,616,2795,2491,844,3
674,2428,1744,1552,1270,2493,659,618,2832,2492,845,3
675,2426,1736,1552,1269,2494,659,618,2820,2490,846,3
676,2433,1740,1554,1270,2494,660,618,2712,2490,846,3
677,2395,1740,1551,1271,2496,660,618,2630,2491,846,3
678,2423,1743,1552,1268,2496,660,618,2639,2490,846,3
679,2420,1738,1553,1270,2493,659,618,2734,2491,845,3
680,2432,1746,1553,1269,2495,659,617,2808,2492,845,3
681,2422,1743,1554,1270,2496,659,618,2835,2493,846,3
682,2460,1742,1554,1270,2497,659,616,2793,2490,847,3
683,2426,1740,1553,1269,2497,660,617,2683,2491,845,3
684,2429,1743,1553,1269,2496,660,618,2620,2492,845,3
685,2424,1735,1553,1276,2496,660,618,2664,2492,846,3
686,2440,1739,1554,1270,2496,660,618,2760,2493,846,3
687,2427,1742,1553,1269,2496,660,619,2822,2494,846,3
688,2426,1743,1554,1269,2497,659,618,2838,2491,845,3
689,2426,1734,1554,1277,2494,662,617,2754,2493,846,3
690,2424,1742,1552,1268,2497,662,618,2654,2492,846,3
691,2434,1746,1554,1269,2497,660,618,2627,2498,846,3
692,2426,1735,1553,1270,2497,660,618,2694,2491,846,3
693,2434,1743,1547,1269,2498,659,617,2787,2491,845,3
694,2427,1739,1554,1270,2497,659,618,2832,2493,840,3
695,2426,1746,1554,1267,2497,660,619,2830,2492,846,3
696,2427,1734,1554,1268,2497,661,618,2715,2494,846,3
697,2427,1738,1552,1269,2498,660,618,2631,2493,846,3
698,2426,1747,1554,1268,2496,660,617,2643,2493,846,3
699,2424,1744,1555,1270,2499,659,618,2735,2494,846,3
700,2443,1742,1554,1269,2497,661,617,2802,2493,845,3
701,2425,1741,1554,1269,2498,661,618,2826,2494,846,3
702,2416,1745,1552,1268,2498,660,620,2802,2494,846,3
703,2429,1746,1553,1268,2498,660,620,2681,2493,850,3
704,2424,1740,1555,1268,2498,661,619,2619,2496,846,3
705,2429,1758,1554,1268,2497,659,622,2664,2494,845,3
706,2432,1742,1553,1267,2498,662,618,2761,2500,846,3
707,2425,1738,1554,1268,2497,661,619,2818,2492,846,3
708,2450,1746,1554,1268,2498,662,617,2831,2493,845,3
709,2427,1743,1555,1270,2500,660,618,2765,2494,846,3
710,2416,1746,1554,1268,2499,662,610,2654,2492,846,3
711,2430,1747,1556,1268,2498,662,619,2622,2496,850,3
712,2427,1743,1553,1269,2506,660,618,2690,2494,846,3
713,2427,1738,1554,1268,2499,660,615,2789,2493,845,3
714,2434,1741,1556,1268,2498,661,618,2831,2493,846,3
715,2427,1731,1555,1269,2498,659,617,2826,2496,846,3
716,2425,1742,1555,1270,2499,661,620,2722,2496,847,3
717,2426,1751,1555,1267,2498,662,619,2634,2493,846,3
718,2421,1746,1554,1268,2499,660,618,2642,2494,844,3
719,2428,1746,1554,1267,2498,660,619,2732,2496,846,3
720,2455,1744,1555,1269,2498,661,618,2799,2498,845,3
