Time,NO2,C2H5CH,VOC,CO,Temperature,Pressure,Humidity,Gas Resistance
0,95,75,261,303,15.57,1018.52,26.99,832.82
1,95,76,261,303,15.57,1018.53,26.99,835.92
2,94,76,261,304,15.57,1018.52,26.99,831.79
3,94,76,261,303,15.57,1018.52,26.98,836.44
4,95,76,261,303,15.57,1018.52,26.98,840.10
5,95,75,261,303,15.57,1018.52,26.99,838.53
6,95,76,261,303,15.57,1018.53,26.98,838.01
7,94,75,260,302,15.57,1018.53,26.98,841.15
8,94,76,260,303,15.57,1018.53,26.98,839.58
9,95,76,261,303,15.57,1018.54,26.98,834.88
10,94,75,259,303,15.57,1018.53,26.97,841.15
11,94,75,260,303,15.57,1018.53,26.97,830.76
12,94,75,260,302,15.57,1018.55,26.97,833.85
13,95,76,259,303,15.57,1018.55,26.97,832.82
14,95,75,260,302,15.57,1018.55,26.97,841.15
15,94,75,259,302,15.57,1018.55,26.96,833.33
16,94,75,260,302,15.57,1018.55,26.96,840.10
17,95,75,259,302,15.57,1018.55,26.96,840.62
18,94,75,259,302,15.57,1018.55,26.95,839.58
19,94,75,260,302,15.57,1018.55,26.96,839.05
20,94,75,258,301,15.57,1018.56,26.94,839.05
21,94,75,259,301,15.57,1018.57,26.94,838.53
22,94,75,259,301,15.57,1018.59,26.94,840.10
23,94,75,259,302,15.57,1018.60,26.94,836.44
24,94,75,259,301,15.57,1018.61,26.95,838.53
25,94,75,258,301,15.57,1018.62,26.94,840.10
26,94,75,258,302,15.57,1018.62,26.92,843.26
27,94,75,258,301,15.57,1018.62,26.94,838.53
28,94,75,259,301,15.57,1018.63,26.92,843.79
29,94,75,258,301,15.57,1018.63,26.92,842.20
30,94,74,258,301,15.57,1018.62,26.92,847.51
31,94,74,258,300,15.57,1018.61,26.91,842.20
32,94,74,257,301,15.58,1018.61,26.93,845.38
33,94,74,258,300,15.58,1018.59,26.92,842.20
34,93,74,258,301,15.58,1018.58,26.91,843.26
35,93,75,258,301,15.58,1018.56,26.91,840.10
36,93,74,257,301,15.58,1018.56,26.90,845.38
37,93,75,258,300,15.58,1018.54,26.91,840.10
38,94,75,257,301,15.58,1018.53,26.90,844.32
39,94,75,258,301,15.58,1018.52,26.89,844.32
40,93,74,258,300,15.57,1018.52,26.90,844.32
41,94,74,257,301,15.58,1018.51,26.89,839.58
42,94,75,257,300,15.58,1018.52,26.88,844.32
43,94,74,257,300,15.58,1018.53,26.87,846.98
44,94,75,257,300,15.57,1018.54,26.87,845.38
45,94,74,257,301,15.58,1018.56,26.87,844.32
46,93,75,257,301,15.58,1018.57,26.88,839.58
47,94,74,257,300,15.58,1018.56,26.87,847.51
48,94,74,257,299,15.58,1018.56,26.87,847.51
49,94,74,256,300,15.58,1018.56,26.85,840.10
50,94,74,256,300,15.58,1018.56,26.85,846.44
51,93,74,256,300,15.58,1018.54,26.86,847.51
52,93,74,256,299,15.58,1018.54,26.86,848.58
53,93,74,256,299,15.58,1018.54,26.84,843.26
54,94,74,255,300,15.58,1018.55,26.85,847.51
55,93,74,256,299,15.58,1018.55,26.85,840.10
56,94,73,256,300,15.58,1018.55,26.85,847.51
57,94,74,256,299,15.58,1018.56,26.84,843.26
58,93,73,256,300,15.58,1018.56,26.84,845.91
59,94,73,255,300,15.58,1018.57,26.83,846.98
60,93,73,255,300,15.58,1018.56,26.85,846.44
61,93,74,254,300,15.58,1018.56,26.84,844.32
62,93,73,255,300,15.58,1018.56,26.82,843.26
63,93,73,254,300,15.58,1018.56,26.83,846.98
64,93,73,255,300,15.58,1018.56,26.83,848.58
65,93,73,256,300,15.58,1018.56,26.83,847.51
66,93,74,256,300,15.58,1018.56,26.83,848.04
67,93,73,254,299,15.58,1018.56,26.82,843.79
68,93,73,255,299,15.58,1018.57,26.83,849.65
69,93,73,255,300,15.58,1018.57,26.82,845.38
70,94,73,255,300,15.58,1018.56,26.82,846.98
71,93,73,255,300,15.58,1018.56,26.81,853.43
72,93,73,254,300,15.58,1018.55,26.81,848.58
73,93,74,256,302,15.58,1018.54,26.82,845.91
74,94,73,257,302,15.58,1018.55,26.82,847.51
75,95,73,257,303,15.58,1018.55,26.82,841.15
76,95,74,258,303,15.58,1018.56,26.81,840.10
77,95,73,258,303,15.58,1018.58,26.83,838.01
78,95,73,259,305,15.58,1018.59,26.82,839.05
79,94,73,260,306,15.58,1018.58,26.84,834.88
80,96,73,260,306,15.58,1018.58,26.84,831.79
81,96,74,260,307,15.58,1018.57,26.87,836.96
82,96,73,259,306,15.58,1018.57,26.87,834.37
83,95,73,258,307,15.58,1018.57,26.90,836.96
84,96,73,258,307,15.58,1018.55,26.94,833.85
85,95,73,260,308,15.58,1018.54,26.94,829.73
86,95,74,259,308,15.58,1018.54,26.98,828.20
87,95,73,260,309,15.58,1018.53,27.01,830.76
88,96,73,260,309,15.58,1018.52,27.03,827.69
89,95,73,260,309,15.58,1018.53,27.06,827.18
90,96,73,260,310,15.58,1018.52,27.10,829.73
91,95,74,260,309,15.58,1018.53,27.11,832.82
92,95,73,259,310,15.58,1018.53,27.14,820.62
93,95,73,259,309,15.58,1018.53,27.18,828.20
94,95,73,257,309,15.58,1018.54,27.20,822.63
95,94,73,257,308,15.58,1018.54,27.22,823.64
96,94,73,258,308,15.58,1018.54,27.26,827.18
97,94,72,256,308,15.58,1018.54,27.28,828.71
98,94,73,257,308,15.58,1018.54,27.31,829.73
99,93,73,256,307,15.58,1018.55,27.33,838.01
100,93,72,256,307,15.58,1018.55,27.34,831.79
101,94,73,256,307,15.58,1018.57,27.36,839.58
102,93,73,257,307,15.58,1018.58,27.36,832.82
103,94,72,257,306,15.58,1018.59,27.38,829.22
104,94,73,256,307,15.58,1018.60,27.40,832.82
105,93,72,256,306,15.58,1018.61,27.41,836.96
106,93,72,256,307,15.58,1018.61,27.41,830.25
107,93,72,256,306,15.58,1018.61,27.42,835.92
108,92,72,256,306,15.58,1018.61,27.43,836.44
109,93,72,255,306,15.58,1018.60,27.44,839.05
110,93,73,255,306,15.58,1018.60,27.43,839.05
111,93,72,256,306,15.58,1018.59,27.45,836.44
112,93,72,255,306,15.58,1018.57,27.45,833.85
113,92,72,255,306,15.58,1018.57,27.45,842.73
114,92,72,255,306,15.58,1018.56,27.47,841.15
115,92,72,254,306,15.58,1018.55,27.46,837.48
116,92,72,254,306,15.58,1018.54,27.46,836.96
117,92,72,254,306,15.58,1018.54,27.46,839.05
118,93,72,253,306,15.58,1018.56,27.46,836.44
119,92,72,254,304,15.58,1018.56,27.46,843.26
120,93,71,253,305,15.58,1018.56,27.45,843.26
121,92,72,253,305,15.58,1018.56,27.45,844.85
122,92,72,253,305,15.58,1018.56,27.46,838.53
123,104,75,260,315,15.58,1018.57,27.45,799.64
124,128,78,265,324,15.58,1018.56,27.44,756.89
125,149,80,272,338,15.58,1018.57,27.46,720.07
126,166,81,276,349,15.58,1018.57,27.48,688.35
127,178,83,277,356,15.59,1018.57,27.52,663.21
128,184,84,280,363,15.59,1018.58,27.58,646.61
129,189,85,281,368,15.59,1018.59,27.66,628.46
130,191,85,282,374,15.59,1018.60,27.76,623.79
131,193,86,284,377,15.59,1018.60,27.88,613.54
132,195,87,285,380,15.59,1018.60,27.99,610.75
133,197,87,287,384,15.59,1018.59,28.12,600.92
134,198,88,287,387,15.59,1018.61,28.25,602.54
135,197,88,287,388,15.59,1018.61,28.38,601.46
136,195,88,288,389,15.59,1018.62,28.53,601.46
137,194,89,288,390,15.59,1018.62,28.66,602.00
138,193,89,289,390,15.59,1018.63,28.80,599.85
139,191,89,289,390,15.59,1018.64,28.95,605.25
140,190,90,290,389,15.59,1018.93,29.09,605.25
141,188,89,293,391,15.60,1019.51,29.22,606.89
142,186,89,293,393,15.60,1019.95,29.34,605.80
143,184,89,294,393,15.61,1020.28,29.49,606.89
144,183,89,295,395,15.62,1020.53,29.61,607.99
145,180,89,295,397,15.63,1020.72,29.74,605.80
146,178,89,296,397,15.64,1020.85,29.85,605.80
147,178,90,296,398,15.65,1020.96,29.98,608.54
148,176,90,297,399,15.66,1021.04,30.08,609.09
149,176,89,297,400,15.67,1021.09,30.19,609.09
150,175,89,299,401,15.67,1021.13,30.30,609.09
151,173,90,298,402,15.68,1021.17,30.39,610.75
152,173,90,300,403,15.69,1021.20,30.48,607.99
153,172,90,300,405,15.69,1021.23,30.57,607.44
154,172,91,300,405,15.70,1021.23,30.65,611.31
155,172,90,301,406,15.70,1021.25,30.73,610.20
156,170,90,301,406,15.70,1021.27,30.80,611.87
157,171,90,301,407,15.71,1021.28,30.85,612.98
158,170,90,302,407,15.71,1021.29,30.92,611.87
159,169,90,302,408,15.72,1021.29,30.98,611.87
160,169,91,302,409,15.72,1021.29,31.05,607.44
161,169,91,303,409,15.72,1021.29,31.10,611.87
162,169,91,303,410,15.73,1021.29,31.14,612.98
163,168,91,303,410,15.73,1021.28,31.20,612.98
164,168,91,304,410,15.73,1021.28,31.24,612.42
165,167,91,304,411,15.73,1021.29,31.28,613.54
166,167,91,304,411,15.74,1021.29,31.33,614.66
167,167,92,304,412,15.74,1021.29,31.37,611.31
168,166,91,304,412,15.74,1021.29,31.39,618.06
169,166,91,304,412,15.74,1021.29,31.43,615.23
170,166,92,304,413,15.75,1021.29,31.46,611.31
171,166,92,305,413,15.75,1021.30,31.49,614.10
172,166,92,305,413,15.75,1021.29,31.51,614.66
173,165,92,305,413,15.75,1021.29,31.53,615.23
174,165,93,305,413,15.75,1021.29,31.57,616.92
175,165,92,305,413,15.75,1021.29,31.58,618.06
176,165,92,305,414,15.76,1021.29,31.60,618.63
177,164,92,305,414,15.76,1021.29,31.62,616.92
178,164,93,306,413,15.76,1021.29,31.64,616.36
179,164,93,306,414,15.76,1021.30,31.65,619.20
180,163,93,306,414,15.76,1021.31,31.66,618.63
181,163,93,306,414,15.76,1021.30,31.68,616.92
182,163,93,306,414,15.76,1021.30,31.69,620.34
183,163,93,306,414,15.76,1021.30,31.70,620.34
184,163,93,306,414,15.77,1021.29,31.72,620.34
185,163,94,307,414,15.77,1021.29,31.72,620.91
186,162,94,307,414,15.77,1021.29,31.73,616.36
187,162,93,306,414,15.77,1021.30,31.73,621.49
188,162,94,307,414,15.77,1021.30,31.73,619.77
189,162,94,306,415,15.77,1021.30,31.74,623.22
190,161,94,307,414,15.77,1021.29,31.76,622.64
191,161,94,308,414,15.77,1021.29,31.75,619.20
192,161,95,307,414,15.77,1021.28,31.76,621.49
193,161,95,307,414,15.77,1021.27,31.74,620.91
194,161,95,307,414,15.77,1021.27,31.75,622.06
195,161,95,307,414,15.77,1021.26,31.76,622.06
196,161,94,307,414,15.77,1021.26,31.76,620.34
197,161,95,308,414,15.77,1021.27,31.76,622.64
198,161,95,308,414,15.77,1021.28,31.76,624.96
199,161,95,308,414,15.77,1021.28,31.75,623.79
200,161,95,308,413,15.77,1021.29,31.75,624.96
201,161,95,308,414,15.77,1021.29,31.75,624.96
202,160,96,308,413,15.77,1021.29,31.74,623.79
203,160,95,308,414,15.77,1021.28,31.73,625.54
204,160,96,308,413,15.77,1021.28,31.73,624.37
205,160,95,308,413,15.78,1021.28,31.74,623.79
206,160,96,309,413,15.78,1021.28,31.72,625.54
207,160,96,308,413,15.78,1021.28,31.72,624.37
208,159,96,308,413,15.78,1021.28,31.72,624.96
209,160,95,309,413,15.78,1021.28,31.71,625.54
210,159,96,308,412,15.78,1021.28,31.71,625.54
211,159,95,309,413,15.78,1021.28,31.68,624.37
212,160,96,309,413,15.78,1021.28,31.68,624.96
213,159,96,309,413,15.78,1021.29,31.69,625.54
214,159,96,309,412,15.78,1021.29,31.67,624.37
215,159,96,309,412,15.77,1021.29,31.68,626.71
216,159,96,309,412,15.77,1021.29,31.66,626.12
217,159,96,309,411,15.77,1021.29,31.65,622.06
218,159,96,309,411,15.77,1021.30,31.64,627.88
219,158,96,309,411,15.77,1021.30,31.64,627.29
220,158,96,309,411,15.77,1021.29,31.64,626.12
221,158,96,309,411,15.77,1021.29,31.63,627.29
222,159,97,309,411,15.77,1021.29,31.60,627.88
223,158,97,310,411,15.77,1021.29,31.62,628.46
224,158,97,309,411,15.77,1021.29,31.61,627.88
225,158,97,310,410,15.77,1021.29,31.59,627.29
226,158,97,310,411,15.77,1021.30,31.59,629.64
227,158,97,310,411,15.77,1021.29,31.58,628.46
228,158,96,310,410,15.77,1021.29,31.58,629.64
229,157,97,310,410,15.77,1021.29,31.56,626.71
230,158,97,310,410,15.77,1021.29,31.55,628.46
231,158,97,310,410,15.77,1021.29,31.54,629.05
232,158,97,309,409,15.77,1021.29,31.53,629.05
233,158,97,310,410,15.77,1021.29,31.52,628.46
234,158,98,310,409,15.77,1021.30,31.52,630.82
235,158,98,311,410,15.76,1021.30,31.51,627.88
236,158,97,311,409,15.76,1021.30,31.50,629.64
237,157,97,310,409,15.76,1021.30,31.49,629.05
238,157,97,310,409,15.76,1021.31,31.49,631.42
239,158,97,311,409,15.76,1021.31,31.48,632.61
240,157,98,311,408,15.76,1021.31,31.47,633.20
241,158,98,311,408,15.76,1021.31,31.46,630.82
242,157,98,311,409,15.76,1021.32,31.45,630.82
243,157,98,311,408,15.76,1021.32,31.44,635.60
244,157,98,310,408,15.76,1021.31,31.43,630.82
245,157,98,311,408,15.76,1021.31,31.43,631.42
246,157,98,311,408,15.76,1021.31,31.42,627.88
247,157,98,310,408,15.76,1021.32,31.41,632.01
248,157,98,311,407,15.76,1021.31,31.40,626.12
249,157,98,311,407,15.75,1021.31,31.39,632.01
250,157,98,311,407,15.75,1021.31,31.38,633.80
251,157,99,311,407,15.75,1021.32,31.38,633.20
252,157,98,311,407,15.75,1021.32,31.37,630.82
253,157,98,311,407,15.75,1021.32,31.37,630.23
254,157,99,311,407,15.75,1021.31,31.35,634.40
255,157,99,311,407,15.75,1021.31,31.35,632.01
256,157,99,312,407,15.75,1021.31,31.34,635.60
257,156,98,311,406,15.75,1021.31,31.33,634.40
258,157,99,311,406,15.75,1021.30,31.32,633.20
259,157,99,311,406,15.75,1021.31,31.31,633.80
260,157,99,312,406,15.75,1021.31,31.30,633.80
261,157,99,311,407,15.75,1021.31,31.31,632.01
262,157,99,311,405,15.74,1021.32,31.29,632.01
263,157,99,311,406,15.74,1021.31,31.28,635.00
264,157,99,312,405,15.74,1021.31,31.28,636.80
265,157,99,311,405,15.74,1021.31,31.27,633.80
266,157,99,312,405,15.74,1021.31,31.26,631.42
267,157,99,312,405,15.74,1021.31,31.25,630.82
268,157,99,312,405,15.74,1021.32,31.25,633.80
269,157,100,312,406,15.74,1021.33,31.23,630.23
270,157,100,312,405,15.74,1021.34,31.23,636.20
271,157,99,312,405,15.74,1021.33,31.23,631.42
272,157,100,312,405,15.74,1021.33,31.21,634.40
273,157,99,312,405,15.74,1021.33,31.21,635.00
274,158,99,312,405,15.73,1021.33,31.21,634.40
275,157,100,312,405,15.73,1021.34,31.20,633.80
276,157,100,313,404,15.73,1021.34,31.20,634.40
277,156,100,312,404,15.73,1021.34,31.17,632.01
278,157,99,312,403,15.73,1021.34,31.17,635.60
279,157,100,312,404,15.73,1021.33,31.16,635.00
280,157,100,312,403,15.73,1021.34,31.15,635.00
281,157,99,313,403,15.73,1021.33,31.15,635.00
282,156,100,312,404,15.73,1021.33,31.15,635.00
283,157,100,313,403,15.73,1021.33,31.14,636.80
284,157,100,313,403,15.73,1021.33,31.13,636.80
285,157,100,313,403,15.72,1021.33,31.15,633.20
286,157,100,313,402,15.72,1021.33,31.12,636.80
287,157,100,313,402,15.72,1021.32,31.12,635.60
288,157,100,313,403,15.72,1021.33,31.11,634.40
289,157,100,313,402,15.72,1021.33,31.10,639.84
290,157,100,313,402,15.72,1021.33,31.11,633.80
291,157,100,313,402,15.72,1021.33,31.10,636.20
292,157,100,313,402,15.72,1021.33,31.07,634.40
293,157,101,313,402,15.72,1021.33,31.08,638.62
294,156,101,313,402,15.72,1021.33,31.08,637.41
295,157,100,313,402,15.71,1021.33,31.07,635.00
296,157,100,313,401,15.71,1021.33,31.06,636.80
297,156,100,314,400,15.71,1021.33,31.07,636.80
298,156,101,313,401,15.71,1021.32,31.06,633.20
299,157,100,314,400,15.71,1021.32,31.04,639.23
300,156,101,314,401,15.71,1021.32,31.05,638.01
301,157,101,313,401,15.71,1021.32,31.05,639.84
302,156,101,314,401,15.71,1021.32,31.04,638.01
303,157,101,314,400,15.71,1021.33,31.03,635.60
304,157,101,313,401,15.70,1021.33,31.02,634.40
305,156,100,314,401,15.70,1021.33,31.03,639.23
306,157,101,314,400,15.70,1021.33,31.02,636.20
307,156,101,314,401,15.70,1021.33,31.03,639.23
308,157,101,314,400,15.70,1021.33,30.99,633.20
309,156,101,314,401,15.70,1021.34,31.00,640.45
310,157,101,314,400,15.70,1021.35,31.00,638.62
311,157,101,314,400,15.69,1021.35,30.99,636.80
312,157,101,315,399,15.69,1021.34,30.99,638.01
313,157,101,314,399,15.69,1021.34,30.99,635.60
314,157,101,314,400,15.69,1021.34,30.99,639.23
315,157,101,314,399,15.69,1021.33,30.98,638.01
316,156,101,314,399,15.69,1021.33,30.96,639.23
317,157,101,314,398,15.69,1021.33,30.98,640.45
318,157,101,314,399,15.69,1021.32,30.98,641.67
319,157,102,315,399,15.69,1021.32,30.95,639.84
320,156,101,315,399,15.69,1021.33,30.95,641.67
321,156,101,314,398,15.68,1021.33,30.95,638.01
322,156,101,314,399,15.68,1021.33,30.94,641.06
323,157,102,315,399,15.68,1021.34,30.93,641.06
324,157,102,314,398,15.68,1021.34,30.93,639.23
325,156,102,314,398,15.68,1021.34,30.93,639.84
326,157,102,314,398,15.68,1021.34,30.92,639.84
327,157,102,315,398,15.68,1021.35,30.93,641.06
328,157,102,315,398,15.68,1021.34,30.92,639.84
329,157,101,315,398,15.68,1021.35,30.92,639.84
330,157,102,315,398,15.67,1021.33,30.91,638.62
331,157,101,315,398,15.67,1021.34,30.91,639.23
332,157,101,315,398,15.67,1021.33,30.90,639.84
333,157,102,315,397,15.67,1021.34,30.90,641.67
334,157,102,315,397,15.67,1021.33,30.90,639.84
335,157,102,316,398,15.67,1021.32,30.90,644.13
336,157,102,315,398,15.67,1021.30,30.90,639.23
337,156,102,315,397,15.67,1021.30,30.90,637.41
338,157,102,315,397,15.67,1021.31,30.87,641.06
339,157,102,315,397,15.67,1021.30,30.87,638.01
340,157,102,316,397,15.67,1021.31,30.87,642.90
341,157,102,316,397,15.67,1021.31,30.88,639.84
342,158,102,316,396,15.66,1021.31,30.86,641.67
343,157,102,315,397,15.66,1021.32,30.86,642.28
344,157,102,316,397,15.66,1021.32,30.86,644.13
345,157,102,316,396,15.66,1021.33,30.86,642.90
346,157,102,316,396,15.66,1021.32,30.86,644.13
347,157,102,315,397,15.66,1021.32,30.85,641.67
348,157,102,316,396,15.66,1021.33,30.85,642.28
349,156,102,316,396,15.66,1021.32,30.86,642.28
350,157,102,316,396,15.66,1021.31,30.85,642.28
351,157,103,316,396,15.65,1021.31,30.84,641.67
352,157,102,316,396,15.65,1021.32,30.84,640.45
353,157,102,316,396,15.65,1021.33,30.84,639.23
354,157,103,316,396,15.65,1021.33,30.84,643.51
355,158,102,317,395,15.65,1021.34,30.84,640.45
356,158,102,317,395,15.65,1021.34,30.83,642.28
357,158,102,317,396,15.65,1021.33,30.82,645.99
358,157,102,316,395,15.65,1021.34,30.83,639.23
359,157,103,317,395,15.65,1021.34,30.82,641.67
360,158,103,316,395,15.65,1021.33,30.81,641.06
361,157,103,316,395,15.64,1021.34,30.82,641.06
362,157,102,317,395,15.64,1021.35,30.82,640.45
363,157,102,316,394,15.64,1021.35,30.80,641.06
364,157,103,317,395,15.64,1021.35,30.81,640.45
365,158,103,317,394,15.64,1021.35,30.80,641.67
366,157,103,317,394,15.64,1021.35,30.80,642.90
367,157,103,317,394,15.64,1021.35,30.81,642.90
368,158,103,316,395,15.64,1021.35,30.80,642.28
369,157,102,317,394,15.64,1021.34,30.80,641.67
370,158,102,317,394,15.63,1021.34,30.80,640.45
371,158,103,317,394,15.63,1021.33,30.79,646.61
372,158,103,317,394,15.63,1021.33,30.80,639.23
373,157,103,317,394,15.63,1021.32,30.79,642.90
374,158,103,316,394,15.63,1021.32,30.79,644.13
375,157,103,317,394,15.63,1021.32,30.79,644.13
376,157,103,317,393,15.63,1021.31,30.78,643.51
377,157,103,318,393,15.63,1021.30,30.78,639.23
378,158,103,318,393,15.63,1021.30,30.78,647.86
379,158,103,317,394,15.63,1021.31,30.79,642.28
380,157,103,317,393,15.62,1021.31,30.79,644.75
381,157,103,318,393,15.62,1021.31,30.78,642.90
382,158,103,317,393,15.62,1021.31,30.78,639.23
383,158,103,318,393,15.62,1021.32,30.79,643.51
384,158,103,317,393,15.62,1021.32,30.76,644.75
385,158,103,318,393,15.62,1021.32,30.76,643.51
386,157,103,317,393,15.62,1021.32,30.76,644.13
387,157,103,318,393,15.62,1021.32,30.77,643.51
388,158,103,317,393,15.62,1021.32,30.77,641.67
389,158,103,318,393,15.62,1021.32,30.76,644.75
390,158,103,318,392,15.62,1021.33,30.76,645.37
391,158,103,318,393,15.61,1021.33,30.76,644.13
392,157,103,318,393,15.61,1021.33,30.76,645.37
393,157,103,318,393,15.61,1021.34,30.76,644.75
394,158,103,318,393,15.61,1021.33,30.76,644.13
395,158,103,318,392,15.61,1021.33,30.75,642.90
396,158,103,318,393,15.61,1021.34,30.76,644.75
397,158,103,318,393,15.61,1021.33,30.76,645.37
398,158,103,318,392,15.61,1021.33,30.75,644.13
399,158,103,318,392,15.61,1021.33,30.75,641.06
400,158,103,318,392,15.60,1021.31,30.75,645.37
401,157,103,318,392,15.60,1021.30,30.73,641.67
402,158,103,319,392,15.60,1021.31,30.75,647.86
403,158,103,319,392,15.60,1021.31,30.75,643.51
404,157,103,318,392,15.60,1021.31,30.73,638.01
405,158,103,318,392,15.60,1021.31,30.73,642.90
406,158,103,319,391,15.60,1021.31,30.75,640.45
407,158,104,319,391,15.60,1021.31,30.75,639.84
408,158,104,319,391,15.60,1021.31,30.74,647.86
409,158,104,319,392,15.60,1021.31,30.74,645.37
410,158,103,319,391,15.60,1021.32,30.73,645.99
411,158,103,319,391,15.60,1021.33,30.74,642.90
412,158,103,318,391,15.60,1021.33,30.74,645.99
413,157,103,319,391,15.59,1021.33,30.73,645.37
414,158,104,318,391,15.59,1021.34,30.73,644.75
415,158,103,319,391,15.59,1021.34,30.74,643.51
416,158,104,319,391,15.59,1021.35,30.73,645.37
417,158,104,320,391,15.59,1021.35,30.74,645.37
418,158,104,319,391,15.59,1021.36,30.73,646.61
419,158,104,319,391,15.59,1021.36,30.73,642.90
420,158,104,319,391,15.59,1021.35,30.72,645.37
421,158,104,320,391,15.58,1021.36,30.73,647.23
422,158,104,319,390,15.58,1021.36,30.73,644.13
423,158,104,319,390,15.58,1021.35,30.72,645.37
424,158,104,319,391,15.58,1021.35,30.73,645.99
425,158,104,319,391,15.58,1021.34,30.72,645.99
426,158,104,320,390,15.58,1021.34,30.73,645.99
427,158,104,320,390,15.58,1021.35,30.73,641.67
428,158,104,319,390,15.57,1021.35,30.72,641.67
429,158,104,319,390,15.57,1021.34,30.72,644.13
430,158,104,319,390,15.57,1021.34,30.72,643.51
431,158,104,319,390,15.57,1021.35,30.72,645.37
432,158,104,319,390,15.57,1021.35,30.72,645.37
433,159,104,319,390,15.57,1021.34,30.72,643.51
434,158,104,319,390,15.57,1021.34,30.71,646.61
435,158,104,320,390,15.57,1021.35,30.72,645.99
436,158,104,320,390,15.57,1021.35,30.71,644.75
437,158,104,320,389,15.56,1021.35,30.72,645.37
438,158,104,320,390,15.56,1021.36,30.72,641.06
439,158,104,320,390,15.56,1021.35,30.71,642.90
440,159,104,320,389,15.56,1021.36,30.72,642.28
441,158,105,319,389,15.56,1021.36,30.71,646.61
442,158,104,320,389,15.56,1021.36,30.71,644.13
443,158,104,320,390,15.56,1021.36,30.71,646.61
444,159,105,320,390,15.56,1021.36,30.72,644.13
445,159,104,320,389,15.56,1021.37,30.72,648.48
446,159,105,319,389,15.56,1021.36,30.71,647.23
447,158,105,321,389,15.56,1021.37,30.72,643.51
448,159,104,321,389,15.55,1021.36,30.72,647.86
449,158,105,320,389,15.55,1021.36,30.70,644.75
450,158,105,320,389,15.55,1021.36,30.71,644.75
451,159,104,320,390,15.55,1021.36,30.72,645.37
452,158,105,321,389,15.55,1021.37,30.71,644.13
453,159,104,320,389,15.55,1021.37,30.71,646.61
454,158,105,321,389,15.55,1021.37,30.72,641.67
455,158,105,321,389,15.55,1021.38,30.70,643.51
456,159,104,320,388,15.55,1021.38,30.70,646.61
457,158,105,320,388,15.55,1021.38,30.71,645.37
458,159,104,321,389,15.55,1021.39,30.70,644.75
459,159,105,320,389,15.55,1021.39,30.71,644.75
460,158,104,321,388,15.54,1021.38,30.71,647.86
461,158,104,320,388,15.54,1021.37,30.71,644.13
462,159,104,321,389,15.54,1021.37,30.70,645.99
463,159,105,321,388,15.54,1021.37,30.70,644.13
464,159,104,320,389,15.54,1021.37,30.70,647.23
465,159,104,321,388,15.54,1021.37,30.70,649.11
466,159,105,321,388,15.54,1021.37,30.71,641.67
467,158,105,321,389,15.54,1021.36,30.70,641.67
468,159,105,321,388,15.54,1021.36,30.71,646.61
469,159,105,321,388,15.54,1021.36,30.70,646.61
470,159,105,321,388,15.53,1021.35,30.70,644.75
471,159,105,321,388,15.53,1021.34,30.71,645.37
472,159,105,321,388,15.53,1021.34,30.71,646.61
473,158,105,321,388,15.53,1021.34,30.71,646.61
474,158,105,321,388,15.53,1021.34,30.70,642.90
475,159,105,321,388,15.53,1021.34,30.72,644.13
476,159,104,321,388,15.53,1021.35,30.70,642.90
477,159,105,321,388,15.53,1021.35,30.71,644.13
478,159,104,322,388,15.53,1021.34,30.70,647.86
479,159,105,321,387,15.53,1021.34,30.71,649.11
480,159,105,321,388,15.53,1021.34,30.72,644.75
481,159,105,322,388,15.53,1021.34,30.71,647.86
482,159,105,322,388,15.53,1021.34,30.71,647.86
483,159,104,322,387,15.52,1021.34,30.70,646.61
484,159,105,321,388,15.52,1021.35,30.70,644.75
485,159,105,321,387,15.52,1021.35,30.69,645.99
486,159,105,321,387,15.52,1021.35,30.71,649.74
487,159,105,322,387,15.52,1021.35,30.71,642.28
488,159,104,321,387,15.52,1021.36,30.71,642.90
489,158,105,321,387,15.52,1021.35,30.71,648.48
490,159,105,322,387,15.52,1021.35,30.71,647.86
491,159,105,321,387,15.52,1021.35,30.71,645.37
492,159,105,322,387,15.52,1021.35,30.71,644.75
493,159,105,322,387,15.52,1021.35,30.71,645.99
494,160,105,322,387,15.52,1021.35,30.70,647.86
495,159,105,322,387,15.52,1021.36,30.71,649.11
496,159,106,321,387,15.51,1021.37,30.70,642.90
497,159,105,322,387,15.51,1021.37,30.71,647.86
498,159,105,323,386,15.51,1021.38,30.71,641.67
499,158,106,322,387,15.51,1021.38,30.72,645.37
500,160,105,322,387,15.51,1020.80,30.71,649.74
501,156,105,317,383,15.51,1020.27,30.70,651.00
502,149,103,314,379,15.50,1019.89,30.70,661.90
503,143,102,312,374,15.49,1019.60,30.70,667.82
504,138,102,310,370,15.48,1019.38,30.69,681.37
505,134,101,308,367,15.48,1019.24,30.69,696.20
506,130,101,306,363,15.47,1019.12,30.68,706.44
507,127,100,305,361,15.46,1019.04,30.66,715.47
508,124,100,304,357,15.46,1018.96,30.63,723.17
509,121,99,301,355,15.45,1018.90,30.60,732.64
510,120,100,301,352,15.45,1018.85,30.57,737.46
511,118,99,299,350,15.44,1018.82,30.54,746.48
512,117,99,299,348,15.44,1018.80,30.49,749.30
513,116,98,298,345,15.43,1018.77,30.45,751.82
514,115,98,297,344,15.43,1018.75,30.42,756.47
515,114,98,296,342,15.43,1018.73,30.38,768.57
516,112,97,295,340,15.43,1018.72,30.33,774.32
517,112,97,294,339,15.43,1018.71,30.29,774.32
518,111,96,293,336,15.42,1018.70,30.25,777.01
519,110,97,292,336,15.42,1018.69,30.20,781.98
520,109,96,292,334,15.42,1018.70,30.15,785.17
521,109,97,291,333,15.42,1018.70,30.10,795.39
522,109,96,290,331,15.42,1018.70,30.06,789.78
523,108,96,290,330,15.42,1018.71,30.01,800.60
524,108,96,289,329,15.42,1018.68,29.97,801.07
525,107,95,288,328,15.42,1018.67,29.93,801.55
526,107,95,287,326,15.42,1018.67,29.88,810.73
527,106,95,287,325,15.42,1018.66,29.83,809.26
528,106,95,287,324,15.42,1018.67,29.79,811.22
529,106,94,286,324,15.42,1018.68,29.75,808.29
530,106,94,285,323,15.42,1018.68,29.69,813.18
531,105,94,284,322,15.42,1018.69,29.66,810.24
532,105,93,284,320,15.42,1018.70,29.62,816.64
533,105,93,283,320,15.42,1018.71,29.59,818.62
534,104,93,282,318,15.42,1018.71,29.55,825.66
535,104,93,281,318,15.42,1018.71,29.49,823.64
536,103,92,282,318,15.42,1018.71,29.45,822.13
537,103,92,281,317,15.42,1018.72,29.41,827.18
538,103,93,281,317,15.42,1018.73,29.37,831.27
539,103,92,280,316,15.42,1018.74,29.33,833.33
540,103,93,280,315,15.42,1018.73,29.29,834.88
541,103,92,279,314,15.43,1018.73,29.26,831.79
542,102,92,279,314,15.43,1018.74,29.21,840.10
543,102,91,278,313,15.43,1018.74,29.19,833.85
544,102,91,278,312,15.43,1018.74,29.15,835.40
545,102,91,278,312,15.43,1018.73,29.13,836.96
546,101,91,277,312,15.44,1018.72,29.09,839.05
547,102,91,277,311,15.44,1018.72,29.05,838.53
548,101,91,275,311,15.44,1018.72,29.02,835.40
549,101,90,276,310,15.44,1018.71,28.97,844.32
550,101,90,275,309,15.44,1018.73,28.95,841.68
551,101,91,275,309,15.44,1018.73,28.92,846.44
552,101,90,275,309,15.44,1018.73,28.88,844.32
553,101,90,274,308,15.45,1018.73,28.86,847.51
554,100,90,274,308,15.45,1018.72,28.82,851.80
555,101,90,273,307,15.45,1018.71,28.79,848.04
556,100,90,274,307,15.45,1018.70,28.77,846.98
557,101,89,275,308,15.45,1018.70,28.74,847.51
558,101,90,274,308,15.45,1018.71,28.71,846.44
559,101,89,274,308,15.46,1018.70,28.68,846.44
560,100,90,274,308,15.46,1018.70,28.67,848.58
561,101,89,273,307,15.46,1018.70,28.64,845.38
562,100,89,273,306,15.46,1018.72,28.63,848.58
563,100,89,272,307,15.46,1018.72,28.61,852.34
564,99,89,272,306,15.47,1018.73,28.60,854.51
565,100,89,271,306,15.47,1018.74,28.57,847.51
566,99,88,270,305,15.47,1018.74,28.56,854.51
567,99,88,270,304,15.47,1018.73,28.53,853.43
568,99,88,269,304,15.47,1018.73,28.52,849.65
569,99,88,269,304,15.48,1018.74,28.52,859.97
570,98,88,269,303,15.48,1018.75,28.49,853.97
571,98,87,268,303,15.48,1018.75,28.48,857.23
572,98,87,267,303,15.49,1018.75,28.45,856.14
573,98,87,267,302,15.49,1018.75,28.45,862.73
574,97,87,267,302,15.49,1018.74,28.42,859.42
575,97,87,266,302,15.49,1018.74,28.39,864.95
576,96,87,267,302,15.49,1018.73,28.37,863.29
577,97,87,266,301,15.50,1018.72,28.35,864.95
578,97,87,266,300,15.50,1018.72,28.32,862.73
579,96,86,265,300,15.50,1018.71,28.31,864.95
580,97,86,266,301,15.50,1018.70,28.29,862.18
581,97,86,265,300,15.50,1018.70,28.26,862.18
582,96,86,265,300,15.50,1018.70,28.24,869.99
583,96,86,265,300,15.51,1018.71,28.22,863.29
584,96,86,265,299,15.51,1018.72,28.19,869.99
585,96,86,264,299,15.51,1018.73,28.17,866.62
586,95,85,264,299,15.51,1018.74,28.16,871.68
587,96,85,263,299,15.52,1018.74,28.13,869.42
588,96,85,263,299,15.52,1018.74,28.10,867.18
589,96,85,263,298,15.52,1018.74,28.09,869.42
590,96,85,263,298,15.52,1018.73,28.07,870.55
591,96,84,262,298,15.53,1018.72,28.04,871.68
592,95,85,262,297,15.53,1018.71,28.03,875.08
593,96,84,262,298,15.53,1018.72,28.01,871.68
594,95,85,260,298,15.53,1018.73,27.99,872.81
595,95,84,261,297,15.54,1018.73,27.96,869.99
596,95,84,261,297,15.54,1018.72,27.94,871.11
597,95,84,260,297,15.54,1018.72,27.93,870.55
598,95,84,260,296,15.54,1018.71,27.91,871.68
599,94,84,260,297,15.54,1018.71,27.89,872.81
600,95,83,259,297,15.55,1018.71,27.87,869.42
601,95,84,260,296,15.55,1018.70,27.85,876.22
602,95,84,259,296,15.55,1018.71,27.83,873.94
603,95,83,259,295,15.55,1018.70,27.82,879.66
604,94,84,259,296,15.55,1018.70,27.81,875.65
605,94,83,258,296,15.56,1018.70,27.78,870.55
606,95,83,259,296,15.56,1018.70,27.76,877.94
607,95,83,259,295,15.56,1018.69,27.74,877.36
608,94,83,258,295,15.56,1018.69,27.73,876.22
609,93,83,258,295,15.57,1018.70,27.71,879.66
610,93,82,257,295,15.57,1018.70,27.68,878.51
611,94,83,258,295,15.57,1018.71,27.68,873.94
612,94,82,257,295,15.57,1018.71,27.67,873.94
613,94,82,257,295,15.57,1018.72,27.65,877.36
614,94,82,257,295,15.58,1018.72,27.63,869.99
615,94,82,257,295,15.58,1018.73,27.62,878.51
616,94,82,257,295,15.58,1018.72,27.60,879.09
617,94,82,257,294,15.58,1018.73,27.59,873.94
618,93,82,257,295,15.58,1018.73,27.57,882.55
619,93,82,256,294,15.59,1018.74,27.57,877.36
620,94,81,257,294,15.59,1018.74,27.56,880.24
621,94,81,256,294,15.59,1018.74,27.54,878.51
622,94,82,255,294,15.59,1018.73,27.53,882.55
623,94,81,256,294,15.60,1018.74,27.52,880.24
624,94,81,255,294,15.60,1018.74,27.52,881.39
625,93,82,255,294,15.60,1018.74,27.49,879.66
626,93,81,256,293,15.60,1018.74,27.48,879.66
627,93,81,255,294,15.60,1018.75,27.47,883.12
628,93,81,254,294,15.60,1018.75,27.46,880.81
629,93,81,254,294,15.61,1018.75,27.45,877.94
630,93,81,254,294,15.61,1018.76,27.45,883.12
631,93,81,254,294,15.61,1018.76,27.44,887.79
632,92,81,254,294,15.61,1018.76,27.42,883.12
633,93,81,254,293,15.61,1018.76,27.42,881.39
634,93,81,254,293,15.61,1018.76,27.40,877.94
635,93,80,253,293,15.61,1018.76,27.40,879.66
636,93,80,253,293,15.62,1018.76,27.38,887.79
637,93,80,253,293,15.62,1018.76,27.38,883.12
638,92,81,252,293,15.62,1018.75,27.37,883.12
639,93,80,253,293,15.62,1018.75,27.36,887.79
640,92,80,253,293,15.62,1018.75,27.36,884.29
641,93,80,253,293,15.62,1018.74,27.34,880.81
642,93,80,252,293,15.62,1018.73,27.35,883.12
643,92,80,252,293,15.63,1018.74,27.32,887.79
644,93,80,252,293,15.63,1018.75,27.32,891.32
645,93,80,251,293,15.63,1018.74,27.32,884.87
646,93,80,252,292,15.63,1018.75,27.30,886.03
647,92,80,252,292,15.63,1018.76,27.30,885.45
648,92,80,251,293,15.63,1018.76,27.29,886.03
649,93,80,251,292,15.63,1018.75,27.28,886.03
650,93,79,251,293,15.64,1018.74,27.28,883.12
651,92,80,250,292,15.64,1018.74,27.28,884.29
652,92,79,251,292,15.64,1018.74,27.27,884.29
653,92,79,251,292,15.64,1018.74,27.26,886.62
654,92,79,250,293,15.64,1018.74,27.25,885.45
655,92,79,251,292,15.64,1018.74,27.24,886.62
656,93,79,251,291,15.64,1018.73,27.24,885.45
657,92,79,250,293,15.64,1018.73,27.23,889.55
658,93,78,250,291,15.64,1018.72,27.23,887.79
659,93,79,250,293,15.65,1018.71,27.23,893.09
660,92,79,249,292,15.65,1018.72,27.23,883.12
661,91,78,249,292,15.65,1018.71,27.22,885.45
662,92,78,249,292,15.65,1018.71,27.22,884.87
663,92,78,249,292,15.65,1018.71,27.21,885.45
664,91,78,249,292,15.65,1018.70,27.20,884.29
665,92,78,249,292,15.65,1018.70,27.21,887.79
666,92,78,249,292,15.65,1018.71,27.19,885.45
667,92,78,249,292,15.65,1018.70,27.19,885.45
668,92,78,248,291,15.65,1018.70,27.20,883.12
669,92,78,249,292,15.65,1018.70,27.19,886.62
670,92,77,248,292,15.66,1018.70,27.19,886.62
671,92,78,248,291,15.66,1018.70,27.18,887.20
672,91,78,248,291,15.66,1018.70,27.17,890.73
673,91,77,248,292,15.66,1018.71,27.17,887.79
674,91,77,248,291,15.66,1018.71,27.17,886.03
675,91,77,247,292,15.66,1018.71,27.16,888.96
676,91,77,247,291,15.66,1018.71,27.16,887.79
677,91,77,247,291,15.66,1018.71,27.15,886.62
678,91,77,246,292,15.66,1018.71,27.15,888.37
679,91,77,247,292,15.66,1018.72,27.15,888.37
680,91,77,247,291,15.66,1018.71,27.14,890.14
681,91,77,246,291,15.66,1018.72,27.14,893.69
682,91,77,246,290,15.67,1018.72,27.12,890.14
683,91,77,246,291,15.67,1018.73,27.11,893.09
684,91,76,246,290,15.67,1018.73,27.11,890.73
685,91,76,246,291,15.67,1018.73,27.11,894.28
686,91,76,246,291,15.67,1018.73,27.10,892.50
687,90,76,245,291,15.67,1018.72,27.09,890.14
688,90,77,245,291,15.67,1018.72,27.09,894.88
689,90,76,245,291,15.67,1018.71,27.08,892.50
690,91,76,245,290,15.67,1018.72,27.07,889.55
691,90,76,245,291,15.67,1018.72,27.06,892.50
692,90,76,245,290,15.67,1018.72,27.06,894.88
693,90,75,245,291,15.67,1018.72,27.06,896.67
694,91,75,245,290,15.67,1018.73,27.05,892.50
695,90,76,244,290,15.67,1018.74,27.05,891.91
696,90,76,245,290,15.67,1018.74,27.03,891.32
697,90,76,245,291,15.68,1018.74,27.03,895.47
698,90,75,244,290,15.68,1018.74,27.02,891.32
699,90,76,243,290,15.68,1018.74,27.01,888.37
700,89,75,244,291,15.68,1018.74,27.02,899.66
701,90,75,244,290,15.68,1018.75,27.00,893.09
702,89,75,244,290,15.68,1018.75,27.00,901.47
703,89,75,243,290,15.68,1018.76,27.00,891.91
704,89,75,244,290,15.68,1018.75,27.00,891.32
705,90,74,243,290,15.68,1018.74,26.97,897.26
706,90,75,243,290,15.68,1018.74,26.98,889.55
707,90,75,243,290,15.68,1018.73,26.97,892.50
708,89,75,243,290,15.68,1018.73,26.97,892.50
709,89,74,242,290,15.68,1018.73,26.94,891.91
710,90,75,243,290,15.68,1018.73,26.95,897.26
711,89,74,242,290,15.68,1018.71,26.93,897.26
712,90,74,243,290,15.68,1018.71,26.94,900.87
713,89,74,242,289,15.68,1018.72,26.93,892.50
714,89,75,243,290,15.68,1018.73,26.92,894.88
715,89,75,242,289,15.68,1018.73,26.91,893.09
716,89,75,242,290,15.68,1018.72,26.91,894.88
717,90,75,243,290,15.69,1018.72,26.91,897.26
718,89,75,241,290,15.69,1018.72,26.89,894.28
719,89,75,242,290,15.69,1018.72,26.90,897.26
720,89,75,242,290,15.69,1018.72,26.88,894.88
721,90,74,242,289,15.69,1018.72,26.88,892.50
722,89,74,241,289,15.69,1018.73,26.88,890.73
723,90,74,242,289,15.69,1018.73,26.86,895.47
724,89,74,242,290,15.69,1018.74,26.87,897.26
725,90,74,242,290,15.69,1018.72,26.86,897.86
726,89,74,241,291,15.69,1018.73,26.86,891.91
727,90,74,241,290,15.69,1018.73,26.85,903.90
728,88,74,241,289,15.69,1018.74,26.85,900.27
729,89,73,240,290,15.69,1018.74,26.84,898.46
730,89,73,241,290,15.69,1018.75,26.84,898.46
731,89,74,240,291,15.69,1018.75,26.84,895.47
732,89,74,241,290,15.69,1018.75,26.84,897.26
733,90,74,241,290,15.69,1018.75,26.83,897.86
734,89,73,241,289,15.69,1018.75,26.84,895.47
735,89,73,241,290,15.69,1018.75,26.81,892.50
736,89,73,241,291,15.69,1018.74,26.81,896.07
737,89,74,241,289,15.69,1018.74,26.82,900.27
738,89,73,241,290,15.69,1018.74,26.81,897.26
739,89,73,240,291,15.69,1018.74,26.80,894.28
740,89,73,240,290,15.69,1018.73,26.80,904.50
741,89,73,240,290,15.69,1018.72,26.81,897.26
742,89,74,240,290,15.69,1018.71,26.80,892.50
743,89,73,240,290,15.69,1018.72,26.80,893.69
744,90,73,240,290,15.69,1018.72,26.80,897.26
745,89,73,240,290,15.69,1018.73,26.80,899.06
746,89,73,240,290,15.69,1018.73,26.80,897.86
747,90,73,240,291,15.69,1018.73,26.81,898.46
748,90,73,240,290,15.69,1018.73,26.80,899.06
749,88,73,240,290,15.69,1018.73,26.81,896.07
