Time,NO2,C2H5CH,VOC,CO,Temperature,Pressure,Humidity,Gas Resistance
0,166,149,426,373,23.74,1027.61,43.12,424.94
1,167,149,425,373,23.74,1027.61,43.10,422.53
2,166,149,425,373,23.74,1027.61,43.09,421.21
3,166,149,426,374,23.74,1027.60,43.08,422.27
4,166,149,426,373,23.74,1027.60,43.07,423.87
5,166,150,425,373,23.74,1027.60,43.07,421.74
6,167,149,425,374,23.74,1027.61,43.08,422.80
7,166,149,425,374,23.74,1027.61,43.09,423.60
8,166,148,424,374,23.74,1027.62,43.08,420.68
9,165,148,424,374,23.74,1027.62,43.07,421.74
10,166,148,423,373,23.74,1027.63,43.09,421.74
11,165,148,424,373,23.74,1027.62,43.08,422.53
12,166,147,423,373,23.74,1027.62,43.08,422.27
13,165,148,423,374,23.74,1027.62,43.08,417.54
14,165,148,423,373,23.74,1027.62,43.07,423.33
15,165,148,423,373,23.74,1027.61,43.06,424.94
16,165,147,423,373,23.74,1027.61,43.06,421.47
17,165,147,423,374,23.74,1027.63,43.06,422.53
18,165,148,422,373,23.74,1027.63,43.07,420.68
19,165,147,422,373,23.74,1027.64,43.07,425.75
20,165,147,422,373,23.75,1027.66,43.08,425.21
21,165,147,421,373,23.74,1027.66,43.09,422.27
22,165,147,421,373,23.75,1027.65,43.09,422.27
23,165,146,420,373,23.75,1027.66,43.09,421.74
24,165,147,421,373,23.75,1027.66,43.10,421.74
25,165,147,421,372,23.74,1027.67,43.09,421.74
26,164,146,420,373,23.74,1027.67,43.10,421.21
27,165,146,420,372,23.75,1027.66,43.09,423.06
28,164,146,420,373,23.75,1027.66,43.10,423.33
29,164,146,420,372,23.74,1027.65,43.10,423.60
30,164,146,419,373,23.74,1027.65,43.10,424.13
31,164,146,419,372,23.74,1027.64,43.09,424.94
32,164,145,419,373,23.74,1027.64,43.07,423.60
33,164,146,419,372,23.74,1027.63,43.07,425.75
34,164,145,418,373,23.74,1027.65,43.06,428.19
35,164,145,418,372,23.74,1027.65,43.06,424.40
36,163,145,418,372,23.74,1027.65,43.07,424.67
37,164,145,417,371,23.74,1027.64,43.04,424.94
38,164,145,417,372,23.74,1027.63,43.04,425.48
39,163,145,418,372,23.74,1027.62,43.03,427.92
40,163,145,417,371,23.74,1027.62,43.02,425.21
41,163,144,416,372,23.74,1027.62,43.01,422.27
42,163,144,417,372,23.74,1027.62,43.00,424.94
43,163,144,416,372,23.74,1027.62,42.98,427.64
44,163,145,417,372,23.74,1027.63,42.97,426.02
45,163,144,416,372,23.74,1027.62,42.96,425.21
46,163,144,416,372,23.74,1027.62,42.95,426.02
47,163,144,416,372,23.74,1027.63,42.96,426.29
48,162,144,416,372,23.74,1027.63,42.94,422.80
49,162,144,415,372,23.74,1027.63,42.93,428.19
50,163,143,415,372,23.74,1027.63,42.93,428.19
51,162,143,414,371,23.74,1027.63,42.91,429.28
52,162,143,415,371,23.74,1027.65,42.93,428.74
53,162,143,415,371,23.74,1027.66,42.91,430.38
54,163,143,415,371,23.74,1027.66,42.90,427.10
55,162,143,415,372,23.74,1027.67,42.90,427.37
56,163,143,414,372,23.74,1027.67,42.91,425.21
57,163,143,414,372,23.74,1027.68,42.92,421.74
58,162,143,414,371,23.74,1027.68,42.91,424.40
59,162,142,413,372,23.74,1027.68,42.91,424.13
60,162,142,414,371,23.74,1027.68,42.93,424.13
61,162,142,414,372,23.74,1027.69,42.94,422.53
62,161,142,413,371,23.74,1027.69,42.95,424.13
63,162,143,413,371,23.74,1027.68,42.95,424.13
64,162,142,413,372,23.75,1027.67,42.95,424.67
65,162,141,413,371,23.74,1027.67,42.95,426.56
66,162,141,413,371,23.74,1027.68,42.96,427.92
67,161,141,412,371,23.74,1027.69,42.96,427.10
68,162,141,412,371,23.74,1027.69,42.95,427.10
69,162,141,411,371,23.74,1027.70,42.95,426.29
70,161,142,411,371,23.74,1027.70,42.95,426.29
71,161,141,412,371,23.74,1027.70,42.94,429.83
72,161,141,411,371,23.74,1027.70,42.95,426.83
73,161,141,411,371,23.74,1027.71,42.95,429.28
74,161,140,410,372,23.74,1027.72,42.95,427.10
75,161,141,411,371,23.74,1027.72,42.95,424.40
76,160,140,411,370,23.74,1027.71,42.95,426.02
77,161,141,410,371,23.74,1027.72,42.96,427.64
78,161,141,410,371,23.74,1027.73,42.96,427.64
79,161,140,410,371,23.74,1027.73,42.99,424.40
80,161,140,410,371,23.74,1027.72,42.97,424.94
81,161,140,410,371,23.74,1027.71,42.99,427.10
82,160,140,409,372,23.74,1027.71,42.99,424.94
83,161,140,410,371,23.74,1027.70,43.00,426.29
84,160,139,409,371,23.74,1027.70,42.99,428.74
85,160,140,409,371,23.74,1027.68,43.02,426.02
86,160,140,409,371,23.74,1027.68,43.02,426.02
87,161,140,409,371,23.74,1027.69,43.02,424.67
88,161,140,410,372,23.74,1027.69,43.03,424.94
89,161,139,409,372,23.74,1027.69,43.05,423.33
90,161,139,409,372,23.74,1027.67,43.06,422.80
91,161,139,409,372,23.74,1027.66,43.08,424.94
92,161,139,409,373,23.74,1027.65,43.08,426.83
93,161,139,409,372,23.74,1027.64,43.09,424.13
94,161,139,408,372,23.74,1027.63,43.10,425.48
95,160,139,408,372,23.74,1027.62,43.11,425.48
96,160,139,408,372,23.74,1027.62,43.12,427.37
97,160,139,408,372,23.74,1027.62,43.12,428.19
98,160,138,408,371,23.74,1027.63,43.13,425.48
99,160,139,406,371,23.74,1027.63,43.15,426.83
100,160,139,407,371,23.74,1027.65,43.13,427.10
101,159,138,407,371,23.74,1027.65,43.12,426.56
102,159,138,406,371,23.74,1027.66,43.12,428.19
103,160,138,406,371,23.74,1027.67,43.12,426.56
104,160,138,406,372,23.74,1027.68,43.10,426.02
105,159,138,406,372,23.74,1027.69,43.10,428.19
106,160,138,406,371,23.74,1027.69,43.10,429.28
107,159,137,406,371,23.74,1027.67,43.10,430.38
108,159,138,405,371,23.74,1027.66,43.07,430.66
109,158,137,405,371,23.74,1027.64,43.06,429.28
110,159,138,405,372,23.74,1027.62,43.05,430.93
111,159,137,405,372,23.74,1027.62,43.05,427.37
112,159,138,404,372,23.74,1027.63,43.06,429.28
113,158,138,405,372,23.74,1027.62,43.04,427.10
114,159,137,405,372,23.74,1027.62,43.03,427.37
115,158,137,405,371,23.74,1027.61,43.04,427.10
116,158,137,405,372,23.74,1027.61,43.04,429.28
117,158,137,405,372,23.74,1027.62,43.01,427.37
118,159,137,405,372,23.74,1027.62,43.02,428.19
119,159,137,405,372,23.74,1027.62,43.02,426.56
120,159,137,404,372,23.74,1027.60,43.02,429.83
121,158,137,404,371,23.74,1027.60,43.02,428.19
122,158,137,404,372,23.74,1027.59,43.02,427.64
123,234,140,418,394,23.74,1027.60,43.03,407.91
124,399,150,444,445,23.74,1027.60,43.06,366.67
125,527,160,474,496,23.75,1027.60,43.13,325.83
126,595,168,499,538,23.75,1027.62,43.29,291.63
127,624,177,521,572,23.75,1027.63,43.53,265.40
128,632,183,537,595,23.75,1027.62,43.83,246.59
129,628,188,550,610,23.76,1027.62,44.17,234.52
130,620,192,559,620,23.76,1027.62,44.58,226.49
131,613,195,567,628,23.76,1027.63,44.98,218.26
132,605,199,574,635,23.76,1027.64,45.42,214.86
133,597,202,578,640,23.76,1027.63,45.85,211.02
134,585,205,583,643,23.77,1027.64,46.31,208.23
135,573,205,586,644,23.77,1027.67,46.76,206.93
136,558,208,588,643,23.77,1027.69,47.24,205.89
137,545,208,590,643,23.77,1027.71,47.68,205.77
138,534,209,591,643,23.78,1027.72,48.14,205.38
139,522,211,592,644,23.78,1027.73,48.58,206.02
140,511,210,592,643,23.78,1028.13,49.01,205.64
141,502,211,593,643,23.78,1028.83,49.44,205.51
142,495,212,593,643,23.79,1029.36,49.86,207.57
143,489,213,593,643,23.80,1029.76,50.27,206.67
144,486,213,594,642,23.81,1030.06,50.65,208.36
145,483,213,595,642,23.81,1030.29,51.00,208.75
146,480,214,595,641,23.82,1030.47,51.32,210.62
147,478,214,596,641,23.83,1030.59,51.62,211.56
148,475,215,597,640,23.84,1030.69,51.89,212.51
149,473,215,598,640,23.84,1030.75,52.13,214.44
150,471,216,599,640,23.85,1030.81,52.33,214.72
151,469,216,600,638,23.86,1030.85,52.52,217.26
152,468,217,601,638,23.86,1030.88,52.69,216.12
153,466,217,600,637,23.87,1030.91,52.83,216.97
154,464,217,602,636,23.87,1030.93,52.96,219.13
155,463,218,602,636,23.88,1030.95,53.09,218.70
156,462,218,603,635,23.88,1030.96,53.18,220.45
157,461,219,603,634,23.89,1030.96,53.26,221.18
158,459,219,604,635,23.89,1030.96,53.34,221.33
159,458,220,604,633,23.89,1030.97,53.41,221.78
160,457,220,605,633,23.90,1030.98,53.45,223.88
161,456,221,606,633,23.90,1030.98,53.50,223.13
162,456,221,606,633,23.90,1030.98,53.55,225.72
163,455,221,607,632,23.91,1030.98,53.56,224.49
164,455,222,607,631,23.91,1030.99,53.59,224.95
165,453,223,608,631,23.91,1030.98,53.62,227.11
166,454,222,609,631,23.92,1030.98,53.62,227.58
167,453,223,608,630,23.92,1030.99,53.62,225.41
168,452,224,609,629,23.92,1030.99,53.65,225.56
169,451,224,610,629,23.93,1031.00,53.64,227.27
170,451,224,610,629,23.93,1030.99,53.64,226.33
171,451,225,611,629,23.93,1030.99,53.62,226.80
172,450,226,611,628,23.93,1030.99,53.61,228.84
173,449,226,612,628,23.93,1030.99,53.59,229.32
174,449,226,612,627,23.94,1030.98,53.59,228.53
175,449,226,612,627,23.94,1030.98,53.56,229.32
176,448,226,613,627,23.94,1030.98,53.54,228.68
177,447,227,613,626,23.94,1030.97,53.52,229.16
178,447,227,614,626,23.94,1030.97,53.50,230.28
179,446,228,614,625,23.95,1030.98,53.45,231.57
180,447,228,614,625,23.95,1030.98,53.45,230.12
181,446,228,615,625,23.95,1030.98,53.41,230.76
182,446,229,615,625,23.95,1030.97,53.39,231.24
183,446,229,615,625,23.95,1030.98,53.34,230.12
184,445,229,616,625,23.95,1030.98,53.34,230.44
185,444,230,616,624,23.96,1030.99,53.28,229.64
186,445,230,617,624,23.96,1030.98,53.26,230.12
187,444,231,617,624,23.96,1030.98,53.23,231.40
188,444,231,617,623,23.96,1030.98,53.19,231.57
189,444,231,618,623,23.96,1030.97,53.17,231.57
190,444,232,618,623,23.96,1030.96,53.14,231.73
191,444,232,618,622,23.96,1030.97,53.10,233.53
192,443,232,618,622,23.96,1030.97,53.08,231.57
193,442,233,618,623,23.96,1030.98,53.05,234.19
194,443,233,619,621,23.97,1030.99,53.01,233.53
195,442,234,619,621,23.97,1030.98,52.97,232.54
196,442,233,620,622,23.97,1030.98,52.95,232.22
197,441,234,621,620,23.97,1030.98,52.92,232.87
198,442,234,621,621,23.97,1030.97,52.88,232.54
199,442,235,621,620,23.97,1030.98,52.85,232.71
200,441,234,621,620,23.97,1030.98,52.83,235.53
201,442,235,621,619,23.97,1030.99,52.79,232.87
202,441,235,622,619,23.97,1030.98,52.76,234.19
203,441,235,622,619,23.97,1030.98,52.73,234.52
204,441,236,623,619,23.97,1030.98,52.72,232.87
205,441,236,623,619,23.97,1030.99,52.68,234.36
206,440,237,623,619,23.98,1030.99,52.64,232.87
207,440,237,623,619,23.98,1030.99,52.61,235.69
208,440,237,624,619,23.98,1030.98,52.59,235.02
209,440,237,624,618,23.98,1030.97,52.56,233.53
210,439,238,624,618,23.98,1030.97,52.53,233.86
211,439,238,624,618,23.98,1030.97,52.49,235.69
212,439,238,625,618,23.98,1030.97,52.47,234.36
213,439,238,624,618,23.98,1030.98,52.45,234.86
214,439,239,625,617,23.98,1030.98,52.42,234.86
215,439,238,624,617,23.98,1030.98,52.38,234.69
216,439,239,625,617,23.98,1030.98,52.37,234.86
217,439,239,625,617,23.98,1030.98,52.33,236.20
218,438,240,626,617,23.98,1030.98,52.31,234.86
219,438,240,625,617,23.98,1030.98,52.30,235.19
220,438,240,626,617,23.98,1030.98,52.28,234.52
221,438,240,626,616,23.98,1030.98,52.25,235.19
222,438,241,626,616,23.98,1030.99,52.21,237.90
223,438,240,627,616,23.98,1030.99,52.19,234.19
224,438,242,627,616,23.98,1030.98,52.18,235.19
225,437,241,626,615,23.98,1030.98,52.14,235.86
226,437,241,627,615,23.98,1030.98,52.12,235.19
227,437,242,627,615,23.98,1030.98,52.10,237.56
228,437,242,628,615,23.98,1030.97,52.07,235.86
229,437,242,627,615,23.98,1030.98,52.06,236.20
230,436,242,628,615,23.98,1030.98,52.03,236.54
231,437,242,629,615,23.98,1030.97,52.00,237.39
232,437,243,628,614,23.98,1030.97,51.99,236.88
233,436,243,628,614,23.98,1030.97,51.98,238.07
234,436,243,629,613,23.98,1030.97,51.94,235.86
235,436,243,629,614,23.98,1030.97,51.94,236.03
236,436,244,630,614,23.98,1030.97,51.91,236.20
237,436,244,629,614,23.98,1030.97,51.89,236.03
238,436,245,629,613,23.98,1030.97,51.87,236.88
239,436,244,630,613,23.98,1030.97,51.85,237.90
240,435,244,630,614,23.98,1030.98,51.81,237.05
241,436,245,630,613,23.98,1030.96,51.80,236.88
242,436,244,630,613,23.98,1030.96,51.78,236.88
243,435,245,630,612,23.98,1030.97,51.76,237.22
244,435,246,629,613,23.98,1030.97,51.75,238.41
245,435,245,631,612,23.98,1030.96,51.73,236.88
246,436,245,630,613,23.98,1030.97,51.72,237.05
247,435,246,631,613,23.98,1030.97,51.71,238.93
248,435,246,630,612,23.98,1030.97,51.67,236.88
249,435,246,631,612,23.98,1030.97,51.67,238.24
250,435,246,631,612,23.98,1030.97,51.65,236.88
251,435,246,631,612,23.98,1030.96,51.62,237.73
252,434,247,631,612,23.98,1030.96,51.61,239.28
253,434,247,631,612,23.98,1030.96,51.61,236.54
254,435,246,631,611,23.98,1030.96,51.59,237.90
255,434,247,632,611,23.98,1030.96,51.56,237.39
256,434,247,632,611,23.98,1030.97,51.56,239.45
257,433,248,632,611,23.98,1030.96,51.54,238.24
258,434,248,632,612,23.98,1030.96,51.53,239.28
259,434,248,632,611,23.98,1030.96,51.51,239.28
260,434,248,632,611,23.98,1030.96,51.49,238.59
261,434,248,632,611,23.98,1030.96,51.49,239.10
262,433,248,632,611,23.98,1030.96,51.46,238.41
263,434,248,633,612,23.98,1030.97,51.45,238.59
264,434,248,633,611,23.98,1030.97,51.43,238.41
265,433,249,632,610,23.98,1030.97,51.43,238.41
266,433,249,633,610,23.98,1030.96,51.42,238.24
267,433,249,633,611,23.98,1030.96,51.40,239.97
268,433,249,632,610,23.98,1030.97,51.38,237.56
269,433,249,633,611,23.98,1030.97,51.38,238.59
270,434,249,633,610,23.98,1030.96,51.36,239.10
271,433,250,633,610,23.98,1030.97,51.34,240.85
272,433,249,632,610,23.98,1030.97,51.33,239.97
273,433,250,633,610,23.98,1030.97,51.32,238.59
274,432,250,633,610,23.97,1030.97,51.29,238.76
275,433,250,633,610,23.97,1030.97,51.31,238.07
276,433,251,633,609,23.97,1030.97,51.29,238.59
277,432,250,634,610,23.97,1030.97,51.27,239.28
278,433,251,633,610,23.97,1030.97,51.26,239.62
279,432,251,633,609,23.97,1030.97,51.24,239.45
280,432,251,634,609,23.97,1030.98,51.22,239.62
281,432,251,633,609,23.97,1030.98,51.22,239.28
282,433,251,633,608,23.97,1030.98,51.21,238.93
283,432,252,634,609,23.97,1030.98,51.19,240.67
284,432,251,633,608,23.97,1030.98,51.16,239.10
285,432,251,633,609,23.97,1030.98,51.17,239.62
286,432,251,635,608,23.97,1030.98,51.16,239.97
287,432,251,634,609,23.97,1030.99,51.16,239.45
288,432,251,635,609,23.97,1030.99,51.14,239.28
289,432,252,634,608,23.97,1030.99,51.14,240.85
290,432,252,634,609,23.97,1030.98,51.13,240.85
291,431,252,635,608,23.97,1030.98,51.13,239.10
292,432,252,635,608,23.97,1030.98,51.11,238.93
293,432,253,634,608,23.97,1030.99,51.09,239.28
294,431,253,635,609,23.97,1030.99,51.09,239.45
295,431,253,635,609,23.97,1030.99,51.08,239.28
296,431,252,634,608,23.97,1030.99,51.07,239.62
297,431,253,635,608,23.97,1030.99,51.05,239.80
298,431,253,635,608,23.97,1030.98,51.04,240.50
299,431,253,635,608,23.97,1030.98,51.03,239.62
300,431,253,635,607,23.97,1030.98,51.02,240.32
301,431,253,635,608,23.97,1030.98,51.01,240.85
302,431,253,635,607,23.97,1030.98,51.00,239.28
303,431,254,635,607,23.97,1030.98,50.99,240.50
304,431,254,635,607,23.97,1030.98,50.98,239.10
305,431,254,635,607,23.97,1030.98,50.98,240.32
306,430,254,635,607,23.97,1030.98,50.97,241.02
307,430,254,636,607,23.97,1030.98,50.97,240.15
308,431,254,635,606,23.96,1030.99,50.95,241.02
309,430,254,636,608,23.96,1030.99,50.95,239.62
310,430,254,636,606,23.96,1030.99,50.93,242.79
311,430,254,635,607,23.96,1030.99,50.92,240.85
312,430,254,636,607,23.96,1030.98,50.91,241.55
313,431,255,636,607,23.96,1030.97,50.92,240.50
314,430,254,635,606,23.96,1030.98,50.91,240.50
315,430,254,636,606,23.96,1030.98,50.90,239.97
316,430,254,635,606,23.96,1030.97,50.89,241.37
317,429,255,635,606,23.96,1030.96,50.88,241.37
318,430,255,635,607,23.96,1030.96,50.86,241.90
319,430,255,636,606,23.96,1030.96,50.86,241.20
320,430,255,636,606,23.96,1030.98,50.86,241.90
321,429,255,636,607,23.96,1030.97,50.84,240.85
322,429,255,636,606,23.96,1030.96,50.84,239.45
323,429,255,636,606,23.96,1030.97,50.82,240.15
324,429,255,636,606,23.96,1030.97,50.82,241.37
325,429,255,637,606,23.96,1030.96,50.82,241.73
326,430,256,637,606,23.96,1030.96,50.80,241.02
327,429,256,636,606,23.96,1030.96,50.81,240.32
328,430,256,636,605,23.96,1030.96,50.78,240.50
329,430,256,637,606,23.96,1030.97,50.78,242.26
330,429,256,636,606,23.96,1030.97,50.78,241.90
331,429,256,636,606,23.96,1030.97,50.79,240.15
332,429,256,636,606,23.95,1030.96,50.77,241.02
333,429,256,637,605,23.95,1030.96,50.77,241.02
334,429,256,637,605,23.95,1030.97,50.77,240.32
335,429,256,637,605,23.95,1030.96,50.75,241.37
336,428,256,637,605,23.95,1030.96,50.75,241.02
337,429,256,636,606,23.95,1030.96,50.73,241.02
338,429,257,637,605,23.95,1030.96,50.72,241.02
339,429,257,636,605,23.95,1030.96,50.73,241.73
340,429,257,637,605,23.95,1030.96,50.73,243.51
341,429,257,637,605,23.95,1030.95,50.71,240.85
342,429,257,637,605,23.95,1030.95,50.70,241.02
343,428,257,637,605,23.95,1030.96,50.69,241.73
344,428,257,637,605,23.95,1030.95,50.69,242.08
345,429,257,637,605,23.95,1030.95,50.69,241.02
346,428,257,637,605,23.95,1030.94,50.68,240.85
347,428,257,637,605,23.95,1030.94,50.68,241.55
348,428,257,637,605,23.95,1030.94,50.66,241.73
349,429,257,638,604,23.95,1030.94,50.66,241.37
350,428,257,637,605,23.95,1030.94,50.66,240.85
351,429,257,637,605,23.95,1030.93,50.66,242.43
352,428,258,637,605,23.95,1030.93,50.64,241.37
353,428,257,637,605,23.95,1030.93,50.64,242.08
354,429,258,638,605,23.95,1030.93,50.62,242.26
355,428,258,637,605,23.95,1030.94,50.63,242.97
356,428,258,638,604,23.95,1030.94,50.63,243.15
357,428,258,637,605,23.95,1030.94,50.62,240.85
358,427,258,637,604,23.95,1030.93,50.60,241.20
359,428,258,637,605,23.95,1030.94,50.61,243.51
360,428,258,638,604,23.95,1030.93,50.60,243.87
361,428,258,638,604,23.95,1030.94,50.60,241.20
362,428,258,637,604,23.94,1030.93,50.59,240.50
363,428,258,637,604,23.94,1030.92,50.58,241.73
364,427,258,637,605,23.94,1030.93,50.58,241.37
365,428,259,637,604,23.94,1030.93,50.57,243.15
366,427,259,638,604,23.94,1030.93,50.57,241.37
367,428,259,638,604,23.94,1030.92,50.57,242.08
368,427,259,637,604,23.94,1030.92,50.54,242.97
369,428,259,637,604,23.94,1030.92,50.56,244.59
370,428,259,638,603,23.94,1030.92,50.55,243.15
371,427,259,637,603,23.94,1030.93,50.55,241.02
372,428,259,637,604,23.94,1030.92,50.54,241.90
373,428,259,637,604,23.94,1030.93,50.53,241.73
374,427,259,637,604,23.94,1030.93,50.53,244.05
375,428,258,637,604,23.94,1030.93,50.52,243.51
376,427,259,638,603,23.94,1030.92,50.51,243.51
377,428,259,638,604,23.94,1030.92,50.52,241.90
378,427,259,637,604,23.94,1030.92,50.50,241.90
379,428,259,637,603,23.94,1030.92,50.51,244.59
380,427,259,637,604,23.94,1030.92,50.50,241.73
381,426,259,638,603,23.94,1030.91,50.49,244.05
382,427,259,638,603,23.94,1030.91,50.49,241.37
383,426,260,638,603,23.94,1030.90,50.49,240.85
384,427,260,637,603,23.94,1030.90,50.49,241.55
385,427,260,638,603,23.94,1030.91,50.48,241.73
386,426,259,638,603,23.93,1030.91,50.48,242.08
387,427,259,638,603,23.93,1030.92,50.48,242.26
388,427,259,638,603,23.93,1030.91,50.47,243.51
389,427,260,637,603,23.93,1030.92,50.46,243.33
390,427,260,637,604,23.93,1030.91,50.46,243.15
391,426,260,638,603,23.93,1030.91,50.46,242.08
392,427,259,638,603,23.93,1030.91,50.46,242.43
393,427,260,637,602,23.93,1030.91,50.44,242.43
394,427,259,638,603,23.93,1030.92,50.43,242.97
395,426,260,638,603,23.93,1030.92,50.43,242.26
396,427,260,638,603,23.93,1030.92,50.43,243.69
397,426,260,638,603,23.93,1030.93,50.42,242.43
398,426,260,638,603,23.93,1030.92,50.42,242.43
399,427,260,638,603,23.93,1030.93,50.42,242.08
400,426,261,638,603,23.93,1030.92,50.40,243.87
401,426,260,638,602,23.93,1030.92,50.40,242.61
402,426,261,638,603,23.93,1030.92,50.40,242.08
403,426,260,638,603,23.93,1030.93,50.40,243.15
404,427,260,638,603,23.93,1030.93,50.40,242.26
405,426,260,637,603,23.93,1030.93,50.39,243.51
406,426,261,638,603,23.93,1030.94,50.37,242.97
407,426,260,638,602,23.93,1030.94,50.39,241.73
408,426,260,638,602,23.93,1030.94,50.40,243.69
409,426,261,638,603,23.93,1030.93,50.37,241.55
410,425,260,638,602,23.93,1030.94,50.38,242.61
411,426,261,639,603,23.93,1030.93,50.37,242.08
412,426,260,638,603,23.93,1030.94,50.37,242.26
413,426,261,638,602,23.93,1030.94,50.36,242.79
414,425,261,638,602,23.93,1030.94,50.37,242.43
415,426,261,638,603,23.93,1030.94,50.36,243.51
416,425,261,638,602,23.92,1030.94,50.35,242.79
417,426,261,638,602,23.92,1030.93,50.37,243.51
418,425,261,637,602,23.92,1030.94,50.35,243.69
419,426,261,638,602,23.92,1030.94,50.35,242.79
420,425,260,638,603,23.92,1030.95,50.35,244.05
421,426,261,638,602,23.92,1030.95,50.34,242.08
422,426,261,638,602,23.92,1030.95,50.33,244.23
423,426,261,638,603,23.92,1030.94,50.33,242.79
424,425,261,639,603,23.92,1030.93,50.32,244.41
425,426,261,638,601,23.92,1030.94,50.32,242.43
426,425,261,638,603,23.92,1030.94,50.33,242.79
427,425,260,638,602,23.92,1030.94,50.30,243.15
428,426,262,638,603,23.92,1030.94,50.32,243.87
429,425,262,638,602,23.92,1030.93,50.31,243.51
430,425,261,638,602,23.92,1030.94,50.30,243.15
431,426,262,639,602,23.92,1030.94,50.31,242.79
432,426,261,637,603,23.92,1030.94,50.29,242.08
433,425,261,639,602,23.92,1030.94,50.31,242.79
434,425,261,638,601,23.92,1030.94,50.30,243.51
435,425,261,638,602,23.92,1030.94,50.29,243.51
436,425,261,639,602,23.92,1030.94,50.29,244.77
437,425,261,638,601,23.92,1030.96,50.29,244.59
438,424,261,638,601,23.92,1030.95,50.28,242.97
439,425,262,638,601,23.92,1030.96,50.28,244.05
440,426,261,639,602,23.92,1030.96,50.28,242.26
441,424,262,638,601,23.92,1030.96,50.27,245.68
442,425,262,638,601,23.92,1030.95,50.27,242.43
443,425,261,638,602,23.92,1030.95,50.27,242.08
444,425,262,638,601,23.91,1030.95,50.26,242.79
445,425,261,638,601,23.91,1030.94,50.26,242.61
446,425,261,639,601,23.91,1030.94,50.26,243.33
447,425,262,638,601,23.91,1030.93,50.26,242.79
448,424,261,639,601,23.91,1030.93,50.26,244.59
449,424,262,638,602,23.91,1030.94,50.26,242.97
450,424,261,637,601,23.91,1030.94,50.27,242.79
451,425,262,638,602,23.91,1030.94,50.24,245.31
452,425,262,639,601,23.91,1030.94,50.24,242.97
453,425,262,638,601,23.91,1030.93,50.24,243.69
454,424,261,638,602,23.91,1030.94,50.24,243.51
455,424,262,638,601,23.91,1030.94,50.24,244.05
456,425,262,638,601,23.91,1030.93,50.24,243.69
457,424,262,638,601,23.91,1030.94,50.23,242.97
458,425,262,638,601,23.91,1030.93,50.23,245.13
459,425,262,639,601,23.91,1030.94,50.22,242.97
460,424,262,638,601,23.91,1030.94,50.24,243.87
461,425,262,638,601,23.91,1030.94,50.22,243.87
462,425,262,638,601,23.91,1030.95,50.22,243.69
463,424,262,638,601,23.91,1030.94,50.22,242.79
464,425,262,638,601,23.91,1030.94,50.21,244.95
465,425,262,639,601,23.91,1030.94,50.21,243.15
466,424,263,638,601,23.91,1030.95,50.21,242.97
467,424,262,638,601,23.91,1030.95,50.20,244.05
468,425,262,638,601,23.91,1030.96,50.20,242.61
469,424,262,638,602,23.91,1030.96,50.21,243.51
470,424,262,638,602,23.91,1030.96,50.20,242.43
471,424,263,638,601,23.91,1030.96,50.20,242.79
472,424,262,638,601,23.91,1030.96,50.20,243.69
473,424,262,638,601,23.91,1030.96,50.20,244.95
474,424,262,638,600,23.91,1030.96,50.20,243.69
475,424,262,638,600,23.91,1030.95,50.19,243.69
476,424,263,638,601,23.91,1030.95,50.19,244.77
477,424,263,638,601,23.91,1030.95,50.18,243.51
478,424,263,638,600,23.91,1030.97,50.18,243.51
479,424,262,638,601,23.91,1030.97,50.19,243.69
480,423,262,638,601,23.90,1030.96,50.18,243.15
481,424,262,639,601,23.90,1030.96,50.17,244.05
482,424,262,638,601,23.90,1030.96,50.18,244.23
483,424,262,638,601,23.90,1030.96,50.17,242.79
484,423,263,637,600,23.90,1030.97,50.15,244.41
485,423,263,638,601,23.90,1030.96,50.16,245.31
486,424,262,638,601,23.90,1030.95,50.16,244.05
487,424,263,639,601,23.90,1030.95,50.15,244.95
488,424,263,638,600,23.90,1030.95,50.15,245.50
489,423,262,638,601,23.90,1030.94,50.15,244.59
490,424,262,638,601,23.90,1030.95,50.15,243.51
491,423,263,638,600,23.90,1030.95,50.15,246.04
492,423,263,638,601,23.90,1030.95,50.15,244.23
493,423,262,638,601,23.90,1030.94,50.14,243.87
494,423,262,638,600,23.90,1030.94,50.16,244.59
495,424,262,638,601,23.90,1030.94,50.13,243.69
496,424,263,638,600,23.90,1030.93,50.14,244.23
497,423,263,638,600,23.90,1030.94,50.12,243.51
498,424,263,638,601,23.90,1030.94,50.11,244.41
499,424,263,637,600,23.90,1030.94,50.13,245.68
500,423,263,638,601,23.90,1030.21,50.13,245.68
501,415,261,635,596,23.89,1029.58,50.12,246.23
502,396,259,630,584,23.89,1029.07,50.11,251.47
503,375,257,626,573,23.88,1028.73,50.09,259.36
504,356,254,622,561,23.87,1028.47,50.01,266.69
505,340,253,618,551,23.86,1028.29,49.95,275.35
506,325,251,615,540,23.85,1028.15,49.85,282.65
507,313,249,611,531,23.84,1028.03,49.71,288.57
508,303,248,608,523,23.84,1027.95,49.59,295.27
509,293,246,605,516,23.83,1027.89,49.42,302.57
510,285,245,601,508,23.82,1027.84,49.26,306.21
511,277,243,598,502,23.82,1027.80,49.09,313.18
512,271,242,595,496,23.82,1027.77,48.93,316.47
513,265,241,592,490,23.81,1027.75,48.76,319.84
514,260,240,590,485,23.81,1027.74,48.59,324.87
515,256,238,587,481,23.80,1027.72,48.42,327.45
516,252,236,585,476,23.80,1027.71,48.25,333.39
517,249,236,582,472,23.80,1027.70,48.09,333.73
518,245,234,580,468,23.80,1027.70,47.91,336.44
519,243,233,577,464,23.79,1027.70,47.77,339.90
520,240,232,575,461,23.79,1027.70,47.60,343.79
521,238,231,572,458,23.79,1027.69,47.47,345.95
522,235,230,570,454,23.79,1027.69,47.32,346.68
523,233,229,569,452,23.79,1027.69,47.17,351.10
524,231,227,565,449,23.78,1027.68,47.03,353.72
525,230,227,564,446,23.78,1027.66,46.90,354.10
526,228,226,562,444,23.78,1027.67,46.77,354.86
527,227,225,560,441,23.78,1027.67,46.65,356.78
528,225,224,557,439,23.78,1027.66,46.52,358.32
529,223,223,556,437,23.78,1027.67,46.41,360.28
530,222,221,554,435,23.78,1027.67,46.30,361.06
531,220,220,552,433,23.77,1027.66,46.19,361.06
532,220,220,551,431,23.77,1027.65,46.08,365.86
533,218,219,549,430,23.77,1027.64,45.98,366.27
534,217,218,547,428,23.77,1027.64,45.87,367.49
535,216,217,545,426,23.77,1027.65,45.78,367.49
536,215,216,544,424,23.77,1027.64,45.69,372.04
537,214,215,542,423,23.77,1027.64,45.61,372.46
538,213,214,540,422,23.76,1027.62,45.52,371.62
539,212,213,539,420,23.76,1027.61,45.44,373.72
540,211,213,538,418,23.76,1027.60,45.36,373.72
541,210,212,536,417,23.76,1027.58,45.25,373.30
542,209,211,535,416,23.76,1027.58,45.18,376.27
543,208,211,533,415,23.76,1027.57,45.11,375.42
544,208,210,532,414,23.76,1027.57,45.05,380.64
545,207,209,530,412,23.76,1027.56,44.97,380.64
546,207,209,529,411,23.76,1027.55,44.90,382.37
547,205,208,527,410,23.76,1027.55,44.85,379.78
548,206,207,526,409,23.76,1027.56,44.77,380.42
549,205,206,524,409,23.76,1027.55,44.72,382.81
550,204,205,523,407,23.76,1027.56,44.65,383.46
551,203,205,522,407,23.76,1027.56,44.61,385.22
552,203,204,520,405,23.76,1027.56,44.54,385.00
553,202,204,520,405,23.76,1027.55,44.49,388.12
554,201,203,519,404,23.76,1027.54,44.42,389.24
555,202,203,518,404,23.76,1027.54,44.38,386.33
556,201,201,516,403,23.76,1027.54,44.32,387.00
557,200,201,515,402,23.76,1027.52,44.27,389.01
558,200,201,514,401,23.76,1027.52,44.22,387.22
559,199,200,512,400,23.76,1027.52,44.18,389.24
560,199,199,512,400,23.76,1027.51,44.14,391.05
561,198,199,510,399,23.76,1027.51,44.09,392.19
562,198,197,509,398,23.76,1027.50,44.06,394.26
563,197,198,508,398,23.76,1027.50,44.03,395.43
564,197,196,506,397,23.76,1027.50,43.97,392.42
565,196,196,506,397,23.76,1027.50,43.95,392.65
566,196,196,505,397,23.77,1027.51,43.89,394.03
567,195,194,504,395,23.76,1027.50,43.86,394.26
568,195,194,503,395,23.77,1027.51,43.82,394.03
569,195,194,502,394,23.77,1027.50,43.79,395.19
570,194,193,502,394,23.77,1027.51,43.76,396.36
571,194,193,500,393,23.77,1027.50,43.71,394.96
572,194,192,500,393,23.77,1027.51,43.68,398.47
573,193,192,498,393,23.77,1027.51,43.65,397.06
574,193,191,498,392,23.77,1027.52,43.63,396.59
575,192,190,497,391,23.77,1027.55,43.59,398.95
576,192,190,495,392,23.77,1027.56,43.57,397.30
577,192,189,495,391,23.77,1027.57,43.54,401.33
578,192,189,493,391,23.77,1027.56,43.52,398.00
579,191,189,493,390,23.77,1027.55,43.49,398.71
580,191,189,492,390,23.77,1027.54,43.47,399.42
581,191,188,492,389,23.77,1027.54,43.43,399.42
582,190,187,491,390,23.77,1027.53,43.43,400.37
583,190,187,490,389,23.78,1027.54,43.40,401.81
584,190,186,489,388,23.78,1027.53,43.38,400.85
585,189,186,488,387,23.78,1027.53,43.35,401.57
586,189,185,487,387,23.78,1027.53,43.33,403.02
587,189,185,487,387,23.78,1027.54,43.30,401.57
588,189,185,486,387,23.78,1027.54,43.29,405.20
589,188,184,485,386,23.78,1027.54,43.27,401.57
590,188,183,485,386,23.78,1027.53,43.26,402.05
591,188,183,484,386,23.78,1027.54,43.24,405.45
592,187,182,483,385,23.78,1027.55,43.21,404.71
593,187,182,482,386,23.78,1027.54,43.20,403.99
594,186,182,481,386,23.78,1027.56,43.17,403.74
595,186,181,481,384,23.78,1027.56,43.17,403.50
596,186,181,479,384,23.78,1027.56,43.16,405.94
597,186,181,479,384,23.78,1027.57,43.14,405.45
598,186,181,478,384,23.78,1027.58,43.13,404.71
599,185,180,477,384,23.78,1027.57,43.11,405.45
600,184,180,477,384,23.78,1027.58,43.09,405.94
601,185,180,477,384,23.78,1027.58,43.09,404.96
602,185,179,476,382,23.78,1027.59,43.07,405.69
603,184,178,475,382,23.78,1027.59,43.05,405.94
604,184,178,474,383,23.78,1027.59,43.04,407.91
605,184,177,473,382,23.78,1027.58,43.04,406.43
606,184,178,473,382,23.78,1027.58,43.02,408.90
607,184,177,473,382,23.78,1027.59,43.01,406.18
608,183,176,472,382,23.78,1027.59,42.99,411.15
609,183,176,471,381,23.78,1027.58,42.99,408.41
610,183,176,470,381,23.79,1027.57,42.96,410.15
611,182,176,470,381,23.79,1027.58,42.94,408.16
612,182,175,469,380,23.79,1027.58,42.93,408.90
613,182,174,469,380,23.79,1027.58,42.93,408.41
614,182,175,468,381,23.79,1027.58,42.92,411.66
615,182,174,468,381,23.79,1027.59,42.90,407.66
616,182,173,467,380,23.79,1027.58,42.89,412.42
617,181,173,466,380,23.79,1027.57,42.87,411.41
618,181,173,466,379,23.79,1027.58,42.87,409.15
619,181,173,465,379,23.79,1027.58,42.85,411.15
620,180,172,464,379,23.79,1027.58,42.83,410.15
621,181,172,463,379,23.79,1027.58,42.83,413.43
622,179,172,463,378,23.80,1027.59,42.80,413.94
623,180,172,463,378,23.79,1027.59,42.80,410.40
624,180,171,462,378,23.79,1027.58,42.79,409.65
625,180,170,462,378,23.80,1027.59,42.78,414.96
626,179,171,461,377,23.80,1027.58,42.76,410.90
627,179,170,460,377,23.80,1027.58,42.76,413.94
628,179,169,460,378,23.80,1027.59,42.74,413.69
629,179,169,459,377,23.80,1027.60,42.72,411.91
630,179,170,459,377,23.80,1027.60,42.73,412.42
631,178,168,459,378,23.80,1027.59,42.71,411.15
632,178,169,458,377,23.80,1027.60,42.69,412.42
633,178,168,458,377,23.80,1027.59,42.69,411.91
634,178,168,457,376,23.80,1027.58,42.68,411.41
635,178,168,456,377,23.80,1027.62,42.68,413.94
636,178,167,456,376,23.80,1027.62,42.67,413.43
637,177,167,456,376,23.80,1027.62,42.65,413.69
638,178,167,455,376,23.80,1027.61,42.63,414.96
639,177,166,455,376,23.81,1027.61,42.63,416.25
640,177,167,455,376,23.81,1027.61,42.62,412.92
641,178,166,454,376,23.81,1027.62,42.63,411.91
642,177,166,454,377,23.81,1027.62,42.61,413.18
643,177,166,453,376,23.81,1027.62,42.62,415.22
644,177,166,453,377,23.81,1027.61,42.60,414.45
645,176,165,452,376,23.81,1027.62,42.63,413.43
646,176,165,451,376,23.81,1027.62,42.62,413.69
647,176,165,451,375,23.81,1027.63,42.62,416.51
648,176,165,450,376,23.81,1027.63,42.63,413.18
649,176,164,450,376,23.81,1027.63,42.60,417.02
650,176,164,451,375,23.81,1027.63,42.61,414.20
651,176,163,450,375,23.81,1027.63,42.61,413.43
652,175,163,449,375,23.81,1027.65,42.61,415.74
653,174,162,449,375,23.81,1027.65,42.60,415.48
654,175,163,449,374,23.81,1027.65,42.61,415.48
655,176,163,448,375,23.81,1027.66,42.60,418.06
656,175,163,447,374,23.82,1027.66,42.59,414.45
657,175,162,447,375,23.82,1027.66,42.59,418.58
658,175,162,446,374,23.82,1027.66,42.58,414.71
659,175,161,445,375,23.82,1027.65,42.59,416.25
660,174,161,445,375,23.82,1027.65,42.58,416.51
661,174,161,446,374,23.82,1027.64,42.56,420.15
662,174,160,445,375,23.82,1027.64,42.55,418.06
663,174,161,444,374,23.81,1027.63,42.54,417.54
664,173,160,444,374,23.81,1027.62,42.54,415.74
665,174,160,444,374,23.82,1027.64,42.54,417.28
666,173,160,443,374,23.82,1027.65,42.53,419.11
667,174,159,444,374,23.82,1027.64,42.51,415.99
668,173,159,443,373,23.82,1027.64,42.53,420.42
669,173,160,443,374,23.82,1027.66,42.53,419.63
670,173,159,443,374,23.82,1027.66,42.51,416.51
671,174,159,442,374,23.82,1027.65,42.51,415.99
672,173,159,441,374,23.82,1027.65,42.51,417.02
673,173,159,441,374,23.82,1027.65,42.51,416.25
674,172,158,441,374,23.82,1027.64,42.51,418.06
675,173,158,440,373,23.82,1027.64,42.51,413.94
676,172,158,440,373,23.82,1027.64,42.51,415.99
677,172,158,440,373,23.82,1027.64,42.51,419.11
678,172,158,439,374,23.82,1027.64,42.51,418.32
679,172,157,439,373,23.82,1027.63,42.53,415.74
680,172,157,439,374,23.82,1027.64,42.51,416.51
681,172,157,439,374,23.82,1027.64,42.52,417.80
682,172,157,438,373,23.82,1027.65,42.52,419.11
683,172,157,438,373,23.82,1027.65,42.52,419.37
684,172,156,438,373,23.82,1027.66,42.52,416.51
685,172,156,437,373,23.82,1027.65,42.54,415.99
686,172,156,437,373,23.82,1027.66,42.54,418.58
687,171,156,437,374,23.82,1027.66,42.54,417.02
688,172,155,437,372,23.83,1027.65,42.54,415.99
689,171,156,437,373,23.83,1027.64,42.56,415.99
690,172,156,436,373,23.83,1027.65,42.56,417.54
691,172,155,436,373,23.83,1027.63,42.56,419.89
692,172,155,436,374,23.83,1027.63,42.59,417.54
693,172,155,435,373,23.83,1027.63,42.59,416.25
694,172,154,436,373,23.83,1027.63,42.59,417.80
695,171,154,435,374,23.83,1027.62,42.61,415.74
696,172,154,434,374,23.83,1027.63,42.61,415.48
697,171,154,435,373,23.83,1027.62,42.65,417.28
698,171,154,434,373,23.83,1027.63,42.64,417.02
699,170,154,433,373,23.83,1027.63,42.65,417.02
700,170,153,432,372,23.83,1027.63,42.67,415.99
701,170,154,433,373,23.83,1027.62,42.68,420.42
702,170,153,432,372,23.83,1027.62,42.67,419.11
703,169,152,431,372,23.83,1027.62,42.68,419.37
704,169,153,432,373,23.83,1027.62,42.68,418.06
705,169,152,431,372,23.83,1027.61,42.66,420.15
706,169,152,431,372,23.83,1027.61,42.67,418.06
707,169,152,430,371,23.83,1027.61,42.66,418.32
708,169,152,430,371,23.83,1027.61,42.66,418.58
709,168,152,430,371,23.83,1027.63,42.64,417.54
710,168,152,429,371,23.83,1027.63,42.64,420.42
711,168,151,429,371,23.83,1027.64,42.62,419.37
712,168,151,429,371,23.83,1027.65,42.63,424.13
713,168,151,429,371,23.83,1027.66,42.60,423.06
714,168,151,429,371,23.83,1027.65,42.59,419.63
715,168,151,428,371,23.83,1027.64,42.59,419.63
716,168,150,427,371,23.83,1027.64,42.58,418.58
717,169,151,427,371,23.83,1027.65,42.58,422.80
718,168,151,428,371,23.83,1027.67,42.56,424.40
719,169,151,427,371,23.83,1027.67,42.58,419.63
720,168,150,427,371,23.83,1027.68,42.58,421.21
721,167,149,427,371,23.83,1027.69,42.57,419.37
722,167,149,426,371,23.83,1027.67,42.56,422.53
723,167,149,426,371,23.83,1027.68,42.56,426.02
724,167,150,425,371,23.83,1027.67,42.56,419.63
725,167,149,426,371,23.83,1027.67,42.56,420.68
726,168,149,425,371,23.83,1027.67,42.56,421.21
727,167,149,425,371,23.83,1027.69,42.55,421.21
728,167,149,425,371,23.83,1027.69,42.54,419.11
729,167,149,425,371,23.83,1027.68,42.55,420.15
730,167,149,424,370,23.83,1027.67,42.53,419.63
731,167,149,424,371,23.83,1027.65,42.55,422.53
732,167,148,425,371,23.83,1027.63,42.56,419.63
733,167,148,424,371,23.83,1027.61,42.55,419.63
734,167,148,424,371,23.83,1027.60,42.56,420.94
735,167,148,423,370,23.83,1027.59,42.55,421.74
736,167,148,423,371,23.83,1027.59,42.56,419.63
737,167,148,423,370,23.83,1027.58,42.56,421.21
738,167,147,423,371,23.83,1027.57,42.55,421.47
739,166,147,422,370,23.83,1027.57,42.56,423.33
740,165,147,421,370,23.83,1027.57,42.55,423.60
741,166,147,421,370,23.83,1027.57,42.54,421.47
742,166,147,421,371,23.83,1027.57,42.54,423.60
743,166,147,421,370,23.83,1027.57,42.53,420.42
744,166,147,421,371,23.83,1027.57,42.53,421.74
745,166,147,421,371,23.83,1027.57,42.52,420.94
746,165,146,421,370,23.83,1027.56,42.53,421.74
747,166,147,420,370,23.83,1027.57,42.52,420.94
748,166,146,421,370,23.83,1027.56,42.53,424.67
749,165,146,420,370,23.83,1027.54,42.53,422.27
