Time,NO2,C2H5CH,VOC,CO,Temperature,Pressure,Humidity,Gas Resistance
0,178,138,411,376,24.06,1022.00,47.24,416.77
1,178,138,411,377,24.06,1022.00,47.23,417.54
2,177,138,410,377,24.06,1022.00,47.23,420.15
3,177,138,410,377,24.06,1022.00,47.24,422.00
4,178,137,410,376,24.06,1022.01,47.23,420.94
5,177,138,409,376,24.06,1022.01,47.23,420.94
6,177,138,409,376,24.06,1022.01,47.21,420.15
7,177,138,409,376,24.06,1022.01,47.20,418.58
8,176,137,409,376,24.06,1022.01,47.20,419.89
9,177,138,408,376,24.06,1022.00,47.20,418.58
10,176,137,408,376,24.06,1022.01,47.20,420.68
11,176,137,409,377,24.06,1022.00,47.19,419.11
12,176,137,408,376,24.06,1022.00,47.20,422.27
13,176,137,407,376,24.06,1021.99,47.19,418.32
14,176,136,408,376,24.06,1022.00,47.21,420.42
15,176,137,407,376,24.06,1022.00,47.19,420.42
16,175,137,407,376,24.06,1022.00,47.19,417.54
17,176,137,407,376,24.06,1022.00,47.18,418.58
18,176,137,407,375,24.06,1022.01,47.19,418.85
19,176,136,406,376,24.06,1022.02,47.18,419.89
20,176,136,406,375,24.06,1022.02,47.19,420.15
21,175,135,406,375,24.06,1022.02,47.18,422.53
22,175,135,405,375,24.06,1022.01,47.18,419.11
23,175,136,405,375,24.06,1022.02,47.16,420.42
24,175,135,406,376,24.06,1022.02,47.16,418.58
25,175,135,405,376,24.06,1022.01,47.16,420.94
26,175,135,405,375,24.06,1022.00,47.17,419.11
27,175,135,405,375,24.06,1021.99,47.16,420.94
28,175,135,404,375,24.06,1021.97,47.15,418.58
29,174,135,404,375,24.06,1022.00,47.16,419.37
30,174,135,404,375,24.06,1022.02,47.14,418.85
31,175,134,403,375,24.06,1022.04,47.15,419.37
32,174,135,403,375,24.06,1022.08,47.16,419.11
33,174,134,403,376,24.06,1022.12,47.14,422.00
34,174,135,403,376,24.06,1022.15,47.14,420.94
35,174,134,403,375,24.06,1022.15,47.14,419.63
36,174,134,403,375,24.06,1022.16,47.14,422.27
37,174,134,403,376,24.06,1022.15,47.13,420.68
38,174,134,402,375,24.06,1022.16,47.13,419.11
39,174,134,402,376,24.06,1022.17,47.14,420.42
40,174,133,401,375,24.06,1022.17,47.13,421.21
41,173,134,402,376,24.06,1022.18,47.14,419.37
42,174,134,401,375,24.06,1022.19,47.13,420.15
43,173,134,401,375,24.06,1022.19,47.12,419.63
44,174,133,401,375,24.06,1022.20,47.14,419.63
45,174,133,401,375,24.06,1022.20,47.12,419.63
46,173,133,400,375,24.06,1022.21,47.12,419.89
47,173,132,401,376,24.06,1022.21,47.12,420.15
48,174,133,401,375,24.06,1022.22,47.12,419.89
49,174,133,400,376,24.06,1022.22,47.12,419.63
50,173,133,400,376,24.06,1022.22,47.13,421.74
51,173,133,401,376,24.06,1022.21,47.15,422.53
52,174,133,401,376,24.06,1022.19,47.15,417.54
53,174,133,400,376,24.06,1022.18,47.17,421.74
54,174,132,399,376,24.06,1022.17,47.18,417.54
55,173,133,399,376,24.06,1022.16,47.20,420.15
56,173,132,399,376,24.06,1022.13,47.21,418.85
57,174,132,399,376,24.06,1022.12,47.20,418.85
58,173,132,399,376,24.06,1022.10,47.23,419.11
59,173,132,399,375,24.06,1022.09,47.24,418.85
60,173,132,398,376,24.06,1022.10,47.24,420.94
61,173,132,398,375,24.06,1022.11,47.25,420.15
62,172,132,397,376,24.06,1022.12,47.26,421.47
63,173,132,397,376,24.06,1022.11,47.26,417.80
64,172,132,398,376,24.06,1022.09,47.26,418.06
65,173,132,397,376,24.06,1022.10,47.28,417.80
66,173,132,398,376,24.06,1022.08,47.28,418.58
67,173,132,397,376,24.06,1022.07,47.28,418.06
68,177,131,397,377,24.06,1022.07,47.30,421.21
69,179,131,397,376,24.07,1022.06,47.29,418.58
70,178,131,396,376,24.06,1022.06,47.31,414.45
71,177,131,396,376,24.06,1022.04,47.32,420.68
72,176,131,396,376,24.06,1022.04,47.32,419.89
73,175,131,396,376,24.06,1022.04,47.31,418.58
74,174,131,396,376,24.06,1022.03,47.33,418.85
75,174,131,396,376,24.06,1022.03,47.31,418.58
76,174,130,395,376,24.06,1022.02,47.32,422.00
77,174,131,395,376,24.06,1022.02,47.31,416.77
78,173,131,395,376,24.06,1022.02,47.31,421.74
79,173,130,395,375,24.06,1022.04,47.31,419.11
80,172,130,394,376,24.06,1022.05,47.31,420.68
81,172,130,395,375,24.06,1022.06,47.29,421.74
82,172,130,394,375,24.06,1022.05,47.28,423.60
83,173,131,395,376,24.06,1022.06,47.29,419.89
84,173,130,396,376,24.06,1022.05,47.29,417.80
85,173,130,395,377,24.06,1022.07,47.30,421.21
86,173,131,396,378,24.06,1022.06,47.31,417.54
87,174,130,396,377,24.06,1022.06,47.34,416.25
88,174,131,395,378,24.06,1022.07,47.36,416.51
89,173,130,395,378,24.06,1022.05,47.39,415.99
90,174,130,395,378,24.06,1022.04,47.45,416.25
91,174,130,395,378,24.06,1022.03,47.48,415.22
92,174,130,395,378,24.07,1022.02,47.51,418.58
93,173,130,395,378,24.07,1022.02,47.55,417.54
94,173,129,395,378,24.06,1022.01,47.60,417.54
95,173,129,394,378,24.06,1022.03,47.63,413.94
96,173,130,394,378,24.06,1022.02,47.65,417.80
97,173,129,395,378,24.06,1022.02,47.68,415.99
98,172,129,394,378,24.06,1022.02,47.72,417.02
99,172,129,393,378,24.06,1022.01,47.72,415.99
100,172,129,393,378,24.06,1022.01,47.76,419.11
101,172,129,393,377,24.06,1022.00,47.78,414.45
102,172,129,393,378,24.06,1022.00,47.79,417.54
103,171,128,392,377,24.06,1022.01,47.82,415.22
104,171,129,392,377,24.07,1022.01,47.81,418.06
105,171,128,392,377,24.07,1022.00,47.84,416.25
106,171,129,392,377,24.07,1022.00,47.82,415.48
107,171,128,391,377,24.07,1022.01,47.82,417.02
108,170,128,391,377,24.06,1022.02,47.83,415.48
109,170,128,390,377,24.06,1022.02,47.82,419.37
110,171,128,391,377,24.06,1022.01,47.82,420.68
111,170,128,390,377,24.06,1022.00,47.81,416.25
112,170,128,391,377,24.06,1022.01,47.79,418.58
113,170,127,390,376,24.06,1022.01,47.78,419.89
114,169,127,389,377,24.06,1022.01,47.75,419.37
115,169,127,390,376,24.06,1022.02,47.75,418.58
116,169,127,389,376,24.06,1022.03,47.73,419.89
117,170,128,389,376,24.06,1022.03,47.70,420.15
118,169,127,389,376,24.06,1022.03,47.68,422.80
119,170,127,389,376,24.06,1022.07,47.66,422.80
120,183,128,391,378,24.06,1022.10,47.65,417.54
121,313,132,407,409,24.06,1022.11,47.65,395.66
122,497,139,434,457,24.06,1022.12,47.66,357.16
123,595,147,459,503,24.06,1022.11,47.73,323.28
124,632,153,480,534,24.07,1022.11,47.89,298.47
125,651,159,498,559,24.07,1022.11,48.09,277.90
126,657,165,513,581,24.07,1022.13,48.34,263.50
127,659,169,526,596,24.07,1022.11,48.62,253.59
128,656,173,536,610,24.07,1022.11,48.94,244.23
129,652,176,544,618,24.08,1022.13,49.26,237.22
130,646,179,552,626,24.08,1022.13,49.61,231.57
131,638,182,559,632,24.08,1022.12,49.96,227.90
132,631,185,564,637,24.08,1022.11,50.32,226.18
133,624,187,569,640,24.08,1022.09,50.66,223.73
134,618,190,573,644,24.08,1022.09,51.01,222.38
135,610,191,576,646,24.09,1022.09,51.37,217.98
136,603,193,579,648,24.09,1022.09,51.69,217.40
137,598,195,582,650,24.09,1022.10,52.03,215.42
138,591,196,585,653,24.09,1022.10,52.36,214.30
139,580,197,586,653,24.09,1022.09,52.70,213.34
140,569,198,587,652,24.09,1022.49,53.02,213.06
141,559,199,587,652,24.10,1023.20,53.35,212.78
142,551,199,587,652,24.10,1023.73,53.66,214.03
143,546,200,589,652,24.11,1024.14,53.96,215.56
144,542,201,590,651,24.12,1024.45,54.22,218.99
145,538,201,590,651,24.13,1024.67,54.47,217.98
146,535,202,592,650,24.14,1024.84,54.68,219.42
147,532,202,591,651,24.15,1024.96,54.87,222.83
148,529,203,593,651,24.15,1025.07,55.04,222.68
149,528,203,594,650,24.16,1025.14,55.20,224.64
150,526,204,595,649,24.17,1025.19,55.33,224.49
151,524,205,595,649,24.17,1025.24,55.46,224.49
152,522,206,597,648,24.18,1025.27,55.55,225.56
153,520,206,598,647,24.18,1025.29,55.62,226.03
154,520,206,598,646,24.19,1025.31,55.70,226.65
155,518,207,599,646,24.19,1025.32,55.76,228.37
156,517,207,600,646,24.20,1025.32,55.80,229.64
157,516,208,600,646,24.20,1025.34,55.86,231.40
158,515,208,601,645,24.20,1025.35,55.88,229.16
159,514,208,602,644,24.21,1025.35,55.90,229.64
160,513,209,602,643,24.21,1025.36,55.91,229.80
161,513,209,603,643,24.21,1025.35,55.94,230.76
162,512,211,604,642,24.22,1025.36,55.93,230.92
163,510,210,604,643,24.22,1025.36,55.93,234.52
164,510,210,604,642,24.22,1025.36,55.93,233.86
165,510,210,605,642,24.22,1025.36,55.93,232.22
166,509,212,606,641,24.23,1025.36,55.91,233.04
167,508,212,606,641,24.23,1025.36,55.90,232.87
168,508,212,607,640,24.23,1025.35,55.88,233.53
169,507,213,608,640,24.23,1025.35,55.86,234.36
170,507,213,608,640,24.24,1025.35,55.84,233.86
171,507,213,608,639,24.24,1025.35,55.81,234.36
172,506,214,609,639,24.24,1025.34,55.79,235.53
173,505,214,610,638,24.24,1025.34,55.76,234.86
174,505,214,611,638,24.25,1025.33,55.75,236.71
175,505,216,611,638,24.25,1025.33,55.71,236.20
176,504,216,611,638,24.25,1025.34,55.67,237.56
177,504,215,612,637,24.25,1025.34,55.66,235.86
178,503,216,613,636,24.25,1025.35,55.61,236.20
179,503,217,613,636,24.25,1025.34,55.56,237.22
180,502,217,613,635,24.26,1025.34,55.54,237.73
181,503,217,613,635,24.26,1025.34,55.52,236.54
182,502,218,614,634,24.26,1025.34,55.49,238.41
183,502,218,614,635,24.26,1025.34,55.43,237.22
184,501,218,615,635,24.26,1025.34,55.41,239.28
185,502,219,615,634,24.27,1025.35,55.37,239.97
186,501,220,616,633,24.27,1025.35,55.33,238.76
187,501,219,616,634,24.27,1025.35,55.31,238.76
188,500,220,617,633,24.27,1025.35,55.28,238.24
189,500,221,617,634,24.27,1025.35,55.22,237.90
190,500,221,617,633,24.27,1025.34,55.18,239.97
191,499,221,618,633,24.27,1025.34,55.16,239.28
192,500,221,619,633,24.27,1025.35,55.13,240.50
193,499,222,619,633,24.27,1025.34,55.09,239.80
194,499,223,619,633,24.27,1025.34,55.05,239.28
195,499,223,619,631,24.27,1025.35,55.02,239.10
196,499,223,620,631,24.28,1025.35,55.00,239.97
197,498,224,620,631,24.28,1025.36,54.95,240.50
198,498,224,621,631,24.28,1025.35,54.92,241.55
199,497,224,620,631,24.28,1025.34,54.89,239.97
200,498,224,621,631,24.28,1025.35,54.87,240.32
201,497,225,620,631,24.28,1025.35,54.83,241.55
202,497,225,622,631,24.28,1025.36,54.81,241.37
203,497,225,621,630,24.28,1025.36,54.77,239.62
204,497,226,623,630,24.28,1025.36,54.74,241.37
205,497,226,623,629,24.28,1025.37,54.71,241.02
206,496,227,623,629,24.28,1025.37,54.68,240.85
207,496,226,623,629,24.28,1025.37,54.65,241.55
208,496,227,623,629,24.29,1025.36,54.61,241.37
209,496,227,623,629,24.29,1025.36,54.59,241.02
210,496,228,624,629,24.29,1025.36,54.56,241.90
211,495,228,624,628,24.29,1025.35,54.53,242.43
212,495,228,625,629,24.29,1025.35,54.50,243.33
213,495,228,625,629,24.29,1025.35,54.48,243.51
214,495,229,625,628,24.29,1025.35,54.45,242.79
215,495,228,626,627,24.29,1025.35,54.42,242.08
216,495,229,625,628,24.29,1025.35,54.40,242.61
217,494,229,625,628,24.29,1025.36,54.37,242.79
218,494,230,626,627,24.29,1025.36,54.34,242.79
219,495,230,627,627,24.29,1025.35,54.34,242.26
220,494,230,626,627,24.29,1025.35,54.28,243.87
221,494,230,627,626,24.29,1025.34,54.26,241.37
222,493,231,627,626,24.29,1025.35,54.25,242.79
223,494,231,627,627,24.29,1025.35,54.22,242.79
224,493,231,627,626,24.29,1025.35,54.19,244.23
225,494,231,628,625,24.29,1025.35,54.18,244.05
226,493,232,628,626,24.29,1025.35,54.15,243.51
227,493,232,628,626,24.29,1025.35,54.12,246.23
228,493,233,629,626,24.29,1025.36,54.10,244.59
229,493,232,629,625,24.29,1025.35,54.08,245.13
230,493,232,629,625,24.29,1025.35,54.06,243.15
231,493,233,629,625,24.29,1025.36,54.06,244.41
232,492,233,629,625,24.29,1025.36,54.01,243.87
233,492,233,629,625,24.29,1025.35,54.01,242.97
234,492,234,629,624,24.29,1025.36,53.98,245.31
235,492,234,630,625,24.29,1025.36,53.97,244.59
236,492,234,630,624,24.29,1025.36,53.93,243.15
237,491,234,630,624,24.29,1025.35,53.93,244.77
238,491,235,630,625,24.29,1025.36,53.89,244.59
239,491,235,630,625,24.29,1025.36,53.89,243.51
240,491,234,630,624,24.29,1025.36,53.85,245.31
241,491,235,630,623,24.29,1025.37,53.84,246.04
242,491,235,631,624,24.29,1025.36,53.82,245.86
243,491,236,631,624,24.29,1025.36,53.81,244.59
244,491,236,631,624,24.29,1025.36,53.78,244.59
245,490,236,631,623,24.29,1025.36,53.77,246.59
246,490,236,630,623,24.29,1025.36,53.76,244.95
247,491,236,631,622,24.29,1025.36,53.73,245.68
248,490,237,631,623,24.29,1025.36,53.70,244.95
249,490,237,632,623,24.29,1025.36,53.69,246.23
250,490,236,631,623,24.29,1025.36,53.69,246.78
251,490,238,632,623,24.29,1025.36,53.66,246.59
252,490,237,632,622,24.29,1025.35,53.66,246.78
253,489,237,632,622,24.29,1025.35,53.64,245.13
254,490,238,632,622,24.29,1025.35,53.61,245.31
255,490,238,632,622,24.29,1025.36,53.61,245.86
256,490,238,632,622,24.29,1025.37,53.59,245.86
257,489,238,633,621,24.29,1025.37,53.56,247.70
258,490,238,633,622,24.29,1025.36,53.55,245.31
259,489,239,633,622,24.29,1025.36,53.54,246.04
260,488,238,633,622,24.28,1025.36,53.52,247.70
261,489,239,633,621,24.28,1025.36,53.50,248.26
262,489,239,633,621,24.28,1025.36,53.50,245.31
263,489,239,634,621,24.28,1025.36,53.47,247.15
264,488,240,633,621,24.28,1025.36,53.46,247.52
265,489,240,633,621,24.28,1025.36,53.44,246.41
266,489,240,634,620,24.28,1025.37,53.44,246.59
267,488,240,634,622,24.28,1025.36,53.43,248.07
268,488,240,634,620,24.28,1025.36,53.40,246.04
269,488,241,634,620,24.28,1025.37,53.39,246.04
270,488,241,634,621,24.28,1025.37,53.38,247.15
271,488,241,634,620,24.28,1025.36,53.37,246.78
272,488,241,634,620,24.28,1025.36,53.33,245.68
273,488,241,634,621,24.28,1025.36,53.33,247.15
274,487,241,635,620,24.28,1025.35,53.34,247.52
275,487,242,634,620,24.28,1025.35,53.31,247.52
276,488,241,635,620,24.28,1025.35,53.31,247.89
277,487,242,635,620,24.28,1025.36,53.28,246.23
278,487,241,635,619,24.28,1025.35,53.28,248.26
279,488,242,634,620,24.28,1025.34,53.26,246.96
280,488,242,635,620,24.28,1025.34,53.26,248.26
281,487,242,635,620,24.28,1025.35,53.24,248.45
282,487,242,635,620,24.28,1025.34,53.23,248.63
283,487,242,635,619,24.28,1025.35,53.22,247.89
284,487,243,635,619,24.27,1025.35,53.20,247.89
285,487,242,635,620,24.27,1025.35,53.20,248.26
286,487,243,635,619,24.27,1025.35,53.18,248.26
287,487,243,636,619,24.27,1025.35,53.17,249.20
288,486,242,636,619,24.27,1025.34,53.16,246.59
289,487,243,636,619,24.27,1025.35,53.16,248.63
290,487,243,636,618,24.27,1025.35,53.13,249.76
291,486,243,636,619,24.27,1025.35,53.12,247.89
292,486,244,636,619,24.27,1025.35,53.11,249.20
293,486,244,636,618,24.27,1025.35,53.11,247.15
294,486,244,636,618,24.27,1025.35,53.10,247.52
295,486,244,636,618,24.27,1025.35,53.09,248.26
296,486,244,636,618,24.27,1025.35,53.07,248.82
297,486,244,636,618,24.27,1025.34,53.07,248.07
298,486,245,636,618,24.27,1025.35,53.05,248.26
299,486,245,637,618,24.27,1025.34,53.05,249.38
300,485,245,636,618,24.27,1025.34,53.03,249.76
301,485,244,636,619,24.27,1025.34,53.03,248.07
302,485,245,636,618,24.27,1025.34,53.02,248.26
303,486,245,637,618,24.27,1025.34,53.01,249.38
304,485,245,636,618,24.26,1025.33,52.99,248.82
305,486,245,637,617,24.26,1025.33,52.99,249.57
306,485,245,637,618,24.26,1025.33,52.98,249.01
307,485,245,637,617,24.26,1025.33,52.98,248.63
308,485,245,637,617,24.26,1025.33,52.96,249.57
309,485,246,637,617,24.26,1025.33,52.94,248.26
310,485,246,637,618,24.26,1025.34,52.94,249.01
311,485,246,637,617,24.26,1025.34,52.92,249.38
312,485,246,636,617,24.26,1025.35,52.92,250.33
313,485,246,638,617,24.26,1025.34,52.91,248.63
314,485,246,637,617,24.26,1025.34,52.91,250.52
315,485,246,637,617,24.26,1025.35,52.90,250.90
316,485,246,637,617,24.26,1025.34,52.90,250.14
317,484,247,637,617,24.26,1025.34,52.88,250.14
318,484,247,638,617,24.26,1025.35,52.86,248.26
319,484,246,637,617,24.26,1025.34,52.86,248.82
320,484,246,638,617,24.26,1025.35,52.84,248.63
321,484,246,637,617,24.26,1025.35,52.84,249.76
322,484,246,638,617,24.26,1025.34,52.83,250.52
323,484,247,637,616,24.26,1025.34,52.83,249.01
324,484,247,637,617,24.26,1025.35,52.83,248.63
325,484,248,637,617,24.26,1025.35,52.81,248.07
326,484,247,637,616,24.26,1025.35,52.82,249.76
327,484,247,637,617,24.25,1025.35,52.79,250.52
328,484,247,638,617,24.25,1025.34,52.79,248.45
329,483,247,637,616,24.25,1025.35,52.77,250.33
330,484,247,638,616,24.25,1025.36,52.77,248.63
331,483,247,638,616,24.25,1025.35,52.77,249.38
332,484,248,638,616,24.25,1025.34,52.76,249.01
333,483,248,638,616,24.25,1025.34,52.75,248.82
334,483,248,638,616,24.25,1025.34,52.74,249.95
335,483,248,638,616,24.25,1025.34,52.73,250.14
336,483,248,639,617,24.25,1025.34,52.73,251.09
337,482,248,638,616,24.25,1025.35,52.72,250.52
338,482,248,638,616,24.25,1025.34,52.71,250.14
339,483,248,638,616,24.25,1025.35,52.71,251.09
340,483,249,638,616,24.25,1025.35,52.69,249.38
341,482,248,638,616,24.25,1025.35,52.69,250.90
342,483,249,639,615,24.25,1025.36,52.69,249.76
343,483,249,638,616,24.25,1025.35,52.67,250.90
344,483,249,638,615,24.25,1025.35,52.66,249.76
345,483,249,638,616,24.24,1025.34,52.66,249.57
346,483,249,638,615,24.24,1025.34,52.66,249.95
347,482,249,639,616,24.24,1025.33,52.65,249.76
348,482,249,638,616,24.24,1025.34,52.64,250.71
349,482,249,638,615,24.24,1025.33,52.63,250.52
350,483,250,638,615,24.24,1025.33,52.64,250.52
351,481,249,638,616,24.24,1025.33,52.62,250.71
352,481,249,638,615,24.24,1025.33,52.62,250.52
353,482,249,638,615,24.24,1025.32,52.60,250.90
354,482,249,639,615,24.24,1025.32,52.61,251.85
355,482,249,638,615,24.24,1025.31,52.59,250.90
356,481,249,639,615,24.24,1025.31,52.59,249.38
357,481,249,639,615,24.24,1025.32,52.58,250.52
358,482,250,639,615,24.24,1025.33,52.58,250.52
359,482,250,639,615,24.24,1025.33,52.56,251.47
360,482,250,639,615,24.24,1025.33,52.58,251.09
361,482,250,638,615,24.24,1025.34,52.56,250.71
362,482,250,639,615,24.24,1025.33,52.55,249.76
363,481,250,639,615,24.24,1025.33,52.54,250.52
364,481,250,639,614,24.24,1025.32,52.53,250.14
365,482,250,638,615,24.23,1025.32,52.53,250.90
366,481,250,639,615,24.23,1025.32,52.54,251.85
367,481,250,639,615,24.23,1025.32,52.52,252.05
368,481,250,639,615,24.23,1025.32,52.52,251.85
369,481,250,639,614,24.23,1025.33,52.52,252.05
370,481,250,638,615,24.23,1025.33,52.50,251.85
371,481,250,639,615,24.23,1025.33,52.49,250.14
372,481,251,638,615,24.23,1025.33,52.50,251.28
373,481,251,638,614,24.23,1025.33,52.49,251.28
374,480,250,640,615,24.23,1025.33,52.47,252.62
375,481,251,639,614,24.23,1025.33,52.48,251.47
376,480,251,639,615,24.23,1025.33,52.47,250.52
377,481,251,639,615,24.23,1025.32,52.47,251.85
378,481,251,639,614,24.23,1025.33,52.46,252.82
379,481,251,639,615,24.23,1025.32,52.47,251.66
380,480,251,639,614,24.23,1025.33,52.45,252.82
381,480,251,639,615,24.23,1025.32,52.44,252.43
382,480,251,639,614,24.23,1025.32,52.44,251.66
383,480,251,639,614,24.23,1025.32,52.44,251.66
384,480,251,638,614,24.22,1025.32,52.43,250.33
385,481,251,639,614,24.22,1025.33,52.42,252.05
386,480,251,639,614,24.22,1025.33,52.43,251.66
387,480,251,639,614,24.22,1025.33,52.40,251.28
388,480,251,639,614,24.22,1025.33,52.41,252.05
389,480,252,639,614,24.22,1025.33,52.41,251.66
390,480,252,639,614,24.22,1025.32,52.39,251.28
391,479,251,639,614,24.22,1025.32,52.39,250.52
392,479,252,640,614,24.22,1025.31,52.39,252.05
393,480,251,639,614,24.22,1025.31,52.38,252.62
394,480,251,640,614,24.22,1025.32,52.39,253.21
395,479,251,639,614,24.22,1025.32,52.37,250.90
396,479,251,640,614,24.22,1025.32,52.37,252.05
397,480,252,639,613,24.22,1025.32,52.36,252.24
398,480,251,640,614,24.22,1025.33,52.36,251.66
399,479,251,639,614,24.22,1025.33,52.36,250.71
400,479,252,639,614,24.22,1025.33,52.35,253.01
401,479,252,639,614,24.22,1025.32,52.33,252.43
402,479,252,640,614,24.22,1025.32,52.33,251.47
403,479,252,639,613,24.22,1025.31,52.34,253.21
404,479,252,639,614,24.22,1025.32,52.34,251.09
405,479,252,639,614,24.22,1025.32,52.32,252.82
406,479,252,639,613,24.22,1025.32,52.33,252.62
407,479,252,639,613,24.22,1025.32,52.32,250.90
408,479,252,640,613,24.22,1025.32,52.32,253.40
409,479,252,640,613,24.22,1025.31,52.30,253.79
410,479,252,639,613,24.21,1025.32,52.31,251.85
411,478,253,640,613,24.21,1025.32,52.30,252.82
412,478,252,639,613,24.21,1025.31,52.30,253.59
413,479,252,639,614,24.21,1025.32,52.30,253.59
414,478,253,639,614,24.21,1025.33,52.28,253.21
415,479,252,639,613,24.21,1025.33,52.29,253.21
416,479,252,640,613,24.21,1025.34,52.28,251.66
417,478,252,639,613,24.21,1025.34,52.28,252.24
418,479,253,639,613,24.21,1025.34,52.27,252.82
419,478,253,640,613,24.21,1025.33,52.26,252.43
420,479,253,639,613,24.21,1025.34,52.28,253.40
421,478,253,639,613,24.21,1025.33,52.27,252.82
422,478,253,639,613,24.21,1025.34,52.24,252.05
423,478,253,639,612,24.21,1025.34,52.24,252.05
424,478,253,639,613,24.21,1025.33,52.25,253.98
425,478,252,639,613,24.21,1025.34,52.24,252.62
426,478,253,640,613,24.21,1025.33,52.23,253.40
427,478,252,639,613,24.21,1025.34,52.23,251.66
428,478,253,639,612,24.21,1025.34,52.22,251.28
429,477,252,640,613,24.21,1025.34,52.22,251.66
430,478,253,639,613,24.21,1025.33,52.22,252.82
431,477,253,639,613,24.20,1025.34,52.20,253.01
432,478,253,639,612,24.20,1025.34,52.21,251.66
433,477,253,639,613,24.20,1025.34,52.21,253.01
434,478,254,639,613,24.20,1025.34,52.19,251.85
435,478,254,640,612,24.20,1025.33,52.20,254.37
436,478,254,639,612,24.20,1025.33,52.19,252.82
437,477,253,639,612,24.20,1025.33,52.19,254.18
438,477,253,639,613,24.20,1025.33,52.18,252.82
439,477,254,639,612,24.20,1025.34,52.19,251.66
440,477,253,639,612,24.20,1025.33,52.18,251.85
441,477,253,638,612,24.20,1025.33,52.17,254.77
442,477,253,639,612,24.20,1025.32,52.17,253.21
443,477,253,640,612,24.20,1025.33,52.16,252.43
444,477,253,639,612,24.20,1025.32,52.17,253.40
445,476,253,639,612,24.20,1025.33,52.16,252.43
446,476,254,638,613,24.20,1025.33,52.15,251.66
447,477,253,639,612,24.20,1025.32,52.15,253.01
448,476,253,639,612,24.20,1025.33,52.16,252.62
449,477,253,638,612,24.20,1025.33,52.15,254.18
450,476,254,638,612,24.20,1025.33,52.15,252.24
451,476,254,639,612,24.19,1025.32,52.15,252.62
452,477,253,639,613,24.19,1025.32,52.15,252.62
453,476,254,639,612,24.19,1025.32,52.14,252.62
454,477,254,638,612,24.19,1025.32,52.13,253.98
455,477,254,639,612,24.19,1025.32,52.11,253.40
456,476,253,639,613,24.19,1025.33,52.11,251.47
457,476,253,639,612,24.19,1025.34,52.11,254.57
458,477,253,639,612,24.19,1025.33,52.11,253.21
459,476,253,638,612,24.19,1025.34,52.10,254.96
460,476,254,640,612,24.19,1025.33,52.09,253.21
461,476,254,639,612,24.19,1025.33,52.09,253.21
462,476,254,639,612,24.19,1025.33,52.10,252.05
463,476,253,639,612,24.19,1025.32,52.09,253.40
464,475,254,638,612,24.19,1025.33,52.09,253.79
465,476,254,639,612,24.19,1025.33,52.08,253.79
466,476,254,639,612,24.19,1025.32,52.07,254.18
467,476,254,638,612,24.19,1025.32,52.08,252.82
468,476,254,638,612,24.19,1025.32,52.07,254.37
469,476,254,639,612,24.19,1025.33,52.07,254.37
470,475,254,639,612,24.19,1025.33,52.06,253.98
471,476,254,639,612,24.19,1025.34,52.05,253.79
472,476,254,638,612,24.19,1025.35,52.05,255.16
473,476,254,638,612,24.18,1025.34,52.05,252.05
474,476,253,639,611,24.18,1025.35,52.05,253.98
475,476,253,639,612,24.18,1025.34,52.06,254.37
476,475,254,638,611,24.18,1025.34,52.05,254.77
477,476,254,639,612,24.18,1025.34,52.04,254.18
478,475,254,639,612,24.18,1025.34,52.04,255.36
479,475,254,639,612,24.18,1025.34,52.03,254.37
480,476,254,639,612,24.18,1025.34,52.03,254.57
481,475,254,638,612,24.18,1025.33,52.03,252.43
482,475,254,639,612,24.18,1025.34,52.03,255.16
483,475,254,638,612,24.18,1025.35,52.04,253.59
484,475,254,639,612,24.18,1025.34,52.01,254.37
485,475,254,639,612,24.18,1025.34,52.03,254.37
486,475,254,638,612,24.18,1025.34,52.02,253.98
487,475,254,639,612,24.18,1025.34,52.01,254.57
488,474,254,638,611,24.18,1025.34,52.00,254.77
489,475,254,639,611,24.18,1025.34,52.01,252.43
490,475,254,639,611,24.17,1025.34,52.01,253.59
491,474,254,639,612,24.17,1025.34,52.00,255.56
492,474,255,639,612,24.17,1025.35,52.00,254.18
493,475,255,639,612,24.17,1025.34,52.00,254.18
494,475,255,639,612,24.17,1025.35,51.98,255.95
495,474,254,639,611,24.17,1025.34,51.99,253.21
496,475,255,639,612,24.17,1025.34,51.98,254.37
497,474,254,639,612,24.17,1025.34,51.99,253.79
498,475,254,639,611,24.17,1025.35,51.99,253.79
499,474,254,638,611,24.17,1025.34,51.97,254.18
500,474,254,639,611,24.17,1024.64,51.98,255.36
501,467,254,636,606,24.17,1024.00,51.97,256.35
502,448,252,633,597,24.16,1023.51,51.97,260.80
503,428,250,629,585,24.15,1023.14,51.95,268.42
504,409,248,626,574,24.15,1022.86,51.91,273.75
505,390,246,621,564,24.14,1022.66,51.86,281.21
506,375,245,618,553,24.13,1022.49,51.78,288.57
507,362,244,615,545,24.12,1022.38,51.71,295.80
508,350,242,612,536,24.12,1022.30,51.61,301.47
509,339,241,608,528,24.11,1022.25,51.51,308.50
510,329,239,605,522,24.10,1022.20,51.40,314.67
511,321,238,603,515,24.10,1022.18,51.30,319.84
512,313,237,600,508,24.09,1022.14,51.19,320.46
513,306,235,597,503,24.09,1022.13,51.09,327.45
514,301,234,595,498,24.09,1022.08,50.96,331.38
515,295,233,591,493,24.08,1022.06,50.86,333.05
516,292,232,588,489,24.08,1022.04,50.76,335.08
517,287,231,586,484,24.08,1022.05,50.66,341.31
518,283,229,584,480,24.07,1022.05,50.56,343.08
519,279,227,581,476,24.07,1022.11,50.45,343.43
520,275,227,579,473,24.07,1022.09,50.36,349.61
521,273,226,577,469,24.07,1022.11,50.28,349.61
522,270,225,574,466,24.06,1022.08,50.17,349.98
523,268,224,572,463,24.06,1022.03,50.08,354.48
524,264,223,570,460,24.06,1022.05,49.99,356.01
525,263,221,568,458,24.06,1022.02,49.91,357.55
526,260,220,566,455,24.06,1022.01,49.83,356.39
527,259,220,564,452,24.05,1022.01,49.74,357.16
528,256,218,562,450,24.05,1022.00,49.69,361.06
529,255,217,560,447,24.05,1022.00,49.59,361.86
530,253,216,559,446,24.05,1021.97,49.53,362.65
531,251,216,557,444,24.05,1021.95,49.48,365.86
532,250,215,554,442,24.05,1021.93,49.40,367.49
533,248,214,553,440,24.05,1021.92,49.34,365.46
534,247,213,551,437,24.05,1021.91,49.28,368.31
535,245,213,549,437,24.04,1021.91,49.22,368.72
536,244,212,548,435,24.04,1021.90,49.17,370.79
537,242,211,546,434,24.04,1021.90,49.12,371.20
538,242,210,545,432,24.04,1021.89,49.06,373.30
539,240,209,542,430,24.04,1021.88,49.02,374.99
540,239,208,541,429,24.04,1021.88,48.98,375.84
541,238,208,539,428,24.04,1021.88,48.94,373.72
542,237,206,539,426,24.04,1021.87,48.89,378.49
543,236,206,537,425,24.04,1021.87,48.85,379.35
544,235,205,534,424,24.04,1021.87,48.80,378.28
545,234,204,533,423,24.04,1021.88,48.75,381.07
546,233,203,532,422,24.04,1021.88,48.73,378.49
547,232,203,530,420,24.04,1021.88,48.69,382.81
548,231,202,530,420,24.04,1021.88,48.65,383.24
549,230,201,527,418,24.04,1021.88,48.62,384.12
550,229,201,527,417,24.04,1021.88,48.59,385.89
551,229,200,525,416,24.04,1021.88,48.55,382.81
552,229,200,524,415,24.04,1021.88,48.52,386.33
553,227,199,523,414,24.04,1021.86,48.49,385.66
554,227,198,521,413,24.04,1021.86,48.47,383.46
555,226,198,521,412,24.03,1021.87,48.44,387.22
556,225,196,519,412,24.04,1021.87,48.41,385.44
557,224,197,517,411,24.04,1021.88,48.39,385.89
558,224,196,517,410,24.04,1021.88,48.35,387.67
559,223,195,515,409,24.04,1021.88,48.33,386.55
560,223,195,514,408,24.04,1021.88,48.32,388.56
561,222,194,513,409,24.04,1021.88,48.29,388.56
562,221,193,512,408,24.04,1021.89,48.27,387.89
563,220,193,510,407,24.04,1021.89,48.24,388.34
564,221,192,509,406,24.04,1021.90,48.22,391.96
565,220,191,508,406,24.04,1021.90,48.21,390.60
566,219,191,507,405,24.04,1021.89,48.18,392.65
567,219,191,507,404,24.04,1021.89,48.17,391.28
568,219,190,505,404,24.04,1021.90,48.14,394.03
569,217,189,504,403,24.04,1021.89,48.13,392.19
570,217,188,503,403,24.04,1021.89,48.12,391.28
571,217,188,502,403,24.04,1021.89,48.09,391.05
572,217,187,501,402,24.04,1021.90,48.08,395.66
573,216,188,500,402,24.04,1021.90,48.05,392.65
574,215,186,499,401,24.04,1021.88,48.03,392.19
575,215,186,499,401,24.04,1021.88,48.03,396.83
576,215,185,498,400,24.04,1021.87,48.00,391.51
577,214,185,496,399,24.04,1021.87,48.00,393.80
578,214,185,495,399,24.04,1021.87,47.99,397.30
579,214,184,495,399,24.04,1021.87,47.97,396.36
580,214,183,493,399,24.05,1021.87,47.95,397.53
581,212,183,492,398,24.05,1021.87,47.94,396.12
582,213,183,492,397,24.04,1021.87,47.93,398.24
583,212,182,491,397,24.04,1021.89,47.93,395.43
584,211,182,490,397,24.04,1021.89,47.91,395.89
585,211,182,489,397,24.05,1021.90,47.89,395.43
586,211,181,488,396,24.05,1021.89,47.88,397.30
587,210,180,487,395,24.05,1021.89,47.88,397.77
588,210,180,487,395,24.05,1021.88,47.85,398.95
589,210,179,486,395,24.05,1021.88,47.85,396.83
590,209,179,485,395,24.05,1021.88,47.84,400.85
591,209,179,484,394,24.05,1021.89,47.84,400.13
592,208,178,484,394,24.05,1021.90,47.83,396.36
593,208,177,482,393,24.05,1021.90,47.83,398.00
594,208,177,482,393,24.05,1021.89,47.82,399.90
595,208,177,482,393,24.05,1021.90,47.82,397.77
596,208,177,480,393,24.05,1021.88,47.81,398.71
597,207,176,480,392,24.05,1021.87,47.80,398.71
598,206,176,479,393,24.06,1021.87,47.80,399.18
599,206,175,478,392,24.06,1021.87,47.80,399.18
600,206,174,477,392,24.06,1021.87,47.78,399.42
601,205,174,477,391,24.06,1021.86,47.78,400.13
602,205,174,475,391,24.06,1021.86,47.77,399.18
603,205,174,475,391,24.06,1021.86,47.75,400.61
604,204,173,474,390,24.06,1021.86,47.75,403.26
605,204,173,473,390,24.06,1021.86,47.74,402.53
606,204,173,473,390,24.06,1021.86,47.74,400.61
607,204,172,473,390,24.07,1021.86,47.73,401.57
608,204,172,471,389,24.07,1021.87,47.70,403.50
609,203,171,471,390,24.07,1021.88,47.72,401.09
610,202,171,470,389,24.07,1021.89,47.69,400.61
611,203,171,469,389,24.07,1021.90,47.69,400.61
612,202,170,469,389,24.07,1021.89,47.67,401.57
613,202,170,468,388,24.07,1021.89,47.67,402.53
614,202,170,467,388,24.07,1021.89,47.67,401.57
615,202,169,467,388,24.07,1021.90,47.65,404.71
616,201,169,466,388,24.07,1021.89,47.64,402.29
617,201,169,466,388,24.08,1021.90,47.64,402.77
618,201,168,465,388,24.08,1021.90,47.63,403.50
619,201,167,464,388,24.08,1021.91,47.62,404.96
620,200,168,464,387,24.08,1021.91,47.60,402.29
621,200,167,463,387,24.08,1021.92,47.60,405.94
622,200,167,462,386,24.08,1021.92,47.60,403.02
623,200,166,462,387,24.08,1021.92,47.59,403.99
624,199,166,461,386,24.08,1021.93,47.59,404.71
625,199,165,461,387,24.08,1021.92,47.58,403.26
626,198,165,460,387,24.08,1021.92,47.58,404.23
627,198,165,460,386,24.08,1021.92,47.57,405.45
628,198,164,459,385,24.08,1021.91,47.57,406.43
629,198,165,459,386,24.08,1021.93,47.55,405.45
630,197,164,458,385,24.08,1021.93,47.54,404.47
631,198,164,457,385,24.09,1021.92,47.54,404.96
632,198,164,457,385,24.09,1021.92,47.53,403.74
633,197,163,456,385,24.09,1021.91,47.52,404.23
634,198,162,456,384,24.09,1021.89,47.52,404.96
635,197,163,455,385,24.09,1021.89,47.52,407.66
636,197,163,455,385,24.09,1021.89,47.51,406.43
637,197,162,454,384,24.09,1021.89,47.50,405.45
638,197,162,453,384,24.09,1021.89,47.49,404.23
639,196,161,453,384,24.09,1021.89,47.49,406.68
640,196,162,453,385,24.09,1021.89,47.50,407.66
641,195,161,452,384,24.09,1021.89,47.49,409.40
642,195,161,451,384,24.09,1021.89,47.47,404.23
643,195,160,451,383,24.09,1021.87,47.47,408.90
644,194,160,450,384,24.10,1021.87,47.48,405.94
645,195,160,450,383,24.10,1021.87,47.47,405.69
646,194,160,449,383,24.10,1021.87,47.47,407.17
647,195,159,449,383,24.10,1021.87,47.46,405.69
648,194,158,448,382,24.10,1021.87,47.46,405.94
649,194,159,448,383,24.10,1021.86,47.46,407.42
650,194,158,447,382,24.10,1021.86,47.46,406.18
651,194,158,447,382,24.10,1021.86,47.44,406.92
652,194,158,447,382,24.10,1021.87,47.44,407.66
653,193,157,445,383,24.10,1021.87,47.44,410.65
654,193,157,446,383,24.10,1021.87,47.44,406.43
655,193,157,447,382,24.10,1021.87,47.43,406.68
656,194,157,446,382,24.10,1021.87,47.44,406.18
657,193,157,446,383,24.10,1021.87,47.44,406.43
658,193,157,445,382,24.10,1021.88,47.44,406.92
659,193,157,444,382,24.10,1021.89,47.46,406.43
660,193,156,444,382,24.10,1021.91,47.48,404.96
661,193,156,442,382,24.10,1021.92,47.48,410.40
662,192,156,442,382,24.10,1021.92,47.48,406.68
663,192,155,442,382,24.10,1021.93,47.50,405.94
664,192,154,441,382,24.10,1021.92,47.49,410.40
665,192,155,440,382,24.10,1021.90,47.50,409.90
666,191,154,441,381,24.10,1021.89,47.49,407.17
667,191,155,440,382,24.10,1021.89,47.51,408.41
668,190,154,440,381,24.10,1021.88,47.51,406.68
669,191,154,439,381,24.10,1021.89,47.50,406.92
670,190,154,439,381,24.10,1021.89,47.49,409.40
671,190,153,438,381,24.10,1021.89,47.48,410.65
672,190,153,438,381,24.10,1021.89,47.48,407.66
673,189,153,438,381,24.10,1021.89,47.46,408.90
674,190,153,437,380,24.10,1021.89,47.46,408.16
675,189,152,436,380,24.10,1021.89,47.46,411.15
676,189,152,436,380,24.10,1021.89,47.45,411.41
677,189,152,436,380,24.10,1021.89,47.43,410.40
678,189,152,436,380,24.10,1021.89,47.44,411.91
679,189,152,435,380,24.11,1021.88,47.42,409.40
680,189,151,435,380,24.11,1021.88,47.42,409.40
681,188,151,433,380,24.11,1021.88,47.41,408.41
682,188,151,434,379,24.11,1021.88,47.41,411.66
683,188,151,433,379,24.11,1021.88,47.39,407.66
684,188,151,433,379,24.11,1021.88,47.39,411.66
685,188,150,432,379,24.11,1021.89,47.38,409.40
686,188,150,432,380,24.11,1021.90,47.37,409.65
687,188,150,432,379,24.11,1021.89,47.35,409.40
688,188,150,432,379,24.11,1021.89,47.35,409.40
689,187,149,431,378,24.11,1021.89,47.35,407.91
690,187,149,431,379,24.11,1021.89,47.34,408.90
691,187,149,430,378,24.11,1021.90,47.34,411.15
692,187,149,430,379,24.11,1021.89,47.33,411.15
693,186,149,430,379,24.11,1021.89,47.32,410.90
694,186,149,428,379,24.11,1021.89,47.31,411.15
695,186,149,429,379,24.11,1021.91,47.31,412.92
696,187,148,429,379,24.11,1021.91,47.31,409.40
697,186,148,428,379,24.11,1021.90,47.31,409.65
698,186,148,427,378,24.11,1021.89,47.29,410.90
699,186,148,428,378,24.11,1021.88,47.31,409.40
700,186,148,427,378,24.11,1021.87,47.29,411.41
701,185,147,427,379,24.11,1021.86,47.29,413.18
702,186,147,427,378,24.11,1021.85,47.29,409.40
703,185,147,425,379,24.11,1021.85,47.28,410.15
704,185,147,425,379,24.11,1021.86,47.28,412.92
705,185,147,425,378,24.11,1021.85,47.27,410.40
706,185,147,425,378,24.11,1021.85,47.28,412.92
707,185,146,425,378,24.11,1021.85,47.28,411.15
708,185,146,424,378,24.11,1021.85,47.27,412.16
709,184,147,424,377,24.11,1021.85,47.25,409.90
710,184,146,423,378,24.11,1021.85,47.26,414.45
711,184,146,423,378,24.11,1021.85,47.26,411.66
712,184,145,422,378,24.11,1021.85,47.25,411.66
713,184,145,422,378,24.11,1021.86,47.25,410.65
714,183,145,422,378,24.11,1021.85,47.24,413.43
715,184,145,422,378,24.11,1021.85,47.24,410.40
716,183,144,422,377,24.11,1021.86,47.24,412.92
717,183,145,421,378,24.11,1021.86,47.24,411.91
718,183,144,421,378,24.11,1021.85,47.24,411.15
719,183,144,421,377,24.11,1021.85,47.22,413.94
720,183,143,421,378,24.11,1021.85,47.23,415.74
721,183,144,420,378,24.11,1021.85,47.22,411.91
722,182,144,419,377,24.11,1021.85,47.22,409.90
723,183,143,419,377,24.11,1021.84,47.22,415.48
724,183,143,419,376,24.11,1021.84,47.22,414.96
725,182,143,418,377,24.11,1021.84,47.21,415.99
726,182,142,418,377,24.11,1021.85,47.21,411.15
727,182,142,417,376,24.11,1021.85,47.20,412.92
728,182,143,417,377,24.11,1021.89,47.19,414.96
729,182,143,417,376,24.11,1021.90,47.18,412.67
730,182,142,418,377,24.11,1021.91,47.21,412.42
731,182,142,417,377,24.11,1021.91,47.19,412.92
732,182,141,416,377,24.11,1021.91,47.20,415.48
733,182,142,416,377,24.11,1021.91,47.18,415.74
734,182,141,417,377,24.11,1021.90,47.19,413.69
735,181,141,416,376,24.11,1021.90,47.19,412.67
736,181,141,415,376,24.11,1021.89,47.17,415.99
737,181,141,416,377,24.11,1021.88,47.19,414.45
738,181,141,416,377,24.11,1021.87,47.17,414.45
739,181,141,415,376,24.11,1021.86,47.17,415.22
740,181,141,415,376,24.11,1021.87,47.17,413.18
741,180,141,414,377,24.11,1021.87,47.17,411.91
742,181,140,413,377,24.11,1021.86,47.17,416.51
743,181,140,414,376,24.11,1021.87,47.17,413.94
744,180,140,414,376,24.11,1021.86,47.16,412.42
745,180,140,413,376,24.11,1021.87,47.16,415.48
746,180,139,413,376,24.11,1021.88,47.16,413.94
747,180,140,412,376,24.11,1021.89,47.14,413.69
748,180,140,412,377,24.11,1021.88,47.16,414.20
749,180,140,412,377,24.11,1021.88,47.15,415.22
