Time,NO2,C2H5CH,VOC,CO,Temperature,Pressure,Humidity,Gas Resistance
0,169,160,408,404,17.88,1021.80,51.19,32.51
1,170,159,408,404,17.88,1021.78,51.19,32.69
2,170,159,408,404,17.88,1021.77,51.17,32.77
3,169,158,407,404,17.88,1021.77,51.17,33.00
4,169,158,407,403,17.88,1021.76,51.18,33.00
5,169,158,406,403,17.88,1021.76,51.16,33.05
6,170,158,406,403,17.89,1021.77,51.16,33.23
7,169,157,406,402,17.89,1021.77,51.16,33.31
8,169,157,406,403,17.89,1021.78,51.16,33.47
9,169,157,405,402,17.89,1021.80,51.15,33.52
10,169,157,405,402,17.89,1021.81,51.15,33.74
11,169,156,404,402,17.89,1021.82,51.15,33.77
12,168,156,404,401,17.89,1021.84,51.15,33.88
13,168,156,403,400,17.89,1021.85,51.14,33.96
14,169,156,403,401,17.89,1021.85,51.13,34.10
15,168,155,402,400,17.90,1021.86,51.13,34.21
16,169,156,402,400,17.90,1021.85,51.13,34.35
17,168,155,402,400,17.90,1021.84,51.13,34.46
18,168,154,401,399,17.90,1021.84,51.11,34.54
19,168,154,400,399,17.90,1021.82,51.11,34.63
20,168,155,401,399,17.90,1021.80,51.12,34.80
21,167,154,400,398,17.90,1021.79,51.12,34.97
22,167,154,400,398,17.90,1021.77,51.11,35.00
23,167,153,399,398,17.90,1021.77,51.10,35.18
24,167,153,399,399,17.90,1021.77,51.11,35.27
25,167,153,399,399,17.91,1021.77,51.09,35.30
26,167,153,399,400,17.91,1021.79,51.08,35.45
27,167,152,399,401,17.91,1021.81,51.08,35.56
28,167,152,398,401,17.91,1021.82,51.08,35.56
29,167,152,397,401,17.91,1021.83,51.08,35.75
30,167,152,397,401,17.91,1021.84,51.08,35.84
31,167,151,396,400,17.91,1021.84,51.10,35.99
32,167,151,397,400,17.91,1021.84,51.10,36.08
33,167,151,396,400,17.91,1021.83,51.10,36.36
34,167,150,396,398,17.91,1021.81,51.08,36.30
35,167,151,396,398,17.91,1021.79,51.10,36.49
36,166,150,395,398,17.91,1021.78,51.10,36.68
37,166,150,394,398,17.91,1021.76,51.10,36.81
38,166,150,394,398,17.92,1021.76,51.10,36.84
39,166,150,394,397,17.92,1021.77,51.10,36.97
40,166,149,394,396,17.92,1021.77,51.08,37.10
41,166,149,394,396,17.92,1021.79,51.09,37.27
42,165,150,393,395,17.92,1021.81,51.09,37.33
43,166,149,393,395,17.92,1021.81,51.10,37.47
44,165,148,392,396,17.92,1021.82,51.10,37.53
45,166,148,392,395,17.92,1021.83,51.09,37.87
46,165,148,392,394,17.92,1021.84,51.08,37.84
47,165,148,391,395,17.92,1021.85,51.09,37.94
48,165,148,391,394,17.92,1021.85,51.09,38.08
49,165,148,391,393,17.93,1021.84,51.07,38.32
50,165,147,390,394,17.93,1021.84,51.07,38.28
51,165,147,390,392,17.93,1021.84,51.07,38.42
52,165,147,390,393,17.93,1021.82,51.07,38.56
53,165,147,390,392,17.93,1021.81,51.06,38.63
54,165,146,388,392,17.93,1021.79,51.07,38.85
55,165,146,389,392,17.93,1021.79,51.06,38.99
56,165,146,388,392,17.93,1021.78,51.06,39.14
57,164,146,388,392,17.93,1021.76,51.04,39.36
58,164,146,388,391,17.93,1021.77,51.04,39.36
59,164,145,388,391,17.93,1021.78,51.03,39.58
60,164,145,387,390,17.93,1021.78,51.02,39.54
61,164,146,387,390,17.93,1021.79,51.03,39.69
62,163,145,386,390,17.94,1021.81,51.01,39.84
63,164,145,385,390,17.94,1021.82,51.01,40.03
64,164,144,386,389,17.94,1021.82,51.01,40.11
65,164,145,386,390,17.94,1021.82,50.99,40.26
66,164,144,385,389,17.94,1021.82,50.99,40.34
67,164,144,385,389,17.94,1021.82,51.00,40.46
68,164,144,385,389,17.94,1021.82,50.99,40.57
69,163,143,384,388,17.94,1021.80,50.99,40.93
70,164,144,384,389,17.94,1021.79,50.99,40.85
71,163,143,384,389,17.94,1021.78,50.97,40.89
72,163,143,383,389,17.94,1021.76,50.97,41.05
73,163,143,384,389,17.94,1021.76,50.97,41.21
74,163,143,382,390,17.94,1021.75,50.97,41.29
75,163,142,382,389,17.94,1021.75,50.97,41.45
76,163,143,383,389,17.94,1021.75,50.96,41.53
77,163,142,382,389,17.94,1021.77,50.95,41.74
78,163,142,382,389,17.95,1021.80,50.96,41.82
79,163,141,382,388,17.95,1021.80,50.96,41.95
80,163,142,381,388,17.95,1021.83,50.97,42.16
81,162,141,380,388,17.95,1021.84,50.96,42.20
82,162,142,380,388,17.95,1021.84,50.96,42.41
83,162,141,381,387,17.95,1021.83,50.96,42.67
84,163,141,380,386,17.95,1021.81,50.96,42.63
85,163,141,380,387,17.95,1021.79,50.95,42.98
86,162,141,379,386,17.95,1021.79,50.95,42.89
87,162,141,378,385,17.95,1021.77,50.94,43.06
88,162,140,379,386,17.95,1021.77,50.95,43.11
89,162,140,378,386,17.95,1021.75,50.95,43.28
90,162,140,378,386,17.95,1021.75,50.94,43.37
91,162,140,378,385,17.95,1021.76,50.94,43.55
92,161,140,377,386,17.95,1021.78,50.94,43.60
93,161,139,377,385,17.95,1021.79,50.93,43.83
94,162,139,377,385,17.95,1021.81,50.94,44.15
95,161,139,377,384,17.95,1021.82,50.94,44.19
96,161,139,376,385,17.96,1021.83,50.92,44.19
97,161,139,376,384,17.96,1021.84,50.92,44.43
98,161,139,376,384,17.96,1021.83,50.91,44.47
99,161,139,375,383,17.96,1021.83,50.91,44.62
100,161,138,375,384,17.96,1021.82,50.90,44.76
101,161,138,375,384,17.96,1021.80,50.91,44.85
102,161,138,375,383,17.96,1021.79,50.90,45.09
103,161,138,374,383,17.96,1021.78,50.90,45.09
104,160,138,374,383,17.96,1021.77,50.89,45.29
105,161,137,373,382,17.96,1021.76,50.89,45.39
106,161,137,374,383,17.96,1021.76,50.89,45.48
107,161,137,374,382,17.96,1021.77,50.88,45.63
108,160,137,373,382,17.96,1021.80,50.88,45.73
109,161,137,373,382,17.96,1021.81,50.87,46.03
110,161,137,372,383,17.96,1021.82,50.86,46.23
111,160,137,373,381,17.96,1021.82,50.86,46.23
112,160,137,373,382,17.96,1021.82,50.87,46.39
113,161,136,372,382,17.96,1021.80,50.86,46.49
114,161,136,372,382,17.96,1021.78,50.86,46.80
115,161,136,372,381,17.97,1021.78,50.86,46.96
116,160,136,372,381,17.97,1021.76,50.84,46.80
117,160,136,371,381,17.97,1021.75,50.85,47.01
118,160,135,371,381,17.97,1021.75,50.84,47.01
119,160,135,371,381,17.97,1021.75,50.84,47.22
120,160,135,370,380,17.97,1021.76,50.84,47.43
121,160,135,371,381,17.97,1021.78,50.83,47.35
122,160,135,370,382,17.97,1021.79,50.84,47.51
123,163,137,371,383,17.97,1021.80,50.84,47.11
124,175,146,374,388,17.97,1021.82,50.82,43.74
125,194,160,379,392,17.97,1021.82,50.84,38.08
126,218,175,385,397,17.97,1021.83,50.84,32.02
127,248,190,394,403,17.97,1021.83,50.88,26.92
128,283,207,403,410,17.97,1021.82,50.91,22.67
129,317,222,416,417,17.98,1021.82,50.98,19.32
130,350,237,429,424,17.98,1021.81,51.04,16.73
131,379,249,441,432,17.98,1021.80,51.12,14.63
132,405,262,454,440,17.98,1021.79,51.23,13.03
133,427,274,466,449,17.98,1021.78,51.32,11.70
134,447,285,478,459,17.98,1021.77,51.43,10.63
135,462,294,490,468,17.98,1021.76,51.55,9.81
136,472,303,500,477,17.99,1021.75,51.69,9.16
137,481,311,509,487,17.99,1021.75,51.81,8.65
138,488,319,518,497,17.99,1021.75,51.94,8.24
139,492,326,525,506,17.99,1021.77,52.06,7.88
140,498,333,533,515,17.99,1021.85,52.20,7.57
141,503,340,540,524,17.99,1021.95,52.33,7.30
142,505,345,547,532,17.99,1022.02,52.47,7.10
143,507,349,552,540,18.00,1022.09,52.58,6.93
144,508,353,557,547,18.00,1022.12,52.71,6.78
145,508,357,563,553,18.00,1022.15,52.82,6.67
146,508,360,567,560,18.00,1022.17,52.91,6.54
147,507,363,571,565,18.01,1022.19,53.02,6.45
148,507,365,575,572,18.01,1022.20,53.12,6.36
149,505,368,578,576,18.01,1022.22,53.21,6.29
150,505,370,582,581,18.01,1022.23,53.28,6.22
151,504,373,585,585,18.01,1022.23,53.34,6.15
152,504,375,588,589,18.01,1022.24,53.41,6.09
153,503,377,592,593,18.01,1022.24,53.47,6.04
154,502,379,594,596,18.01,1022.24,53.52,5.98
155,502,381,597,599,18.01,1022.24,53.58,5.91
156,501,383,600,603,18.01,1022.24,53.60,5.91
157,500,385,602,605,18.01,1022.24,53.66,5.87
158,499,387,605,608,18.01,1022.24,53.69,5.84
159,498,389,606,611,18.01,1022.25,53.71,5.81
160,497,391,610,613,18.01,1022.24,53.75,5.76
161,497,392,612,616,18.01,1022.24,53.78,5.73
162,496,394,612,618,18.01,1022.24,53.80,5.69
163,494,396,614,619,18.01,1022.24,53.81,5.67
164,494,397,617,621,18.01,1022.25,53.83,5.64
165,493,398,617,623,18.01,1022.24,53.83,5.62
166,493,400,619,624,18.01,1022.24,53.85,5.61
167,493,401,620,627,18.01,1022.25,53.86,5.58
168,492,403,622,628,18.01,1022.25,53.85,5.55
169,491,405,623,629,18.01,1022.25,53.87,5.54
170,490,406,626,631,18.01,1022.25,53.87,5.51
171,489,407,626,632,18.01,1022.25,53.89,5.49
172,489,408,627,633,18.01,1022.26,53.87,5.48
173,489,409,630,634,18.00,1022.25,53.88,5.47
174,487,411,630,635,18.00,1022.25,53.87,5.46
175,486,411,631,636,18.00,1022.25,53.87,5.45
176,486,413,632,637,18.00,1022.25,53.86,5.43
177,485,414,633,638,18.00,1022.26,53.84,5.43
178,484,415,634,639,18.00,1022.26,53.85,5.41
179,484,416,634,640,18.00,1022.27,53.83,5.40
180,483,417,636,641,18.00,1022.26,53.82,5.40
181,483,418,636,641,17.99,1022.27,53.81,5.40
182,483,419,637,642,17.99,1022.27,53.81,5.39
183,481,419,638,643,17.99,1022.27,53.80,5.38
184,481,420,638,643,17.99,1022.26,53.78,5.38
185,480,421,640,644,17.99,1022.26,53.77,5.38
186,479,421,640,645,17.99,1022.26,53.76,5.37
187,479,423,642,645,17.99,1022.25,53.75,5.37
188,478,423,642,646,17.99,1022.26,53.71,5.37
189,478,424,643,646,17.98,1022.26,53.71,5.37
190,477,424,643,647,17.98,1022.25,53.70,5.37
191,477,425,644,647,17.98,1022.26,53.69,5.37
192,476,426,644,648,17.98,1022.26,53.69,5.37
193,476,427,645,648,17.98,1022.25,53.66,5.37
194,474,427,646,648,17.98,1022.25,53.65,5.37
195,474,428,646,648,17.98,1022.25,53.63,5.37
196,474,428,646,650,17.98,1022.25,53.62,5.37
197,473,429,646,649,17.97,1022.24,53.60,5.37
198,473,429,647,650,17.97,1022.25,53.60,5.37
199,472,430,648,651,17.97,1022.25,53.57,5.37
200,471,430,648,651,17.97,1022.24,53.56,5.37
201,471,431,649,651,17.97,1022.25,53.56,5.37
202,471,430,648,652,17.97,1022.25,53.54,5.38
203,470,431,649,651,17.96,1022.24,53.51,5.39
204,470,432,649,651,17.96,1022.24,53.51,5.38
205,469,433,650,652,17.96,1022.24,53.47,5.38
206,468,433,651,652,17.96,1022.24,53.47,5.40
207,468,433,651,653,17.96,1022.23,53.46,5.39
208,468,433,651,653,17.96,1022.23,53.45,5.40
209,467,434,651,652,17.96,1022.23,53.42,5.40
210,466,434,651,653,17.95,1022.23,53.40,5.40
211,465,435,652,653,17.95,1022.22,53.39,5.41
212,466,434,652,654,17.95,1022.22,53.37,5.42
213,465,435,652,653,17.95,1022.22,53.36,5.43
214,464,436,653,654,17.95,1022.23,53.34,5.43
215,464,435,653,653,17.95,1022.23,53.32,5.44
216,464,436,654,654,17.95,1022.24,53.32,5.43
217,463,436,654,654,17.94,1022.25,53.31,5.44
218,463,436,654,654,17.94,1022.25,53.30,5.45
219,463,436,654,655,17.94,1022.25,53.28,5.45
220,462,437,654,654,17.94,1022.25,53.26,5.45
221,461,436,654,656,17.94,1022.26,53.25,5.47
222,461,438,655,655,17.94,1022.25,53.24,5.47
223,461,437,655,656,17.94,1022.25,53.23,5.48
224,461,438,654,656,17.93,1022.24,53.21,5.48
225,460,438,655,656,17.93,1022.24,53.21,5.49
226,460,438,656,655,17.93,1022.23,53.19,5.50
227,459,438,655,655,17.93,1022.23,53.18,5.51
228,459,438,656,656,17.93,1022.24,53.16,5.51
229,458,438,656,656,17.92,1022.24,53.15,5.52
230,458,439,656,656,17.92,1022.24,53.13,5.53
231,458,439,656,657,17.92,1022.24,53.13,5.53
232,457,439,657,656,17.92,1022.25,53.11,5.54
233,457,438,657,657,17.92,1022.25,53.11,5.54
234,456,439,657,657,17.92,1022.25,53.08,5.55
235,456,439,657,657,17.92,1022.25,53.07,5.55
236,455,439,657,657,17.91,1022.26,53.07,5.56
237,455,439,657,657,17.91,1022.25,53.04,5.57
238,455,439,657,658,17.91,1022.26,53.05,5.58
239,454,440,658,657,17.91,1022.27,53.04,5.57
240,454,439,657,657,17.91,1022.27,53.02,5.58
241,453,439,657,658,17.91,1022.27,53.01,5.60
242,453,440,658,657,17.90,1022.26,53.01,5.59
243,453,440,658,657,17.90,1022.26,52.98,5.61
244,453,440,658,657,17.90,1022.26,52.99,5.61
245,453,440,658,658,17.90,1022.26,52.98,5.62
246,452,440,658,658,17.90,1022.26,52.96,5.62
247,452,440,658,658,17.89,1022.26,52.94,5.63
248,451,440,658,658,17.89,1022.26,52.93,5.64
249,451,440,658,658,17.89,1022.26,52.92,5.65
250,450,440,658,658,17.89,1022.26,52.90,5.66
251,450,440,658,658,17.89,1022.26,52.90,5.66
252,450,440,658,658,17.89,1022.26,52.90,5.67
253,450,441,658,658,17.88,1022.26,52.88,5.69
254,449,440,658,658,17.88,1022.26,52.88,5.68
255,449,440,658,658,17.88,1022.26,52.86,5.70
256,448,440,659,658,17.88,1022.26,52.85,5.69
257,448,441,659,659,17.88,1022.25,52.84,5.70
258,447,441,659,658,17.87,1022.26,52.83,5.72
259,447,440,659,658,17.87,1022.26,52.82,5.72
260,447,440,659,659,17.87,1022.26,52.82,5.72
261,447,440,659,659,17.87,1022.25,52.80,5.74
262,447,441,659,659,17.87,1022.25,52.80,5.74
263,446,440,659,658,17.86,1022.25,52.80,5.75
264,446,440,658,659,17.86,1022.25,52.78,5.75
265,445,440,659,658,17.86,1022.26,52.77,5.77
266,445,441,659,659,17.86,1022.26,52.77,5.77
267,445,440,659,659,17.86,1022.26,52.75,5.78
268,445,440,659,658,17.86,1022.26,52.76,5.79
269,445,440,659,658,17.85,1022.25,52.75,5.80
270,444,440,659,659,17.85,1022.25,52.72,5.81
271,444,440,659,659,17.85,1022.25,52.73,5.81
272,444,440,659,658,17.85,1022.25,52.71,5.81
273,443,440,660,659,17.85,1022.25,52.72,5.82
274,443,440,659,658,17.84,1022.25,52.69,5.83
275,443,440,659,658,17.84,1022.26,52.69,5.83
276,442,440,659,658,17.84,1022.27,52.69,5.84
277,443,440,659,658,17.84,1022.26,52.69,5.85
278,441,440,659,658,17.84,1022.26,52.67,5.86
279,442,439,659,659,17.84,1022.26,52.67,5.87
280,441,440,659,659,17.83,1022.26,52.65,5.87
281,440,440,659,658,17.83,1022.26,52.63,5.87
282,440,439,660,659,17.83,1022.27,52.63,5.88
283,440,439,660,658,17.83,1022.26,52.62,5.89
284,440,440,660,659,17.83,1022.25,52.62,5.91
285,440,440,659,658,17.82,1022.25,52.62,5.91
286,440,439,658,658,17.82,1022.26,52.63,5.86
287,439,439,658,659,17.82,1022.26,52.61,5.87
288,439,440,658,658,17.82,1022.26,52.61,5.88
289,439,439,659,658,17.82,1022.26,52.60,5.88
290,439,439,659,658,17.82,1022.26,52.59,5.90
291,439,439,659,658,17.81,1022.25,52.59,5.91
292,438,439,659,658,17.81,1022.25,52.58,5.90
293,438,439,659,658,17.81,1022.25,52.57,5.91
294,438,439,659,658,17.81,1022.26,52.57,5.92
295,437,439,659,658,17.81,1022.26,52.55,5.93
296,438,439,659,658,17.80,1022.26,52.55,5.94
297,437,438,659,658,17.80,1022.26,52.53,5.95
298,436,439,659,658,17.80,1022.26,52.53,5.96
299,436,439,659,659,17.80,1022.26,52.54,5.96
300,436,439,658,659,17.80,1022.26,52.53,5.96
301,436,438,658,659,17.79,1022.25,52.51,5.99
302,436,438,659,658,17.79,1022.25,52.50,5.98
303,435,438,659,658,17.79,1022.26,52.50,6.00
304,436,438,659,657,17.79,1022.26,52.49,6.00
305,436,438,658,658,17.79,1022.26,52.49,6.01
306,435,438,659,658,17.79,1022.27,52.49,6.02
307,435,437,659,659,17.79,1022.26,52.49,6.02
308,434,438,659,658,17.78,1022.26,52.49,6.02
309,434,438,659,658,17.78,1022.26,52.49,6.03
310,434,438,659,658,17.78,1022.26,52.47,6.03
311,434,438,658,658,17.78,1022.26,52.47,6.04
312,434,437,659,658,17.78,1022.26,52.47,6.05
313,433,438,658,658,17.78,1022.26,52.45,6.06
314,433,437,658,658,17.78,1022.26,52.46,6.07
315,432,437,658,658,17.77,1022.26,52.46,6.08
316,433,438,658,658,17.77,1022.26,52.43,6.08
317,432,437,658,657,17.77,1022.26,52.45,6.09
318,433,438,658,658,17.77,1022.26,52.43,6.09
319,432,437,658,658,17.77,1022.25,52.43,6.11
320,432,436,658,657,17.76,1022.25,52.42,6.10
321,431,437,659,658,17.76,1022.25,52.43,6.12
322,432,437,659,658,17.76,1022.25,52.41,6.13
323,431,436,658,657,17.76,1022.25,52.41,6.14
324,431,437,658,657,17.76,1022.25,52.40,6.14
325,431,437,658,657,17.76,1022.25,52.39,6.13
326,430,436,658,657,17.76,1022.25,52.39,6.16
327,430,436,657,657,17.75,1022.26,52.40,6.16
328,430,436,658,657,17.75,1022.26,52.39,6.16
329,430,436,658,656,17.75,1022.26,52.38,6.18
330,429,436,658,658,17.75,1022.26,52.37,6.18
331,429,436,658,656,17.75,1022.25,52.38,6.20
332,429,436,657,657,17.74,1022.25,52.39,6.20
333,429,436,657,657,17.74,1022.25,52.37,6.21
334,429,436,658,657,17.74,1022.25,52.37,6.21
335,429,435,658,657,17.74,1022.25,52.37,6.23
336,429,435,658,657,17.74,1022.25,52.37,6.22
337,428,435,657,656,17.74,1022.25,52.35,6.24
338,428,435,657,657,17.74,1022.25,52.35,6.25
339,427,435,657,657,17.73,1022.25,52.35,6.25
340,427,435,657,657,17.73,1022.25,52.34,6.25
341,428,435,657,657,17.73,1022.25,52.34,6.26
342,427,435,657,656,17.73,1022.26,52.33,6.28
343,427,435,656,657,17.73,1022.26,52.33,6.28
344,427,435,657,657,17.72,1022.26,52.34,6.29
345,427,435,657,656,17.72,1022.26,52.32,6.29
346,427,435,657,657,17.72,1022.25,52.32,6.30
347,426,434,657,656,17.72,1022.26,52.32,6.30
348,426,435,657,655,17.72,1022.25,52.31,6.31
349,426,434,657,657,17.72,1022.24,52.31,6.32
350,426,435,657,656,17.72,1022.24,52.31,6.33
351,426,434,657,655,17.71,1022.24,52.31,6.33
352,425,434,657,656,17.71,1022.23,52.30,6.34
353,425,433,656,656,17.71,1022.23,52.29,6.35
354,425,434,657,656,17.71,1022.22,52.29,6.35
355,425,433,657,656,17.71,1022.23,52.29,6.36
356,425,434,656,656,17.71,1022.23,52.30,6.36
357,425,434,657,655,17.70,1022.23,52.28,6.38
358,424,434,656,656,17.70,1022.23,52.27,6.38
359,424,433,657,655,17.70,1022.24,52.29,6.39
360,424,433,656,655,17.70,1022.23,52.29,6.39
361,424,433,657,655,17.70,1022.23,52.28,6.40
362,424,433,656,654,17.70,1022.23,52.26,6.41
363,424,433,656,654,17.69,1022.23,52.27,6.41
364,424,433,656,655,17.69,1022.23,52.26,6.42
365,423,433,655,655,17.69,1022.23,52.25,6.43
366,423,432,656,654,17.69,1022.23,52.26,6.44
367,423,432,656,655,17.69,1022.23,52.25,6.44
368,423,432,656,655,17.69,1022.23,52.25,6.45
369,422,432,655,655,17.69,1022.23,52.24,6.46
370,423,432,655,655,17.68,1022.23,52.24,6.46
371,422,432,656,654,17.68,1022.23,52.24,6.46
372,422,432,656,655,17.68,1022.23,52.25,6.47
373,422,432,655,654,17.68,1022.22,52.24,6.48
374,421,431,655,654,17.68,1022.22,52.22,6.49
375,421,432,656,654,17.67,1022.22,52.23,6.50
376,421,432,656,654,17.67,1022.21,52.22,6.50
377,422,432,655,654,17.67,1022.22,52.22,6.51
378,421,432,655,653,17.67,1022.22,52.20,6.52
379,421,431,655,653,17.67,1022.22,52.22,6.52
380,421,431,655,654,17.67,1022.22,52.20,6.54
381,421,431,655,654,17.67,1022.22,52.21,6.54
382,420,431,655,653,17.66,1022.22,52.20,6.54
383,421,431,655,654,17.66,1022.22,52.20,6.56
384,420,431,654,654,17.66,1022.22,52.18,6.55
385,420,431,654,654,17.66,1022.22,52.19,6.56
386,420,430,655,653,17.66,1022.22,52.18,6.57
387,420,430,654,654,17.66,1022.22,52.18,6.57
388,419,431,655,654,17.65,1022.22,52.18,6.58
389,419,430,654,653,17.65,1022.23,52.19,6.59
390,419,430,654,653,17.65,1022.22,52.19,6.60
391,419,430,655,653,17.65,1022.23,52.18,6.60
392,419,430,654,653,17.65,1022.23,52.19,6.61
393,418,430,654,652,17.65,1022.23,52.18,6.61
394,418,430,653,652,17.65,1022.23,52.17,6.63
395,418,429,653,652,17.64,1022.23,52.16,6.63
396,418,430,654,652,17.64,1022.23,52.17,6.63
397,418,430,654,652,17.64,1022.23,52.17,6.64
398,418,429,654,653,17.64,1022.23,52.15,6.65
399,418,429,653,652,17.64,1022.23,52.15,6.66
400,418,429,654,652,17.64,1022.23,52.15,6.66
401,417,428,653,652,17.64,1022.23,52.15,6.67
402,417,429,654,653,17.63,1022.23,52.15,6.67
403,417,429,653,652,17.63,1022.23,52.16,6.69
404,417,429,654,652,17.63,1022.23,52.15,6.70
405,417,429,653,652,17.63,1022.23,52.15,6.70
406,417,429,653,652,17.63,1022.23,52.15,6.70
407,417,429,653,652,17.63,1022.22,52.14,6.72
408,417,427,653,652,17.63,1022.24,52.14,6.73
409,416,428,653,652,17.62,1022.24,52.14,6.72
410,416,427,653,652,17.62,1022.23,52.13,6.73
411,415,428,653,652,17.62,1022.23,52.12,6.75
412,415,428,652,651,17.62,1022.23,52.13,6.75
413,416,427,653,651,17.62,1022.24,52.13,6.75
414,415,427,653,651,17.62,1022.23,52.13,6.75
415,414,428,652,650,17.62,1022.24,52.11,6.76
416,415,427,653,652,17.61,1022.24,52.12,6.76
417,415,427,653,651,17.61,1022.24,52.09,6.77
418,415,427,652,652,17.61,1022.24,52.11,6.78
419,415,426,652,651,17.61,1022.25,52.10,6.79
420,415,427,652,651,17.61,1022.24,52.11,6.79
421,414,427,652,650,17.61,1022.24,52.11,6.81
422,414,427,653,651,17.61,1022.24,52.09,6.81
423,414,427,652,651,17.61,1022.23,52.09,6.81
424,414,426,652,651,17.60,1022.23,52.10,6.83
425,413,427,652,651,17.60,1022.23,52.10,6.83
426,414,426,652,651,17.60,1022.23,52.08,6.83
427,414,427,652,650,17.60,1022.23,52.11,6.84
428,414,426,652,650,17.60,1022.22,52.10,6.85
429,413,426,651,651,17.60,1022.22,52.10,6.86
430,413,426,651,650,17.60,1022.22,52.08,6.86
431,413,425,651,650,17.59,1022.22,52.06,6.87
432,412,426,651,650,17.59,1022.22,52.08,6.87
433,412,426,652,650,17.59,1022.23,52.07,6.89
434,412,425,651,650,17.59,1022.22,52.06,6.89
435,413,425,651,650,17.59,1022.21,52.07,6.90
436,413,425,651,650,17.59,1022.20,52.07,6.90
437,412,425,651,649,17.59,1022.21,52.07,6.91
438,412,425,650,650,17.59,1022.22,52.06,6.91
439,412,425,651,649,17.59,1022.23,52.06,6.91
440,412,425,650,650,17.58,1022.22,52.06,6.93
441,411,425,651,650,17.58,1022.22,52.05,6.93
442,412,425,651,649,17.58,1022.22,52.05,6.94
443,411,424,651,649,17.58,1022.23,52.05,6.95
444,411,424,650,649,17.58,1022.23,52.05,6.95
445,411,425,651,650,17.58,1022.22,52.05,6.96
446,411,424,650,650,17.58,1022.23,52.05,6.96
447,411,424,651,650,17.58,1022.23,52.04,6.96
448,411,424,650,649,17.58,1022.23,52.03,6.97
449,411,424,650,649,17.57,1022.24,52.03,6.99
450,411,424,651,648,17.57,1022.23,52.03,6.99
451,411,424,650,649,17.57,1022.22,52.04,7.00
452,410,424,650,649,17.57,1022.23,52.05,7.00
453,410,423,650,648,17.57,1022.23,52.03,7.00
454,410,424,650,648,17.57,1022.23,52.03,7.02
455,410,424,649,649,17.57,1022.23,52.03,7.02
456,410,423,650,649,17.57,1022.23,52.03,7.03
457,410,423,650,648,17.57,1022.23,52.02,7.03
458,409,423,649,648,17.56,1022.24,52.02,7.03
459,410,423,650,648,17.56,1022.23,52.01,7.05
460,409,423,650,649,17.56,1022.24,52.02,7.05
461,409,422,650,648,17.56,1022.24,52.02,7.06
462,409,423,649,648,17.56,1022.24,52.01,7.07
463,409,423,650,648,17.56,1022.23,52.02,7.07
464,409,422,650,648,17.56,1022.24,52.01,7.08
465,409,422,650,648,17.56,1022.24,52.00,7.08
466,409,423,649,647,17.56,1022.23,52.00,7.09
467,408,422,649,647,17.55,1022.24,52.01,7.10
468,408,422,650,648,17.55,1022.24,52.01,7.11
469,408,422,650,647,17.55,1022.24,52.01,7.12
470,408,422,649,647,17.55,1022.24,52.00,7.12
471,408,422,649,647,17.55,1022.25,51.99,7.12
472,408,422,649,647,17.54,1022.24,51.99,7.13
473,407,422,649,646,17.54,1022.23,51.99,7.13
474,407,421,648,646,17.54,1022.23,51.98,7.14
475,408,422,649,647,17.54,1022.24,51.98,7.15
476,407,421,649,647,17.54,1022.24,51.98,7.16
477,407,422,649,646,17.54,1022.24,51.98,7.16
478,407,422,648,647,17.53,1022.24,51.98,7.17
479,407,421,648,646,17.53,1022.24,51.97,7.17
480,407,421,648,647,17.53,1022.23,51.98,7.18
481,407,421,648,646,17.53,1022.22,51.98,7.19
482,407,421,648,646,17.53,1022.22,51.98,7.19
483,406,421,648,646,17.53,1022.22,51.98,7.20
484,407,421,649,646,17.53,1022.22,51.96,7.21
485,406,421,648,646,17.53,1022.23,51.97,7.21
486,406,421,648,646,17.52,1022.25,51.97,7.21
487,406,420,648,646,17.52,1022.25,51.97,7.22
488,406,420,648,646,17.52,1022.25,51.97,7.23
489,406,420,648,646,17.52,1022.24,51.95,7.23
490,405,420,647,645,17.52,1022.25,51.97,7.25
491,406,420,647,645,17.52,1022.25,51.95,7.24
492,405,420,648,646,17.52,1022.25,51.96,7.25
493,405,420,647,645,17.52,1022.25,51.96,7.26
494,405,420,647,645,17.52,1022.25,51.97,7.27
495,405,420,648,645,17.52,1022.24,51.95,7.26
496,405,420,647,645,17.51,1022.24,51.95,7.28
497,405,420,647,645,17.51,1022.25,51.95,7.29
498,404,420,647,644,17.51,1022.26,51.95,7.29
499,405,419,646,645,17.51,1022.25,51.95,7.30
500,404,419,646,645,17.51,1022.16,51.93,7.30
501,405,419,646,644,17.51,1022.05,51.94,7.30
502,403,418,646,641,17.51,1021.97,51.94,7.36
503,401,416,645,639,17.51,1021.92,51.95,7.50
504,397,412,644,636,17.50,1021.90,51.95,7.71
505,392,410,643,632,17.50,1021.88,51.97,7.97
506,386,407,641,630,17.50,1021.83,51.99,8.27
507,381,404,639,627,17.50,1021.80,52.00,8.57
508,375,401,637,624,17.50,1021.78,52.02,8.88
509,369,397,636,621,17.50,1021.79,52.04,9.18
510,363,394,634,619,17.50,1021.80,52.05,9.46
511,357,391,632,616,17.50,1021.81,52.07,9.74
512,352,387,631,614,17.51,1021.79,52.08,9.99
513,347,384,628,612,17.51,1021.77,52.11,10.24
514,341,381,627,608,17.51,1021.76,52.12,10.46
515,336,378,625,606,17.51,1021.78,52.13,10.69
516,331,375,623,604,17.51,1021.79,52.14,10.90
517,326,372,620,602,17.51,1021.80,52.16,11.11
518,322,369,618,599,17.51,1021.80,52.17,11.30
519,318,366,617,596,17.51,1021.79,52.16,11.48
520,314,363,614,595,17.51,1021.77,52.18,11.65
521,310,360,612,593,17.51,1021.75,52.19,11.81
522,307,358,610,590,17.51,1021.75,52.19,11.97
523,303,354,609,588,17.51,1021.76,52.19,12.13
524,300,352,607,586,17.51,1021.77,52.20,12.28
525,296,349,605,584,17.51,1021.78,52.20,12.44
526,293,347,602,582,17.52,1021.79,52.21,12.58
527,290,344,601,580,17.52,1021.79,52.21,12.72
528,287,342,599,578,17.52,1021.78,52.22,12.87
529,285,339,596,576,17.52,1021.75,52.20,12.97
530,282,337,595,574,17.52,1021.74,52.21,13.13
531,279,334,593,573,17.52,1021.73,52.22,13.27
532,276,332,591,571,17.52,1021.73,52.20,13.40
533,275,330,589,569,17.52,1021.74,52.21,13.51
534,272,327,587,567,17.53,1021.75,52.22,13.66
535,270,324,585,566,17.53,1021.76,52.20,13.76
536,268,322,584,563,17.53,1021.78,52.21,13.89
537,266,320,582,562,17.53,1021.79,52.21,14.02
538,265,319,580,560,17.53,1021.80,52.19,14.15
539,262,317,579,558,17.54,1021.80,52.20,14.27
540,261,314,577,556,17.54,1021.80,52.21,14.38
541,259,313,575,554,17.54,1021.79,52.19,14.49
542,257,310,573,553,17.54,1021.78,52.19,14.59
543,256,309,572,551,17.55,1021.77,52.19,14.70
544,253,306,569,549,17.55,1021.75,52.18,14.83
545,252,305,568,548,17.55,1021.75,52.18,14.95
546,251,302,566,546,17.55,1021.74,52.18,15.05
547,249,300,565,545,17.55,1021.73,52.18,15.15
548,248,299,562,544,17.56,1021.74,52.17,15.26
549,246,297,561,543,17.56,1021.75,52.17,15.38
550,244,295,560,540,17.56,1021.76,52.17,15.46
551,244,293,558,539,17.56,1021.78,52.16,15.58
552,242,292,557,537,17.56,1021.79,52.16,15.67
553,241,290,555,536,17.56,1021.80,52.15,15.78
554,240,288,553,535,17.56,1021.82,52.14,15.90
555,239,287,552,533,17.57,1021.82,52.14,16.00
556,238,286,551,531,17.57,1021.82,52.14,16.09
557,237,285,549,530,17.57,1021.81,52.13,16.18
558,236,282,547,529,17.57,1021.80,52.12,16.29
559,235,281,546,527,17.58,1021.79,52.12,16.39
560,233,279,545,526,17.58,1021.78,52.11,16.50
561,232,278,543,525,17.58,1021.77,52.08,16.60
562,231,276,542,523,17.58,1021.77,52.08,16.65
563,231,275,540,522,17.59,1021.76,52.08,16.77
564,229,273,540,520,17.59,1021.74,52.07,16.87
565,229,273,538,519,17.59,1021.74,52.07,16.93
566,228,270,536,518,17.59,1021.74,52.07,17.06
567,227,269,535,517,17.59,1021.74,52.06,17.13
568,225,268,533,516,17.60,1021.73,52.04,17.23
569,225,267,533,515,17.60,1021.72,52.04,17.32
570,224,265,531,513,17.60,1021.72,52.04,17.38
571,223,264,530,513,17.60,1021.72,52.03,17.50
572,222,263,529,511,17.60,1021.72,52.01,17.57
573,220,262,527,510,17.61,1021.72,52.02,17.66
574,220,260,525,508,17.61,1021.72,52.00,17.75
575,220,259,524,508,17.61,1021.72,52.01,17.85
576,218,258,523,506,17.61,1021.72,52.00,17.93
577,218,256,522,505,17.61,1021.73,51.97,18.02
578,217,255,521,503,17.62,1021.74,51.97,18.10
579,216,254,519,502,17.62,1021.74,51.95,18.19
580,215,253,518,501,17.62,1021.76,51.96,18.26
581,215,252,517,500,17.62,1021.77,51.95,18.35
582,214,251,516,499,17.62,1021.78,51.96,18.42
583,214,250,515,498,17.63,1021.79,51.94,18.48
584,212,249,513,497,17.63,1021.80,51.93,18.57
585,212,247,512,496,17.63,1021.81,51.92,18.66
586,212,246,511,495,17.63,1021.81,51.93,18.73
587,211,245,510,494,17.64,1021.82,51.92,18.81
588,210,245,509,492,17.64,1021.83,51.91,18.91
589,210,244,508,492,17.64,1021.83,51.89,19.02
590,210,242,507,490,17.64,1021.84,51.90,19.07
591,209,241,506,489,17.65,1021.84,51.88,19.17
592,208,240,504,489,17.65,1021.84,51.87,19.23
593,208,239,503,488,17.65,1021.84,51.87,19.30
594,207,239,502,486,17.65,1021.83,51.86,19.37
595,206,237,501,486,17.66,1021.82,51.86,19.46
596,206,236,500,484,17.66,1021.82,51.86,19.55
597,205,235,498,484,17.66,1021.81,51.84,19.60
598,205,235,498,483,17.66,1021.78,51.83,19.69
599,205,233,497,482,17.66,1021.77,51.81,19.73
600,204,233,496,482,17.67,1021.75,51.81,19.84
601,203,232,496,480,17.67,1021.75,51.82,19.90
602,203,230,493,479,17.67,1021.74,51.81,19.98
603,202,230,493,478,17.67,1021.73,51.79,20.05
604,202,229,492,478,17.68,1021.72,51.80,20.13
605,202,228,491,477,17.68,1021.72,51.80,20.19
606,202,228,490,475,17.68,1021.72,51.78,20.26
607,201,227,488,475,17.68,1021.73,51.78,20.32
608,200,226,488,474,17.68,1021.73,51.76,20.40
609,200,225,487,473,17.69,1021.76,51.75,20.46
610,200,224,487,472,17.69,1021.77,51.76,20.56
611,199,223,485,471,17.69,1021.78,51.76,20.62
612,199,222,484,470,17.69,1021.79,51.74,20.68
613,199,222,483,470,17.70,1021.79,51.74,20.75
614,198,220,482,468,17.70,1021.80,51.73,20.81
615,197,221,481,469,17.70,1021.81,51.73,20.89
616,197,219,480,468,17.70,1021.82,51.73,20.95
617,197,219,480,466,17.71,1021.83,51.72,21.06
618,196,218,479,466,17.71,1021.83,51.70,21.12
619,196,217,478,465,17.71,1021.84,51.69,21.16
620,195,216,477,464,17.71,1021.84,51.68,21.25
621,194,215,476,464,17.71,1021.84,51.69,21.29
622,195,215,475,463,17.72,1021.83,51.67,21.38
623,194,214,474,462,17.72,1021.84,51.67,21.47
624,194,214,473,461,17.72,1021.83,51.67,21.51
625,194,213,473,461,17.72,1021.83,51.67,21.58
626,194,212,472,460,17.73,1021.83,51.65,21.69
627,192,212,470,459,17.73,1021.83,51.65,21.75
628,193,211,470,458,17.73,1021.82,51.65,21.82
629,192,210,469,458,17.73,1021.82,51.63,21.89
630,192,210,469,457,17.73,1021.81,51.63,21.94
631,192,209,468,456,17.74,1021.80,51.62,22.00
632,192,208,467,455,17.74,1021.80,51.62,22.10
633,191,208,466,454,17.74,1021.79,51.61,22.24
634,191,207,465,454,17.74,1021.78,51.59,22.24
635,190,206,464,453,17.75,1021.77,51.58,22.36
636,190,206,464,453,17.75,1021.76,51.59,22.38
637,190,205,463,452,17.75,1021.74,51.58,22.43
638,190,204,462,452,17.75,1021.73,51.57,22.52
639,189,204,462,451,17.75,1021.73,51.57,22.62
640,188,204,460,451,17.76,1021.73,51.56,22.67
641,189,203,460,449,17.76,1021.72,51.55,22.74
642,188,202,460,449,17.76,1021.72,51.54,22.84
643,188,202,459,449,17.76,1021.72,51.54,22.92
644,187,201,458,448,17.76,1021.72,51.54,22.99
645,187,200,457,447,17.77,1021.72,51.54,23.07
646,187,200,456,447,17.77,1021.72,51.52,23.12
647,187,199,456,445,17.77,1021.72,51.51,23.22
648,187,199,455,445,17.77,1021.72,51.52,23.30
649,186,198,454,445,17.77,1021.73,51.51,23.38
650,186,198,453,444,17.77,1021.73,51.49,23.43
651,186,197,452,444,17.78,1021.74,51.49,23.51
652,185,197,451,443,17.78,1021.74,51.48,23.62
653,185,196,451,442,17.78,1021.74,51.46,23.65
654,185,195,450,442,17.78,1021.75,51.48,23.76
655,184,195,450,441,17.78,1021.77,51.46,23.84
656,185,194,449,441,17.79,1021.78,51.44,23.93
657,184,194,448,440,17.79,1021.79,51.45,23.95
658,184,193,448,439,17.79,1021.79,51.43,24.05
659,183,193,447,439,17.79,1021.80,51.43,24.17
660,184,192,447,438,17.79,1021.80,51.43,24.22
661,183,191,445,438,17.80,1021.81,51.43,24.30
662,183,191,446,437,17.80,1021.80,51.42,24.39
663,183,190,444,437,17.80,1021.80,51.42,24.46
664,182,190,443,436,17.80,1021.81,51.41,24.56
665,182,190,443,436,17.80,1021.81,51.42,24.63
666,182,190,443,435,17.80,1021.82,51.40,24.70
667,182,189,442,435,17.81,1021.82,51.39,24.82
668,182,188,441,435,17.81,1021.82,51.38,24.87
669,181,187,441,434,17.81,1021.82,51.39,24.95
670,181,188,439,434,17.81,1021.81,51.37,25.06
671,181,186,438,433,17.81,1021.82,51.37,25.12
672,181,186,438,433,17.82,1021.82,51.37,25.19
673,181,185,438,432,17.82,1021.83,51.37,25.24
674,181,185,438,432,17.82,1021.84,51.35,25.39
675,180,185,436,431,17.82,1021.84,51.34,25.47
676,180,185,436,431,17.82,1021.85,51.35,25.53
677,180,184,436,430,17.82,1021.85,51.33,25.62
678,180,184,435,429,17.83,1021.85,51.34,25.70
679,179,183,434,429,17.83,1021.85,51.33,25.80
680,180,183,434,428,17.83,1021.85,51.32,25.86
681,179,183,433,428,17.83,1021.84,51.31,26.00
682,179,182,433,428,17.83,1021.83,51.30,26.05
683,179,181,432,428,17.84,1021.84,51.30,26.15
684,178,181,431,427,17.84,1021.83,51.30,26.25
685,178,181,431,427,17.84,1021.83,51.30,26.33
686,178,180,430,427,17.84,1021.84,51.30,26.39
687,179,180,430,426,17.84,1021.83,51.29,26.51
688,178,180,429,425,17.84,1021.83,51.29,26.58
689,178,179,428,425,17.84,1021.82,51.28,26.63
690,177,178,428,425,17.85,1021.83,51.29,26.75
691,177,179,427,424,17.85,1021.82,51.27,26.87
692,178,179,426,424,17.85,1021.83,51.27,26.93
693,177,178,426,423,17.85,1021.83,51.27,27.02
694,177,178,426,423,17.85,1021.83,51.26,27.11
695,176,177,426,422,17.85,1021.83,51.27,27.21
696,176,177,425,422,17.86,1021.83,51.24,27.30
697,177,176,424,421,17.86,1021.83,51.24,27.37
698,176,176,424,421,17.86,1021.83,51.24,27.44
699,176,176,423,421,17.86,1021.83,51.24,27.53
700,176,175,422,420,17.86,1021.82,51.24,27.66
701,175,174,421,421,17.86,1021.82,51.23,27.70
702,174,174,421,420,17.87,1021.82,51.22,27.84
703,175,173,421,419,17.87,1021.81,51.22,27.92
704,175,173,420,419,17.87,1021.81,51.22,28.01
705,175,172,420,418,17.87,1021.81,51.20,28.09
706,175,172,420,418,17.87,1021.80,51.21,28.18
707,174,172,419,418,17.87,1021.80,51.21,28.26
708,174,172,419,417,17.87,1021.80,51.20,28.33
709,175,172,418,418,17.88,1021.79,51.19,28.48
710,174,171,417,416,17.88,1021.78,51.20,28.56
711,174,171,417,417,17.88,1021.77,51.18,28.64
712,174,171,416,416,17.88,1021.77,51.18,28.76
713,174,170,416,416,17.88,1021.78,51.19,28.92
714,173,170,415,416,17.88,1021.77,51.16,28.90
715,174,169,415,415,17.89,1021.77,51.17,28.96
716,172,170,414,415,17.89,1021.78,51.16,29.06
717,173,169,414,414,17.89,1021.78,51.16,29.22
718,173,169,413,414,17.89,1021.79,51.15,29.36
719,173,168,413,413,17.89,1021.80,51.15,29.40
720,173,168,412,414,17.89,1021.79,51.14,29.46
721,172,168,412,413,17.89,1021.80,51.14,29.57
722,172,167,411,412,17.90,1021.79,51.14,29.63
723,172,167,411,412,17.90,1021.77,51.12,29.73
724,172,167,410,412,17.90,1021.76,51.13,29.82
725,172,167,410,412,17.90,1021.75,51.11,29.90
726,172,166,409,411,17.90,1021.75,51.13,29.97
727,171,166,409,412,17.90,1021.75,51.12,30.12
728,172,165,409,411,17.90,1021.75,51.11,30.23
729,171,165,408,411,17.91,1021.75,51.11,30.33
730,172,165,408,410,17.91,1021.75,51.10,30.40
731,171,165,407,410,17.91,1021.74,51.10,30.49
732,171,164,406,409,17.91,1021.75,51.10,30.55
733,171,164,407,409,17.91,1021.75,51.08,30.69
734,171,163,406,409,17.91,1021.75,51.09,30.80
735,171,163,406,409,17.91,1021.76,51.07,30.87
736,170,163,405,408,17.91,1021.75,51.08,30.98
737,170,163,405,408,17.91,1021.75,51.07,31.12
738,170,163,404,407,17.91,1021.74,51.07,31.19
739,170,163,403,408,17.92,1021.73,51.06,31.23
740,170,162,403,407,17.92,1021.73,51.05,31.35
741,170,162,403,407,17.92,1021.73,51.05,31.47
742,169,162,403,407,17.92,1021.73,51.04,31.59
743,170,161,402,406,17.92,1021.73,51.05,31.66
744,169,161,401,406,17.92,1021.73,51.04,31.70
745,169,161,401,407,17.92,1021.73,51.02,31.97
746,169,161,401,405,17.92,1021.73,51.04,32.14
747,170,160,401,406,17.93,1021.73,51.04,32.02
748,169,160,401,405,17.93,1021.72,51.02,32.17
749,169,159,400,405,17.93,1021.73,51.03,32.26
