Time,NO2,C2H5CH,VOC,CO,Temperature,Pressure,Humidity,Gas Resistance
0,76,69,224,301,12.60,1036.25,28.55,355.63
1,75,69,225,302,12.60,1036.25,28.56,357.94
2,77,69,226,304,12.60,1036.25,28.56,358.32
3,77,69,225,305,12.60,1036.25,28.56,354.86
4,76,69,224,304,12.60,1036.25,28.56,359.49
5,76,68,224,304,12.59,1036.24,28.58,357.16
6,76,69,224,304,12.59,1036.24,28.59,362.65
7,76,68,224,303,12.59,1036.25,28.59,359.49
8,76,68,223,303,12.59,1036.25,28.59,361.06
9,75,68,223,303,12.59,1036.26,28.59,365.46
10,76,69,222,303,12.59,1036.26,28.61,365.46
11,75,69,223,302,12.59,1036.26,28.61,367.49
12,75,69,222,301,12.59,1036.25,28.61,367.90
13,76,69,224,303,12.59,1036.25,28.63,367.49
14,76,69,224,304,12.59,1036.26,28.62,366.27
15,76,69,224,304,12.58,1036.26,28.63,368.31
16,76,69,223,303,12.58,1036.26,28.63,369.13
17,76,68,223,303,12.58,1036.26,28.64,370.79
18,76,68,223,303,12.58,1036.27,28.64,371.20
19,76,69,222,303,12.58,1036.26,28.64,367.49
20,75,68,222,303,12.58,1036.25,28.65,368.31
21,76,68,222,303,12.58,1036.26,28.66,372.46
22,75,68,222,302,12.58,1036.25,28.66,374.14
23,76,68,222,301,12.57,1036.25,28.66,376.27
24,75,68,221,301,12.57,1036.24,28.67,373.30
25,75,68,220,302,12.57,1036.24,28.67,375.42
26,75,68,220,301,12.57,1036.24,28.68,378.71
27,75,68,221,300,12.57,1036.24,28.67,379.78
28,75,67,221,301,12.57,1036.24,28.68,380.64
29,75,67,220,301,12.57,1036.24,28.68,380.85
30,75,67,221,301,12.57,1036.25,28.68,380.21
31,74,68,220,300,12.57,1036.24,28.68,379.35
32,75,68,221,301,12.57,1036.24,28.68,382.15
33,75,68,220,300,12.56,1036.23,28.68,381.07
34,75,68,220,299,12.56,1036.23,28.68,383.68
35,74,67,220,300,12.56,1036.24,28.69,385.44
36,75,67,221,300,12.56,1036.24,28.68,383.24
37,75,67,219,300,12.56,1036.24,28.68,383.68
38,75,67,220,299,12.56,1036.24,28.67,384.34
39,74,67,220,299,12.56,1036.24,28.67,382.81
40,75,67,221,300,12.56,1036.24,28.68,383.46
41,75,67,222,303,12.56,1036.25,28.68,386.33
42,76,68,222,304,12.55,1036.25,28.67,381.50
43,75,67,222,306,12.55,1036.24,28.66,385.89
44,76,68,221,306,12.55,1036.24,28.67,382.59
45,76,67,222,307,12.55,1036.24,28.69,387.44
46,76,67,223,308,12.55,1036.24,28.69,383.46
47,77,68,224,310,12.55,1036.25,28.69,383.90
48,77,67,224,312,12.55,1036.25,28.71,384.12
49,77,67,224,312,12.55,1036.25,28.72,384.12
50,76,68,224,313,12.55,1036.25,28.72,384.78
51,77,67,223,313,12.54,1036.25,28.75,389.24
52,77,67,222,313,12.54,1036.26,28.76,388.12
53,76,67,221,313,12.54,1036.27,28.79,389.92
54,77,67,222,312,12.54,1036.26,28.80,390.82
55,76,67,221,312,12.54,1036.25,28.84,391.51
56,76,67,220,312,12.54,1036.25,28.87,392.65
57,75,67,220,311,12.54,1036.25,28.89,395.66
58,76,67,220,310,12.54,1036.25,28.88,395.43
59,75,67,220,310,12.54,1036.25,28.91,397.77
60,76,67,220,310,12.53,1036.24,28.94,393.11
61,75,66,220,310,12.53,1036.25,28.95,393.34
62,75,66,220,309,12.53,1036.25,28.96,399.66
63,75,67,219,308,12.53,1036.24,28.97,398.95
64,75,66,219,308,12.53,1036.24,28.97,400.37
65,75,66,219,308,12.53,1036.25,28.98,399.66
66,75,66,219,307,12.53,1036.24,28.99,401.33
67,74,66,219,307,12.53,1036.25,29.01,399.66
68,74,66,219,306,12.53,1036.25,29.00,405.45
69,75,67,218,307,12.52,1036.25,29.00,403.02
70,74,66,218,306,12.52,1036.24,29.01,404.71
71,75,67,218,305,12.52,1036.25,29.02,405.69
72,74,66,218,305,12.52,1036.25,29.02,402.77
73,74,66,217,306,12.52,1036.25,29.03,406.68
74,74,66,218,305,12.52,1036.25,29.03,402.05
75,74,66,218,304,12.52,1036.25,29.03,409.40
76,75,66,218,304,12.51,1036.25,29.02,408.41
77,75,66,216,304,12.51,1036.25,29.02,405.94
78,75,66,217,304,12.51,1036.25,29.02,410.40
79,74,66,217,304,12.51,1036.26,29.01,412.92
80,75,66,217,303,12.51,1036.26,29.03,414.71
81,74,66,216,302,12.51,1036.26,29.03,411.41
82,74,66,217,303,12.51,1036.26,29.02,409.40
83,74,65,216,303,12.51,1036.26,29.02,416.25
84,74,66,217,302,12.51,1036.26,29.02,415.22
85,74,66,217,303,12.51,1036.25,29.01,414.96
86,74,66,217,304,12.51,1036.25,28.99,413.43
87,74,65,216,303,12.51,1036.25,29.01,416.77
88,74,65,216,302,12.50,1036.25,28.99,418.58
89,75,65,216,302,12.50,1036.26,28.99,416.51
90,74,65,216,302,12.50,1036.25,29.01,417.02
91,74,65,216,301,12.50,1036.25,28.99,414.71
92,74,65,216,302,12.50,1036.25,28.99,419.63
93,75,65,217,302,12.50,1036.25,28.98,414.20
94,75,65,216,303,12.50,1036.25,28.98,417.02
95,74,65,216,302,12.50,1036.25,28.97,419.63
96,74,66,216,302,12.49,1036.25,28.96,421.21
97,74,65,216,302,12.49,1036.25,28.97,423.06
98,74,65,215,302,12.49,1036.25,28.96,423.33
99,74,65,215,301,12.49,1036.25,28.96,423.60
100,74,65,215,302,12.49,1036.25,28.96,420.68
101,74,65,214,300,12.49,1036.24,28.96,424.94
102,74,64,215,301,12.49,1036.25,28.95,425.48
103,74,64,214,300,12.49,1036.25,28.95,428.46
104,74,64,214,300,12.49,1036.24,28.94,428.19
105,74,65,215,300,12.49,1036.25,28.94,429.28
106,74,65,214,300,12.48,1036.24,28.94,428.19
107,74,65,214,300,12.48,1036.24,28.93,430.93
108,74,64,215,300,12.48,1036.24,28.92,428.19
109,74,65,216,302,12.48,1036.24,28.92,423.06
110,74,65,217,304,12.48,1036.25,28.92,429.28
111,74,65,216,304,12.48,1036.25,28.91,426.29
112,74,65,215,303,12.47,1036.24,28.92,431.77
113,74,65,214,304,12.47,1036.24,28.92,432.32
114,75,65,215,303,12.47,1036.24,28.92,428.46
115,74,64,216,306,12.47,1036.25,28.90,430.38
116,75,65,216,306,12.47,1036.25,28.92,426.83
117,74,65,216,308,12.47,1036.25,28.93,425.75
118,75,65,216,307,12.47,1036.25,28.92,431.49
119,74,65,216,307,12.47,1036.25,28.92,429.01
120,75,64,214,307,12.47,1036.25,28.93,430.93
121,75,65,215,307,12.47,1036.25,28.95,434.28
122,74,64,215,305,12.46,1036.25,28.95,434.56
123,77,66,217,309,12.46,1036.26,28.96,417.02
124,91,68,223,322,12.46,1036.25,28.96,356.78
125,105,69,227,337,12.46,1036.25,28.98,292.14
126,119,71,231,352,12.46,1036.25,29.00,243.51
127,129,72,234,362,12.46,1036.24,29.03,212.92
128,134,73,236,371,12.46,1036.25,29.07,190.58
129,139,73,238,380,12.46,1036.24,29.13,177.72
130,143,74,240,387,12.46,1036.24,29.21,163.54
131,147,75,242,395,12.46,1036.24,29.28,154.10
132,150,76,244,400,12.46,1036.24,29.38,147.87
133,152,76,246,406,12.46,1036.24,29.49,143.57
134,153,77,247,410,12.46,1036.24,29.60,141.40
135,154,77,248,413,12.46,1036.24,29.72,138.72
136,155,78,249,415,12.46,1036.24,29.84,136.24
137,155,79,250,418,12.46,1036.25,29.98,134.28
138,156,78,251,418,12.46,1036.24,30.14,135.69
139,155,79,252,419,12.46,1036.24,30.27,133.96
140,156,80,253,421,12.46,1036.48,30.42,135.91
141,155,79,254,422,12.46,1036.96,30.56,134.61
142,154,80,255,423,12.47,1037.32,30.72,133.43
143,154,79,256,426,12.48,1037.58,30.87,133.12
144,152,80,257,428,12.49,1037.78,31.03,133.64
145,151,80,258,431,12.50,1037.94,31.19,131.86
146,150,80,258,432,12.51,1038.05,31.34,133.12
147,149,80,260,434,12.51,1038.13,31.50,132.49
148,149,80,260,437,12.52,1038.19,31.64,132.80
149,149,80,261,439,12.53,1038.23,31.80,131.76
150,147,80,262,440,12.54,1038.26,31.93,129.83
151,148,80,263,442,12.54,1038.29,32.05,129.33
152,147,81,263,443,12.55,1038.31,32.20,130.23
153,147,80,264,445,12.55,1038.33,32.31,129.63
154,146,81,264,446,12.56,1038.34,32.44,129.53
155,146,81,265,448,12.56,1038.34,32.55,129.03
156,145,81,265,450,12.57,1038.35,32.65,127.85
157,145,81,266,451,12.57,1038.35,32.76,126.89
158,145,82,266,453,12.57,1038.36,32.85,126.79
159,145,82,266,454,12.58,1038.36,32.96,126.03
160,144,82,267,454,12.58,1038.36,33.04,124.17
161,144,82,268,455,12.58,1038.36,33.13,124.44
162,144,82,268,456,12.58,1038.36,33.21,122.99
163,144,82,269,456,12.59,1038.36,33.30,122.90
164,143,82,269,458,12.59,1038.36,33.37,122.81
165,143,82,270,458,12.59,1038.36,33.43,122.01
166,142,82,270,459,12.59,1038.35,33.50,120.78
167,142,82,270,460,12.60,1038.36,33.56,120.00
168,142,83,271,461,12.60,1038.36,33.63,119.49
169,141,83,271,461,12.60,1038.36,33.68,119.92
170,141,83,272,461,12.60,1038.37,33.73,118.15
171,141,83,272,463,12.61,1038.36,33.78,118.31
172,141,83,272,462,12.61,1038.36,33.84,117.49
173,140,84,273,463,12.61,1038.36,33.88,117.40
174,140,84,273,463,12.61,1038.37,33.92,117.57
175,140,83,274,464,12.61,1038.37,33.97,116.19
176,140,84,274,464,12.61,1038.38,34.01,115.00
177,140,84,274,465,12.62,1038.38,34.03,114.76
178,139,84,275,465,12.62,1038.38,34.06,114.84
179,139,84,275,464,12.62,1038.38,34.09,114.84
180,139,84,275,466,12.62,1038.37,34.11,113.52
181,139,84,275,465,12.62,1038.37,34.15,113.67
182,139,84,276,465,12.62,1038.37,34.16,113.37
183,138,85,276,465,12.62,1038.36,34.17,112.16
184,138,84,276,466,12.62,1038.37,34.21,112.01
185,139,85,277,466,12.63,1038.38,34.23,111.78
186,138,85,277,466,12.63,1038.37,34.25,110.39
187,138,85,276,466,12.63,1038.37,34.27,110.97
188,138,85,277,467,12.63,1038.37,34.27,109.81
189,138,85,278,466,12.63,1038.38,34.29,109.81
190,138,85,277,467,12.63,1038.38,34.30,109.39
191,138,85,279,467,12.63,1038.38,34.31,109.24
192,137,85,279,467,12.63,1038.38,34.33,108.68
193,137,86,278,467,12.63,1038.38,34.34,107.15
194,136,86,279,467,12.63,1038.37,34.34,107.77
195,136,86,279,467,12.63,1038.38,34.35,106.34
196,137,86,279,467,12.63,1038.38,34.36,107.15
197,137,86,279,466,12.63,1038.38,34.36,106.54
198,137,87,279,467,12.63,1038.38,34.36,105.41
199,137,86,280,467,12.63,1038.37,34.36,105.54
200,136,87,280,467,12.63,1038.36,34.35,104.68
201,136,87,281,467,12.63,1038.36,34.36,105.41
202,136,87,280,467,12.63,1038.36,34.36,104.88
203,136,87,281,467,12.63,1038.37,34.36,104.23
204,135,87,281,466,12.64,1038.37,34.36,104.49
205,136,86,281,467,12.64,1038.37,34.35,104.04
206,135,87,281,466,12.64,1038.38,34.35,103.27
207,135,87,281,466,12.64,1038.37,34.34,103.02
208,135,87,281,466,12.64,1038.38,34.34,103.21
209,135,87,281,466,12.64,1038.38,34.34,102.51
210,135,87,282,466,12.64,1038.37,34.34,102.45
211,135,87,282,466,12.64,1038.37,34.33,101.34
212,135,87,282,465,12.64,1038.37,34.31,101.71
213,135,88,282,466,12.64,1038.37,34.30,101.59
214,135,88,282,466,12.64,1038.36,34.30,101.59
215,134,87,283,465,12.64,1038.36,34.29,100.55
216,135,88,283,466,12.64,1038.36,34.29,100.85
217,135,87,283,465,12.64,1038.37,34.27,99.90
218,134,88,283,465,12.64,1038.37,34.26,100.13
219,135,88,284,465,12.64,1038.36,34.26,99.84
220,134,88,284,465,12.64,1038.37,34.25,99.66
221,135,88,283,465,12.63,1038.36,34.22,98.26
222,134,88,284,465,12.63,1038.37,34.22,98.72
223,134,88,285,464,12.64,1038.37,34.22,98.78
224,134,88,284,464,12.63,1038.38,34.20,98.61
225,134,89,285,465,12.63,1038.38,34.20,98.15
226,134,88,284,464,12.63,1038.38,34.18,98.09
227,134,88,285,464,12.63,1038.38,34.17,98.26
228,133,88,285,464,12.63,1038.38,34.16,96.90
229,134,88,285,463,12.63,1038.38,34.14,97.35
230,134,89,285,463,12.63,1038.37,34.13,97.24
231,133,88,285,463,12.63,1038.38,34.12,97.29
232,133,88,286,462,12.63,1038.37,34.10,96.68
233,133,88,285,463,12.63,1038.37,34.09,95.74
234,133,89,285,463,12.63,1038.37,34.08,96.13
235,133,89,286,462,12.63,1038.36,34.06,95.91
236,133,89,286,462,12.63,1038.37,34.04,96.02
237,133,89,286,462,12.63,1038.37,34.04,94.98
238,133,89,286,463,12.63,1038.37,34.02,94.72
239,133,89,286,462,12.63,1038.38,34.02,95.36
240,133,89,286,462,12.63,1038.38,34.00,94.82
241,132,89,286,461,12.63,1038.38,33.99,94.40
242,133,89,286,461,12.63,1038.38,33.97,94.82
243,133,89,286,461,12.63,1038.38,33.96,95.28
244,133,89,287,461,12.63,1038.38,33.94,94.56
245,133,89,287,462,12.63,1038.37,33.92,94.64
246,133,90,287,461,12.63,1038.37,33.91,95.17
247,133,90,287,460,12.63,1038.38,33.89,94.85
248,133,90,288,461,12.63,1038.38,33.88,94.64
249,132,90,287,461,12.63,1038.38,33.87,94.53
250,133,89,287,460,12.63,1038.38,33.86,94.21
251,132,90,288,460,12.63,1038.38,33.83,93.90
252,132,90,288,459,12.63,1038.38,33.83,93.79
253,132,90,288,459,12.63,1038.38,33.81,93.48
254,132,90,288,460,12.63,1038.38,33.79,94.11
255,132,90,288,460,12.63,1038.38,33.79,93.79
256,132,90,287,459,12.62,1038.38,33.77,93.69
257,132,90,289,458,12.62,1038.38,33.75,93.17
258,132,90,288,460,12.62,1038.38,33.73,92.56
259,132,90,288,459,12.62,1038.38,33.73,92.56
260,132,91,289,458,12.62,1038.37,33.69,92.56
261,132,90,288,458,12.62,1038.38,33.70,92.45
262,132,90,289,458,12.62,1038.38,33.68,93.17
263,132,90,288,458,12.62,1038.37,33.67,91.55
264,132,91,289,458,12.62,1038.37,33.66,91.65
265,132,91,288,457,12.62,1038.37,33.65,91.65
266,132,90,289,458,12.62,1038.37,33.64,91.55
267,131,91,289,457,12.62,1038.37,33.62,91.95
268,132,91,289,458,12.62,1038.37,33.60,91.45
269,132,91,290,457,12.61,1038.37,33.58,91.85
270,131,90,289,457,12.61,1038.37,33.56,90.85
271,132,91,290,457,12.61,1038.37,33.54,90.85
272,131,91,290,456,12.61,1038.37,33.54,91.25
273,132,90,290,457,12.61,1038.37,33.52,90.85
274,131,91,290,456,12.61,1038.37,33.51,91.35
275,131,91,290,456,12.61,1038.38,33.50,90.27
276,131,90,290,456,12.61,1038.38,33.49,90.76
277,131,91,290,456,12.61,1038.38,33.47,90.76
278,131,91,290,456,12.61,1038.38,33.46,90.27
279,130,91,290,456,12.61,1038.39,33.44,89.59
280,131,91,290,454,12.61,1038.38,33.43,89.59
281,130,91,290,455,12.61,1038.38,33.42,90.27
282,130,91,291,455,12.61,1038.39,33.40,89.79
283,131,92,291,454,12.61,1038.39,33.39,89.98
284,131,91,291,455,12.61,1038.39,33.38,89.98
285,131,91,290,454,12.61,1038.38,33.38,89.79
286,131,91,291,454,12.60,1038.38,33.37,88.93
287,131,92,291,454,12.60,1038.38,33.34,89.79
288,131,91,291,454,12.60,1038.39,33.33,89.40
289,131,91,291,453,12.60,1038.39,33.33,89.40
290,131,91,291,453,12.60,1038.39,33.30,89.31
291,131,91,291,453,12.60,1038.38,33.29,88.56
292,131,91,291,453,12.60,1038.38,33.28,89.03
293,130,91,291,453,12.60,1038.38,33.26,88.84
294,131,92,291,452,12.60,1038.38,33.26,88.74
295,131,92,291,453,12.59,1038.37,33.24,88.46
296,131,91,292,452,12.59,1038.38,33.23,88.46
297,131,91,291,452,12.59,1038.38,33.22,88.09
298,131,92,292,452,12.59,1038.38,33.21,88.00
299,130,92,292,452,12.59,1038.38,33.19,88.46
300,131,92,292,452,12.59,1038.38,33.18,88.19
301,131,92,292,452,12.59,1038.38,33.17,88.28
302,131,92,291,451,12.59,1038.38,33.16,88.09
303,130,92,291,451,12.59,1038.39,33.14,88.00
304,130,92,292,451,12.59,1038.38,33.13,87.36
305,130,91,292,451,12.59,1038.38,33.12,87.72
306,131,92,292,450,12.59,1038.37,33.11,87.00
307,130,92,292,451,12.59,1038.37,33.10,87.00
308,130,92,292,451,12.59,1038.38,33.09,86.91
309,131,93,293,451,12.59,1038.38,33.08,86.82
310,130,92,293,450,12.59,1038.38,33.06,86.64
311,130,92,293,450,12.58,1038.39,33.06,87.54
312,131,92,293,450,12.58,1038.39,33.04,87.18
313,131,92,293,449,12.58,1038.38,33.03,86.64
314,130,93,292,450,12.58,1038.38,33.02,87.09
315,131,92,293,449,12.58,1038.38,33.00,87.00
316,131,92,293,449,12.58,1038.38,33.00,86.11
317,130,93,293,449,12.58,1038.38,32.99,86.28
318,130,92,292,449,12.58,1038.38,32.98,86.46
319,130,93,293,449,12.58,1038.38,32.96,86.82
320,131,93,293,448,12.58,1038.37,32.95,86.11
321,131,92,293,448,12.58,1038.38,32.94,86.64
322,131,92,292,448,12.58,1038.38,32.93,86.64
323,130,93,293,447,12.58,1038.38,32.93,86.11
324,130,92,292,448,12.57,1038.38,32.91,86.20
325,130,93,293,448,12.57,1038.38,32.90,85.50
326,130,93,294,448,12.57,1038.39,32.89,85.84
327,130,92,293,447,12.57,1038.39,32.88,86.20
328,130,93,294,447,12.57,1038.39,32.88,85.41
329,130,92,294,447,12.57,1038.39,32.85,85.93
330,130,92,294,447,12.57,1038.39,32.85,86.02
331,130,93,294,447,12.57,1038.39,32.85,85.23
332,130,92,294,446,12.57,1038.40,32.83,85.93
333,130,93,293,446,12.57,1038.39,32.82,85.23
334,130,92,294,447,12.57,1038.39,32.81,85.58
335,130,93,294,446,12.57,1038.39,32.80,85.50
336,130,93,294,446,12.56,1038.39,32.79,85.06
337,130,93,294,447,12.56,1038.39,32.78,84.63
338,130,93,294,446,12.56,1038.39,32.76,85.41
339,129,93,294,445,12.56,1038.39,32.76,84.38
340,129,93,295,446,12.56,1038.38,32.75,84.72
341,130,93,293,445,12.56,1038.39,32.74,85.15
342,130,93,294,445,12.56,1038.39,32.73,84.55
343,130,93,294,445,12.56,1038.39,32.72,84.89
344,130,93,294,445,12.56,1038.38,32.71,84.72
345,130,94,294,444,12.56,1038.38,32.71,84.29
346,130,93,295,445,12.56,1038.38,32.69,84.21
347,130,93,294,444,12.56,1038.39,32.68,84.55
348,130,93,294,444,12.56,1038.39,32.67,84.46
349,130,94,294,444,12.56,1038.40,32.67,84.13
350,129,93,295,444,12.55,1038.40,32.65,84.55
351,130,94,295,443,12.55,1038.39,32.64,83.87
352,129,93,294,444,12.55,1038.40,32.64,83.96
353,129,93,295,443,12.55,1038.39,32.62,84.21
354,130,94,295,443,12.55,1038.40,32.62,84.21
355,129,93,295,444,12.55,1038.39,32.62,84.21
356,129,93,294,443,12.55,1038.39,32.61,84.21
357,130,93,295,443,12.55,1038.39,32.60,83.62
358,129,93,295,443,12.55,1038.39,32.59,83.87
359,130,94,294,443,12.55,1038.39,32.59,83.87
360,130,94,294,443,12.55,1038.39,32.57,83.37
361,129,93,294,443,12.55,1038.38,32.57,83.54
362,129,94,295,442,12.55,1038.39,32.56,83.87
363,129,94,295,442,12.54,1038.38,32.55,84.04
364,129,94,295,442,12.54,1038.39,32.54,83.37
365,129,94,295,442,12.54,1038.39,32.53,83.54
366,129,94,295,441,12.54,1038.39,32.53,83.54
367,130,94,295,442,12.54,1038.39,32.53,83.54
368,130,94,295,442,12.54,1038.40,32.51,83.13
369,130,94,295,441,12.54,1038.40,32.50,84.04
370,129,94,295,441,12.54,1038.40,32.50,83.21
371,130,93,295,442,12.54,1038.41,32.48,82.88
372,130,93,295,441,12.54,1038.41,32.49,83.29
373,129,93,295,440,12.54,1038.41,32.47,83.54
374,129,93,295,440,12.54,1038.40,32.46,83.21
375,129,94,295,441,12.54,1038.40,32.46,83.21
376,129,94,295,440,12.54,1038.40,32.45,83.13
377,130,94,296,440,12.53,1038.40,32.44,82.64
378,129,94,295,441,12.53,1038.40,32.44,82.56
379,129,94,296,441,12.53,1038.40,32.44,82.88
380,129,94,296,441,12.53,1038.39,32.44,82.96
381,129,94,296,440,12.53,1038.40,32.41,83.13
382,129,94,295,440,12.53,1038.40,32.40,82.23
383,129,94,296,439,12.53,1038.40,32.41,82.88
384,129,94,296,440,12.53,1038.39,32.38,82.56
385,130,94,296,439,12.53,1038.40,32.38,82.80
386,129,93,296,439,12.53,1038.41,32.38,82.39
387,129,94,296,439,12.53,1038.40,32.36,81.99
388,129,94,296,439,12.53,1038.40,32.36,82.07
389,129,94,296,439,12.52,1038.40,32.34,82.15
390,129,94,296,439,12.52,1038.41,32.35,82.64
391,129,94,296,439,12.52,1038.40,32.34,81.99
392,129,94,296,438,12.52,1038.40,32.33,82.07
393,128,94,296,438,12.52,1038.40,32.33,81.75
394,129,95,296,438,12.52,1038.40,32.32,81.75
395,129,94,296,438,12.52,1038.41,32.30,82.64
396,129,94,296,438,12.52,1038.41,32.31,81.75
397,129,94,296,438,12.52,1038.40,32.31,82.15
398,129,94,296,438,12.52,1038.40,32.29,82.15
399,129,95,296,438,12.52,1038.41,32.28,81.91
400,129,94,296,437,12.52,1038.41,32.28,82.15
401,129,94,296,438,12.51,1038.41,32.28,82.39
402,128,94,297,437,12.51,1038.40,32.27,81.59
403,129,94,296,437,12.51,1038.41,32.26,81.36
404,129,94,297,437,12.51,1038.42,32.26,82.15
405,129,95,296,437,12.51,1038.42,32.25,81.51
406,129,95,296,437,12.51,1038.42,32.24,81.83
407,129,94,297,437,12.51,1038.41,32.23,81.59
408,129,95,296,436,12.51,1038.41,32.24,81.99
409,129,94,297,437,12.51,1038.41,32.23,82.07
410,129,95,296,437,12.51,1038.41,32.22,81.12
411,129,94,296,436,12.51,1038.41,32.21,81.51
412,129,94,296,436,12.50,1038.41,32.21,81.51
413,129,94,297,436,12.50,1038.42,32.20,81.51
414,129,94,297,436,12.50,1038.43,32.20,81.44
415,129,95,297,436,12.50,1038.42,32.19,81.91
416,129,95,297,436,12.50,1038.41,32.19,81.20
417,129,95,297,435,12.50,1038.41,32.19,80.89
418,129,94,296,435,12.50,1038.41,32.17,80.97
419,128,94,297,436,12.50,1038.42,32.18,81.51
420,129,94,297,436,12.50,1038.41,32.16,81.44
421,128,95,297,436,12.50,1038.41,32.16,81.12
422,128,94,297,436,12.50,1038.41,32.14,80.89
423,129,95,297,435,12.50,1038.40,32.14,80.81
424,128,94,296,434,12.50,1038.41,32.15,81.44
425,128,94,297,435,12.49,1038.40,32.13,80.81
426,129,94,296,435,12.49,1038.41,32.13,80.81
427,129,94,297,434,12.49,1038.41,32.12,81.04
428,129,95,297,435,12.49,1038.41,32.12,81.44
429,128,94,297,434,12.49,1038.41,32.10,80.65
430,129,95,296,434,12.49,1038.40,32.10,80.97
431,129,95,296,434,12.49,1038.39,32.09,80.89
432,128,95,297,434,12.48,1038.39,32.09,81.12
433,128,95,297,433,12.48,1038.39,32.09,81.04
434,129,95,297,433,12.48,1038.41,32.07,80.97
435,129,94,296,433,12.48,1038.41,32.07,81.04
436,128,95,297,433,12.48,1038.41,32.07,81.20
437,129,95,297,433,12.48,1038.41,32.07,80.97
438,129,95,298,434,12.48,1038.41,32.07,81.04
439,129,95,297,433,12.48,1038.41,32.04,80.81
440,129,94,297,434,12.48,1038.41,32.04,80.12
441,129,95,296,434,12.48,1038.40,32.04,80.81
442,128,95,297,433,12.48,1038.40,32.04,80.50
443,129,95,297,433,12.48,1038.40,32.03,80.89
444,128,95,296,433,12.48,1038.41,32.03,80.65
445,129,95,297,433,12.48,1038.41,32.03,81.04
446,129,94,298,433,12.48,1038.41,32.02,80.27
447,128,95,297,432,12.47,1038.42,32.02,80.65
448,129,95,298,432,12.47,1038.41,32.01,80.89
449,128,95,297,432,12.47,1038.42,32.00,80.04
450,128,94,297,432,12.47,1038.42,32.00,80.12
451,128,94,296,433,12.47,1038.42,31.99,80.27
452,129,95,298,432,12.47,1038.42,32.00,80.19
453,128,95,298,432,12.47,1038.41,31.99,80.12
454,129,95,297,432,12.47,1038.41,31.97,80.19
455,129,95,298,432,12.47,1038.41,31.97,80.50
456,129,94,297,432,12.47,1038.42,31.97,79.74
457,128,95,298,431,12.46,1038.42,31.97,80.50
458,128,95,297,432,12.46,1038.41,31.97,80.19
459,129,95,297,431,12.46,1038.41,31.96,79.89
460,128,95,297,430,12.46,1038.42,31.95,79.89
461,129,95,298,431,12.46,1038.41,31.96,80.27
462,128,95,297,431,12.46,1038.41,31.95,80.35
463,128,95,297,431,12.46,1038.42,31.93,80.35
464,128,95,298,430,12.46,1038.41,31.94,79.81
465,129,95,297,431,12.46,1038.41,31.94,80.35
466,128,95,296,431,12.46,1038.42,31.93,80.35
467,128,95,297,430,12.46,1038.42,31.93,80.35
468,129,94,297,430,12.45,1038.42,31.91,79.66
469,128,95,298,431,12.45,1038.42,31.91,79.74
470,128,95,298,430,12.45,1038.42,31.91,80.04
471,128,95,298,430,12.45,1038.42,31.90,79.81
472,128,95,297,429,12.45,1038.42,31.91,79.81
473,129,95,297,429,12.45,1038.42,31.90,80.12
474,128,96,298,429,12.45,1038.42,31.89,80.04
475,128,95,297,429,12.45,1038.43,31.89,79.74
476,128,95,298,429,12.45,1038.42,31.88,79.81
477,128,95,297,429,12.45,1038.42,31.88,79.59
478,128,95,297,429,12.45,1038.41,31.87,80.27
479,128,96,297,429,12.45,1038.40,31.87,79.44
480,128,95,298,429,12.45,1038.41,31.87,79.89
481,128,95,298,429,12.44,1038.40,31.87,79.89
482,128,95,297,429,12.44,1038.40,31.86,80.19
483,128,96,298,429,12.44,1038.41,31.85,79.29
484,128,95,297,428,12.44,1038.41,31.86,79.29
485,128,95,298,428,12.44,1038.40,31.85,79.51
486,128,95,298,429,12.44,1038.40,31.84,79.89
487,128,95,297,429,12.44,1038.41,31.85,79.44
488,128,96,298,428,12.44,1038.42,31.83,79.29
489,128,95,298,428,12.44,1038.42,31.82,80.04
490,128,95,298,427,12.44,1038.41,31.83,79.74
491,128,95,298,428,12.44,1038.41,31.82,79.59
492,127,95,298,428,12.44,1038.41,31.82,79.29
493,128,96,298,427,12.43,1038.41,31.81,79.81
494,127,95,298,428,12.43,1038.41,31.82,79.36
495,128,95,297,428,12.43,1038.41,31.81,79.44
496,128,96,297,428,12.43,1038.41,31.81,78.99
497,128,95,297,427,12.43,1038.41,31.80,79.74
498,128,96,298,428,12.43,1038.42,31.79,79.51
499,128,95,298,427,12.43,1038.41,31.80,79.29
500,128,95,297,427,12.43,1038.14,31.79,79.21
501,127,95,296,426,12.42,1037.68,31.79,79.21
502,123,94,293,421,12.42,1037.34,31.77,80.81
503,118,93,292,414,12.41,1037.07,31.77,83.29
504,115,93,290,411,12.40,1036.89,31.77,85.93
505,111,93,289,407,12.39,1036.74,31.77,88.56
506,109,92,287,403,12.38,1036.63,31.76,90.95
507,106,91,285,399,12.37,1036.55,31.74,93.07
508,104,91,285,396,12.37,1036.49,31.74,95.50
509,102,91,284,393,12.36,1036.45,31.72,97.07
510,101,90,282,389,12.35,1036.41,31.70,99.42
511,100,90,281,387,12.35,1036.38,31.69,101.34
512,98,90,280,383,12.34,1036.37,31.68,103.46
513,97,90,280,381,12.34,1036.36,31.66,105.41
514,96,90,279,378,12.34,1036.34,31.64,107.63
515,95,89,278,376,12.33,1036.33,31.61,109.46
516,94,89,277,373,12.33,1036.32,31.58,110.39
517,94,89,276,371,12.32,1036.33,31.57,112.16
518,93,88,275,368,12.32,1036.32,31.54,113.67
519,93,88,274,366,12.31,1036.32,31.52,116.19
520,92,88,273,365,12.31,1036.32,31.49,117.65
521,91,88,273,363,12.31,1036.31,31.48,119.58
522,90,88,272,361,12.31,1036.31,31.45,121.39
523,90,88,272,359,12.30,1036.31,31.42,121.92
524,89,87,271,357,12.30,1036.31,31.38,123.71
525,89,87,270,356,12.30,1036.31,31.35,124.91
526,89,87,269,354,12.30,1036.31,31.34,125.94
527,88,87,268,353,12.30,1036.30,31.30,128.63
528,88,87,268,351,12.30,1036.29,31.28,130.23
529,88,86,268,350,12.29,1036.30,31.24,131.25
530,88,87,267,349,12.29,1036.29,31.23,133.12
531,88,86,266,348,12.29,1036.30,31.19,134.39
532,87,85,266,346,12.29,1036.31,31.17,134.07
533,87,86,265,345,12.29,1036.30,31.15,135.58
534,87,86,265,344,12.29,1036.30,31.11,136.80
535,86,86,265,342,12.29,1036.30,31.09,138.49
536,86,85,264,341,12.29,1036.30,31.07,139.64
537,86,85,263,341,12.29,1036.31,31.03,140.93
538,86,85,263,340,12.28,1036.30,31.01,142.12
539,85,85,262,339,12.28,1036.31,30.98,143.70
540,86,84,261,338,12.28,1036.31,30.96,145.69
541,85,85,261,337,12.28,1036.31,30.94,145.94
542,85,84,261,336,12.28,1036.32,30.90,148.13
543,85,84,260,335,12.28,1036.31,30.88,149.05
544,85,84,259,334,12.28,1036.30,30.86,150.78
545,84,84,259,333,12.28,1036.29,30.83,151.19
546,84,84,258,333,12.28,1036.30,30.81,152.43
547,85,83,258,332,12.28,1036.31,30.79,153.96
548,84,83,257,331,12.28,1036.31,30.76,154.24
549,84,83,257,330,12.28,1036.31,30.76,156.69
550,84,83,257,329,12.28,1036.31,30.72,156.98
551,84,83,256,329,12.28,1036.30,30.69,158.91
552,84,83,256,328,12.28,1036.30,30.66,158.61
553,83,83,256,327,12.28,1036.30,30.64,161.50
554,82,83,255,327,12.28,1036.31,30.64,161.19
555,82,83,254,326,12.28,1036.32,30.61,163.70
556,83,83,254,326,12.28,1036.32,30.59,163.54
557,83,82,254,325,12.28,1036.32,30.56,164.50
558,83,82,254,324,12.28,1036.32,30.54,165.97
559,82,81,253,324,12.28,1036.31,30.53,168.29
560,82,81,252,324,12.28,1036.32,30.50,169.14
561,83,82,252,322,12.28,1036.32,30.48,169.14
562,82,81,253,322,12.28,1036.32,30.46,171.03
563,82,81,252,322,12.28,1036.31,30.45,171.38
564,82,81,252,321,12.28,1036.31,30.43,172.43
565,82,81,251,320,12.29,1036.31,30.41,175.31
566,82,81,250,321,12.29,1036.31,30.38,175.68
567,82,81,250,320,12.29,1036.31,30.38,176.97
568,82,80,250,319,12.29,1036.31,30.37,177.16
569,82,81,249,318,12.29,1036.31,30.34,178.10
570,82,81,249,318,12.29,1036.32,30.32,180.59
571,81,80,248,318,12.29,1036.31,30.30,179.81
572,81,80,249,317,12.29,1036.31,30.30,182.94
573,81,80,248,317,12.29,1036.32,30.28,183.14
574,81,80,248,317,12.29,1036.32,30.25,184.96
575,81,80,247,317,12.29,1036.31,30.24,184.15
576,81,80,246,316,12.29,1036.32,30.23,185.97
577,81,80,247,315,12.29,1036.32,30.21,186.81
578,81,79,247,315,12.29,1036.32,30.19,188.62
579,80,79,246,315,12.29,1036.31,30.18,189.38
580,80,79,246,314,12.29,1036.31,30.18,188.52
581,80,79,246,314,12.29,1036.31,30.15,190.47
582,80,79,245,314,12.29,1036.31,30.14,191.13
583,80,79,245,314,12.29,1036.31,30.13,192.02
584,80,79,245,313,12.29,1036.31,30.11,192.58
585,80,79,245,312,12.29,1036.32,30.09,195.19
586,79,78,243,312,12.29,1036.32,30.08,196.12
587,80,78,243,312,12.29,1036.32,30.07,195.66
588,80,78,243,312,12.29,1036.33,30.07,198.84
589,80,78,243,312,12.29,1036.33,30.04,198.12
590,79,78,242,311,12.29,1036.32,30.04,198.95
591,80,78,243,311,12.30,1036.32,30.02,201.38
592,80,77,242,310,12.30,1036.32,30.01,202.61
593,78,78,242,311,12.30,1036.33,30.00,201.62
594,80,78,241,310,12.30,1036.32,29.98,204.11
595,79,78,242,309,12.30,1036.32,29.98,203.36
596,79,78,241,310,12.30,1036.31,29.96,204.87
597,78,77,241,310,12.30,1036.32,29.95,207.44
598,79,77,241,310,12.30,1036.31,29.92,206.79
599,79,77,240,309,12.30,1036.31,29.91,210.35
600,79,77,240,308,12.30,1036.31,29.91,210.35
601,79,77,240,308,12.30,1036.32,29.90,209.15
602,78,77,240,308,12.30,1036.32,29.89,212.51
603,79,77,240,308,12.30,1036.31,29.89,211.83
604,79,77,239,308,12.30,1036.31,29.87,214.44
605,79,76,239,307,12.30,1036.32,29.86,214.16
606,78,76,238,307,12.30,1036.31,29.85,216.41
607,79,76,238,307,12.30,1036.31,29.84,215.00
608,79,76,238,307,12.30,1036.31,29.82,216.97
609,78,76,238,307,12.30,1036.31,29.83,216.83
610,79,76,237,306,12.30,1036.31,29.81,218.99
611,79,76,238,307,12.30,1036.31,29.80,219.71
612,78,76,237,306,12.31,1036.31,29.79,220.15
613,78,76,236,306,12.31,1036.31,29.79,220.74
614,78,76,236,306,12.31,1036.32,29.79,222.23
615,78,75,236,306,12.31,1036.33,29.78,224.49
616,78,75,236,306,12.31,1036.32,29.77,223.73
617,77,75,235,305,12.31,1036.34,29.76,226.49
618,77,75,236,305,12.31,1036.34,29.75,226.80
619,78,75,236,304,12.31,1036.34,29.74,228.68
620,77,75,235,305,12.31,1036.34,29.74,228.21
621,78,75,235,305,12.31,1036.33,29.73,228.21
622,77,74,235,304,12.31,1036.34,29.71,229.48
623,77,75,235,303,12.31,1036.34,29.71,231.73
624,77,74,234,303,12.31,1036.33,29.70,230.44
625,77,75,234,304,12.31,1036.33,29.70,234.52
626,77,74,234,304,12.31,1036.33,29.68,232.71
627,78,74,234,304,12.31,1036.33,29.67,236.54
628,77,75,233,303,12.31,1036.33,29.68,236.54
629,77,74,234,304,12.31,1036.34,29.67,238.59
630,77,75,233,303,12.31,1036.33,29.66,238.93
631,77,74,233,303,12.31,1036.32,29.66,238.76
632,76,74,233,303,12.31,1036.32,29.64,240.85
633,77,74,233,302,12.31,1036.32,29.64,239.10
634,77,73,232,303,12.31,1036.32,29.63,241.37
635,76,74,232,302,12.31,1036.33,29.63,241.55
636,77,73,232,303,12.31,1036.33,29.62,243.51
637,77,73,232,302,12.31,1036.32,29.60,243.15
638,77,73,231,303,12.31,1036.33,29.60,245.13
639,76,74,232,302,12.31,1036.33,29.61,244.59
640,77,73,230,303,12.31,1036.33,29.59,245.31
641,76,74,231,302,12.31,1036.33,29.59,246.78
642,76,74,231,301,12.31,1036.33,29.58,248.63
643,76,73,231,301,12.31,1036.33,29.57,248.82
644,76,73,231,301,12.31,1036.32,29.57,249.38
645,76,72,230,301,12.31,1036.33,29.56,249.95
646,76,73,230,301,12.31,1036.33,29.55,251.47
647,76,73,229,301,12.31,1036.32,29.55,252.82
648,76,73,229,302,12.31,1036.33,29.54,252.24
649,76,73,230,300,12.31,1036.32,29.53,254.18
650,76,72,230,301,12.31,1036.33,29.54,256.94
651,75,73,229,301,12.31,1036.33,29.53,256.15
652,76,72,229,301,12.31,1036.33,29.51,257.75
653,75,73,229,301,12.31,1036.33,29.52,257.95
654,76,72,228,300,12.31,1036.33,29.50,257.14
655,76,72,227,300,12.31,1036.33,29.49,259.36
656,75,72,228,301,12.31,1036.33,29.48,262.45
657,75,72,228,300,12.31,1036.33,29.48,260.59
658,75,72,228,299,12.31,1036.32,29.48,263.29
659,76,72,227,300,12.31,1036.32,29.48,262.04
660,76,72,227,300,12.31,1036.33,29.46,265.19
661,76,72,228,300,12.31,1036.33,29.47,266.26
662,76,72,226,300,12.31,1036.32,29.45,265.83
663,75,72,226,299,12.31,1036.33,29.46,266.26
664,75,72,227,300,12.30,1036.33,29.45,267.12
665,75,71,227,299,12.30,1036.33,29.44,270.18
666,75,71,226,299,12.30,1036.33,29.44,268.64
667,75,72,227,299,12.30,1036.32,29.44,272.18
668,75,71,226,299,12.30,1036.32,29.43,269.95
669,75,71,226,299,12.31,1036.33,29.43,270.62
670,75,72,226,299,12.31,1036.33,29.42,272.40
671,75,71,225,299,12.30,1036.33,29.41,271.73
672,76,71,226,300,12.30,1036.33,29.41,273.30
673,75,71,226,299,12.30,1036.33,29.40,275.12
674,75,71,225,299,12.30,1036.33,29.41,274.89
675,75,70,224,298,12.30,1036.33,29.40,275.58
676,75,71,225,299,12.30,1036.33,29.39,277.20
677,75,71,225,299,12.30,1036.34,29.40,278.37
678,75,71,224,299,12.30,1036.33,29.39,278.37
679,75,71,224,299,12.30,1036.33,29.38,281.21
680,75,70,224,299,12.30,1036.33,29.37,279.54
681,75,70,224,298,12.30,1036.33,29.38,283.86
682,75,70,224,299,12.30,1036.33,29.37,284.11
683,75,70,224,298,12.30,1036.33,29.36,285.09
684,75,70,223,298,12.30,1036.32,29.37,282.65
685,75,71,224,298,12.30,1036.32,29.36,286.82
686,74,70,223,298,12.30,1036.33,29.36,285.33
687,74,70,223,298,12.30,1036.33,29.35,285.58
688,75,70,222,297,12.30,1036.33,29.36,286.32
689,74,70,223,298,12.29,1036.33,29.34,287.32
690,74,70,223,297,12.29,1036.33,29.34,288.07
691,75,70,223,299,12.29,1036.34,29.34,288.57
692,75,70,223,298,12.29,1036.34,29.34,290.86
693,74,70,222,298,12.29,1036.34,29.34,289.58
694,74,69,222,298,12.29,1036.34,29.33,291.88
695,75,69,222,298,12.29,1036.35,29.32,293.96
696,74,70,222,298,12.29,1036.35,29.32,296.33
697,75,69,222,297,12.29,1036.34,29.31,293.44
698,75,70,221,297,12.29,1036.34,29.31,294.22
699,74,69,220,298,12.29,1036.34,29.31,294.48
700,74,69,222,297,12.29,1036.33,29.32,295.80
701,74,70,221,297,12.29,1036.33,29.31,297.93
702,75,69,220,298,12.29,1036.33,29.30,299.55
703,75,70,221,297,12.29,1036.33,29.31,300.37
704,74,70,221,297,12.29,1036.34,29.31,297.93
705,74,70,221,297,12.29,1036.33,29.30,302.29
706,74,69,220,298,12.29,1036.34,29.30,301.74
707,74,69,220,298,12.29,1036.34,29.29,300.92
708,75,69,220,298,12.29,1036.34,29.30,304.52
709,74,69,220,297,12.29,1036.34,29.29,305.08
710,74,69,220,298,12.29,1036.34,29.28,303.96
711,74,69,220,298,12.29,1036.34,29.27,303.40
712,74,69,220,298,12.28,1036.33,29.27,305.37
713,74,69,220,298,12.28,1036.33,29.27,306.21
714,75,68,220,297,12.28,1036.34,29.27,306.78
715,74,69,219,297,12.28,1036.34,29.27,310.82
716,74,68,219,297,12.28,1036.34,29.26,307.07
717,74,68,219,298,12.28,1036.34,29.27,308.21
718,74,68,219,297,12.28,1036.33,29.26,310.24
719,74,68,219,296,12.28,1036.34,29.25,312.58
720,74,68,219,297,12.28,1036.33,29.25,311.70
721,73,68,218,297,12.28,1036.34,29.26,313.18
722,74,68,219,297,12.28,1036.34,29.25,312.58
723,73,68,218,297,12.28,1036.34,29.24,313.47
724,73,68,218,297,12.27,1036.34,29.25,317.39
725,74,68,218,296,12.27,1036.33,29.25,318.00
726,74,68,217,297,12.27,1036.33,29.24,314.67
727,73,67,217,297,12.27,1036.34,29.24,318.92
728,74,68,217,297,12.27,1036.33,29.25,316.47
729,73,68,218,297,12.27,1036.33,29.25,317.39
730,74,67,218,296,12.27,1036.33,29.25,321.08
731,74,68,217,297,12.27,1036.34,29.24,320.15
732,74,68,218,296,12.27,1036.33,29.23,320.77
733,73,68,217,296,12.27,1036.33,29.22,324.23
734,73,67,217,297,12.26,1036.33,29.23,321.40
735,74,67,217,297,12.27,1036.33,29.22,322.02
736,74,67,216,296,12.26,1036.33,29.22,325.51
737,74,67,216,296,12.26,1036.34,29.23,326.80
738,73,67,216,296,12.26,1036.35,29.22,326.80
739,73,67,217,296,12.26,1036.35,29.22,324.23
740,73,67,216,297,12.26,1036.35,29.22,328.10
741,73,68,216,296,12.26,1036.35,29.21,329.40
742,73,67,216,297,12.26,1036.35,29.22,328.10
743,73,67,216,297,12.26,1036.35,29.22,330.72
744,73,67,216,296,12.26,1036.35,29.21,328.10
745,73,67,216,296,12.26,1036.36,29.22,330.39
746,73,66,215,297,12.26,1036.35,29.20,332.38
747,73,67,215,297,12.26,1036.36,29.21,331.72
748,73,67,215,296,12.26,1036.36,29.21,331.38
749,72,67,215,296,12.26,1036.35,29.22,332.05
