Count,S1,S2,S3,S4,S5,S6,S7,S8,S9,S10,Flag
1,1624,1258,931,915,1523,576,457,2545,1849,669,0
2,1597,1268,929,926,1524,577,458,2648,1851,670,0
3,1624,1273,930,916,1525,576,459,2766,1851,669,0
4,1626,1266,930,914,1522,577,458,2779,1850,669,0
5,1630,1278,930,913,1523,577,458,2636,1848,670,0
6,1647,1270,930,914,1524,576,459,2535,1849,669,0
7,1622,1267,930,913,1523,577,460,2566,1849,670,0
8,1623,1270,929,914,1522,574,459,2690,1849,669,0
9,1637,1271,923,913,1522,576,458,2771,1848,668,0
10,1626,1282,930,915,1523,577,457,2776,1848,669,0
11,1623,1281,931,915,1522,577,458,2604,1848,670,0
12,1626,1273,929,915,1523,577,458,2520,1850,669,0
13,1626,1269,930,913,1523,577,458,2587,1849,668,0
14,1610,1270,937,914,1523,576,456,2710,1849,665,0
15,1624,1265,930,913,1524,577,458,2782,1847,668,0
16,1630,1275,930,913,1530,577,457,2760,1847,668,0
17,1622,1270,929,915,1523,576,460,2578,1849,670,0
18,1646,1271,931,913,1524,577,459,2513,1848,668,0
19,1626,1267,930,915,1522,574,458,2619,1848,669,0
20,1621,1259,930,915,1523,573,458,2734,1848,670,0
21,1640,1270,930,913,1521,577,458,2779,1850,668,1
22,1627,1272,930,914,1524,574,458,2722,1848,667,1
23,1621,1258,927,914,1523,576,457,2552,1848,669,1
24,1621,1292,930,916,1523,577,456,2522,1846,667,1
25,1607,1266,927,914,1522,576,456,2657,1847,667,1
26,1622,1267,930,914,1523,578,458,2745,1847,669,1
27,1614,1267,928,913,1524,577,458,2786,1846,668,1
28,1634,1270,931,913,1523,578,459,2682,1847,670,1
29,1629,1274,930,914,1525,576,457,2526,1848,669,1
30,1624,1267,928,913,1523,576,456,2537,1846,670,1
31,1596,1269,931,914,1522,574,457,2692,1847,669,1
32,1637,1271,928,914,1522,574,457,2760,1847,669,1
33,1618,1270,930,914,1522,576,459,2778,1847,667,1
34,1626,1265,930,914,1523,576,457,2643,1846,668,1
35,1616,1268,938,914,1523,577,462,2518,1846,668,1
36,1626,1276,930,914,1522,576,457,2557,1846,666,1
37,1623,1274,930,912,1523,573,458,2715,1851,668,1
38,1627,1275,927,915,1521,577,455,2769,1846,667,1
39,1621,1276,930,914,1523,576,456,2757,1846,667,1
40,1614,1270,928,914,1523,576,460,2614,1846,667,1
41,1647,1270,930,914,1522,576,456,2515,1846,667,1
42,1616,1269,929,914,1522,576,458,2587,1848,666,1
43,1624,1265,930,913,1522,577,458,2733,1846,667,1
44,1617,1263,929,914,1518,576,456,2784,1845,667,1
45,1624,1283,928,913,1521,574,458,2714,1846,667,1
46,1624,1267,930,914,1524,567,457,2572,1846,669,1
47,1620,1268,929,914,1522,577,459,2530,1847,667,1
48,1619,1266,930,913,1522,577,457,2617,1847,667,1
49,1622,1274,930,915,1523,577,458,2754,1846,667,1
50,1611,1268,939,914,1523,574,465,2789,1847,666,1
51,1646,1269,930,916,1523,577,460,2676,1846,669,1
52,1619,1273,927,914,1522,574,458,2554,1848,666,1
53,1626,1277,930,914,1522,576,457,2540,1846,668,1
54,1644,1272,929,915,1521,574,460,2650,1848,667,1
55,1592,1268,929,918,1521,576,458,2769,1847,666,1
56,1625,1277,930,915,1522,577,458,2779,1846,668,1
57,1622,1259,927,916,1523,576,458,2642,1847,667,1
58,1603,1266,930,914,1523,577,458,2530,1848,667,1
59,1648,1272,930,915,1523,577,458,2563,1847,667,1
60,1618,1264,929,916,1514,573,459,2689,1848,668,1
61,1630,1276,929,915,1520,576,459,2773,1846,666,1
62,1635,1271,930,915,1522,574,461,2774,1847,666,1
63,1622,1272,930,915,1522,576,459,2608,1849,667,1
64,1633,1272,930,922,1522,576,459,2515,1848,668,1
65,1619,1266,929,915,1522,576,459,2598,1847,667,1
66,1618,1260,927,915,1521,576,458,2714,1848,666,1
67,1628,1280,931,915,1523,574,459,2778,1847,668,1
68,1639,1268,930,915,1522,578,460,2755,1847,667,1
69,1608,1268,927,915,1521,574,457,2576,1848,666,1
70,1585,1266,930,924,1522,576,458,2514,1846,667,1
71,1658,1268,928,915,1521,574,460,2632,1848,666,1
72,1624,1273,929,915,1522,576,460,2735,1847,667,1
73,1628,1274,927,916,1523,576,459,2780,1848,666,1
74,1628,1270,930,916,1522,576,460,2718,1848,667,1
75,1621,1270,927,915,1522,576,459,2550,1848,666,1
76,1606,1267,927,916,1521,576,457,2530,1849,666,1
77,1631,1270,925,915,1522,574,459,2659,1850,667,1
78,1625,1248,930,915,1522,577,459,2754,1848,667,1
79,1600,1266,930,916,1522,576,460,2783,1848,667,1
80,1624,1266,930,916,1522,576,460,2680,1849,667,1
81,1622,1274,930,916,1522,576,459,2533,1853,668,1
82,1635,1274,930,921,1522,577,460,2549,1848,667,1
83,1626,1267,929,915,1522,577,460,2691,1848,668,1
84,1616,1264,929,918,1522,576,461,2770,1849,667,1
85,1630,1270,928,914,1522,578,460,2768,1848,667,1
86,1628,1275,930,915,1522,576,460,2644,1850,667,1
87,1622,1266,928,915,1522,577,461,2524,1848,668,1
88,1619,1271,930,915,1522,576,461,2568,1849,667,1
89,1625,1266,929,918,1521,572,461,2716,1848,667,1
90,1625,1270,930,916,1522,574,460,2771,1848,667,1
91,1622,1269,929,915,1520,576,460,2754,1849,666,1
92,1624,1275,928,914,1520,577,462,2605,1850,666,1
93,1624,1267,930,914,1520,576,462,2520,1848,667,1
94,1620,1262,929,915,1523,576,462,2600,1850,668,1
95,1632,1271,930,915,1524,574,462,2737,1849,667,1
96,1624,1281,927,915,1520,578,460,2779,1849,666,1
97,1619,1263,927,916,1524,574,461,2716,1850,667,1
98,1619,1270,928,916,1522,576,461,2574,1850,667,1
99,1623,1268,929,917,1520,576,459,2532,1850,667,1
100,1620,1272,928,915,1522,577,460,2629,1849,668,1
101,1606,1266,927,923,1521,576,459,2737,1848,666,1
102,1630,1272,929,916,1522,574,459,2775,1850,669,1
103,1622,1267,927,916,1521,569,462,2766,1850,667,1
104,1619,1264,928,915,1521,577,462,2634,1850,666,1
105,1616,1260,928,916,1521,576,461,2534,1851,667,1
106,1617,1267,925,917,1520,578,460,2549,1850,666,1
107,1611,1266,931,916,1521,576,465,2662,1850,666,1
108,1622,1283,926,915,1520,578,460,2747,1850,666,1
109,1638,1272,930,915,1523,577,464,2784,1850,668,1
110,1646,1269,928,915,1522,577,462,2735,1849,667,1
111,1619,1273,927,917,1521,576,461,2598,1851,666,1
112,1622,1274,927,915,1521,577,459,2522,1850,667,1
113,1635,1270,930,918,1520,576,462,2565,1850,668,1
114,1623,1266,928,917,1522,578,461,2690,1851,667,1
115,1624,1267,930,915,1522,577,461,2762,1850,668,1
116,1615,1264,929,916,1520,576,461,2790,1851,668,1
117,1616,1262,926,917,1523,578,461,2704,1852,667,1
118,1618,1269,928,917,1521,577,462,2570,1849,668,1
119,1625,1275,929,916,1519,578,461,2521,1851,668,1
120,1623,1275,928,916,1520,576,461,2598,1849,667,1
121,1627,1268,928,918,1519,578,457,2714,1851,667,2
122,1633,1273,932,921,1525,577,463,2776,1851,668,2
123,1630,1274,929,920,1525,578,461,2782,1851,668,2
124,1632,1277,932,919,1526,579,462,2662,1850,668,2
125,1634,1274,931,918,1525,578,462,2547,1850,667,2
126,1630,1272,927,917,1525,579,460,2535,1850,669,2
127,1634,1272,932,916,1523,580,461,2631,1851,668,2
128,1630,1273,929,916,1526,578,461,2739,1850,668,2
129,1634,1275,931,916,1526,579,462,2781,1850,668,2
130,1634,1273,931,914,1526,579,460,2765,1850,669,2
131,1636,1273,931,913,1525,579,462,2621,1850,668,2
132,1635,1272,930,914,1525,578,461,2528,1851,669,2
133,1634,1273,932,913,1525,579,462,2550,1850,670,2
134,1630,1275,930,913,1525,579,460,2664,1850,670,2
135,1633,1275,930,913,1526,578,460,2752,1850,670,2
136,1635,1276,933,911,1526,579,460,2783,1848,670,2
137,1634,1272,931,913,1526,579,460,2729,1849,670,2
138,1635,1274,931,913,1526,578,458,2586,1849,669,2
139,1631,1276,931,912,1526,578,459,2516,1848,671,2
140,1635,1275,931,912,1526,579,458,2571,1849,669,2
141,1637,1275,931,911,1526,580,458,2696,1848,670,2
142,1635,1273,931,911,1526,580,457,2764,1847,672,2
143,1635,1275,931,912,1526,579,458,2783,1848,669,2
144,1631,1278,931,912,1526,578,457,2688,1848,671,2
145,1632,1271,932,912,1527,579,457,2558,1846,669,2
146,1636,1272,930,910,1526,578,456,2519,1846,668,2
147,1634,1272,931,910,1526,580,456,2604,1845,670,2
148,1636,1274,932,911,1526,579,458,2718,1846,670,2
149,1632,1274,930,910,1526,579,456,2776,1844,670,2
150,1634,1278,931,909,1526,579,456,2774,1845,670,2
151,1634,1274,932,911,1526,579,455,2641,1844,670,2
152,1631,1274,931,911,1525,579,455,2530,1845,669,2
153,1632,1275,931,910,1526,580,456,2532,1844,670,2
154,1635,1274,932,909,1526,581,454,2638,1842,670,2
155,1634,1276,931,910,1526,578,454,2742,1842,672,2
156,1631,1276,930,911,1526,579,455,2782,1843,669,2
157,1630,1273,933,911,1526,580,453,2749,1841,672,2
158,1634,1273,932,908,1526,579,454,2603,1842,670,2
159,1635,1274,931,908,1528,578,455,2513,1842,671,2
160,1631,1275,931,910,1526,579,455,2553,1842,672,2
161,1632,1274,931,912,1527,580,453,2671,1842,670,2
162,1635,1274,935,911,1526,579,454,2755,1840,670,2
163,1633,1274,932,911,1527,578,454,2782,1840,670,2
164,1635,1274,933,910,1528,578,454,2710,1840,670,2
165,1631,1275,931,912,1527,578,453,2567,1841,670,2
166,1634,1274,932,912,1526,580,453,2509,1838,672,2
167,1635,1275,933,912,1526,579,454,2577,1839,672,2
168,1633,1274,931,912,1526,580,452,2703,1839,669,2
169,1636,1275,932,911,1528,579,452,2769,1838,670,2
170,1634,1274,932,913,1528,579,453,2781,1838,670,2
171,1633,1274,930,912,1526,580,453,2666,1838,670,2
172,1631,1274,931,912,1527,579,451,2541,1838,671,2
173,1633,1276,932,912,1527,579,452,2518,1838,671,2
174,1634,1276,931,912,1528,579,451,2614,1838,670,2
175,1635,1276,933,912,1528,579,452,2729,1837,670,2
176,1629,1275,931,914,1527,580,451,2777,1836,668,2
177,1634,1273,933,914,1527,580,451,2768,1836,670,2
178,1630,1274,930,914,1526,578,452,2625,1836,669,2
179,1632,1274,933,914,1528,579,452,2520,1836,670,2
180,1635,1274,932,915,1528,580,451,2538,1835,669,2
181,1630,1274,931,914,1527,579,451,2650,1836,670,2
182,1634,1275,932,915,1526,580,450,2745,1835,672,2
183,1631,1275,931,915,1527,579,452,2782,1834,670,2
184,1634,1277,932,915,1528,578,451,2733,1834,670,2
185,1635,1274,933,915,1528,579,452,2587,1835,670,2
186,1631,1272,931,915,1528,578,452,2509,1835,670,2
187,1631,1274,931,916,1527,580,451,2562,1834,669,2
188,1631,1275,931,917,1526,580,451,2686,1834,669,2
189,1635,1275,931,917,1528,579,451,2762,1834,671,2
190,1634,1272,932,917,1528,579,451,2786,1832,669,2
191,1638,1274,934,916,1527,581,452,2693,1833,673,2
192,1634,1272,931,917,1527,580,452,2554,1834,670,2
193,1635,1275,931,918,1527,579,452,2513,1833,670,2
194,1631,1275,931,918,1528,579,451,2594,1834,671,2
195,1635,1274,932,919,1528,580,451,2714,1833,670,2
196,1636,1277,932,920,1527,579,451,2774,1832,669,2
197,1635,1273,933,919,1528,580,450,2774,1831,670,2
198,1636,1275,934,919,1529,580,454,2646,1832,671,2
199,1631,1278,932,920,1528,579,452,2533,1833,671,2
200,1637,1275,933,920,1528,579,453,2528,1832,670,2
201,1631,1274,931,920,1527,580,452,2630,1832,670,2
202,1635,1275,932,921,1528,581,453,2738,1831,671,2
203,1632,1275,932,923,1526,578,452,2782,1832,672,2
204,1634,1275,932,922,1528,579,454,2757,1830,670,2
205,1636,1274,934,922,1528,579,454,2611,1830,672,2
206,1632,1276,932,922,1528,580,454,2515,1830,673,2
207,1635,1275,933,923,1528,580,453,2550,1831,671,2
208,1634,1278,932,923,1528,580,453,2666,1830,670,2
209,1635,1278,933,924,1528,579,455,2755,1831,671,2
210,1632,1273,933,924,1530,579,453,2784,1830,669,2
211,1635,1276,934,925,1528,580,454,2716,1832,670,2
212,1634,1275,933,925,1528,581,453,2575,1830,671,2
213,1635,1277,933,926,1527,578,453,2514,1830,673,2
214,1633,1277,931,926,1529,579,454,2575,1830,673,2
215,1635,1276,933,926,1528,579,454,2701,1832,672,2
216,1638,1276,934,926,1528,580,454,2768,1829,674,2
217,1635,1273,933,927,1528,580,453,2781,1830,671,2
218,1636,1276,934,927,1528,579,454,2674,1830,672,2
219,1632,1276,932,928,1530,579,454,2548,1829,672,2
220,1634,1274,934,930,1529,578,454,2522,1830,672,2
221,1638,1275,934,927,1529,580,456,2613,1830,672,2
222,1637,1276,931,931,1528,579,457,2728,1831,673,2
223,1635,1277,933,932,1528,580,454,2779,1831,672,2
224,1633,1278,933,931,1530,579,456,2771,1831,671,2
225,1633,1275,932,932,1529,579,454,2632,1829,672,2
226,1635,1277,933,933,1528,580,455,2526,1830,672,2
227,1635,1274,932,932,1529,580,456,2541,1831,674,2
228,1635,1275,932,934,1528,580,456,2651,1829,671,2
229,1633,1278,933,934,1529,579,457,2747,1830,673,2
230,1635,1277,932,934,1529,579,456,2786,1830,673,2
231,1631,1275,932,936,1528,581,456,2738,1831,671,2
232,1632,1275,935,936,1530,580,456,2595,1829,671,2
233,1634,1273,934,936,1530,579,458,2514,1829,674,2
234,1635,1275,934,936,1529,579,458,2567,1831,672,2
235,1635,1276,933,937,1530,579,457,2691,1830,674,2
236,1634,1277,934,937,1530,580,458,2764,1830,673,2
237,1633,1278,934,937,1528,580,456,2785,1830,671,2
238,1633,1276,933,937,1529,580,460,2700,1830,674,2
239,1635,1276,934,938,1529,579,459,2565,1831,674,2
240,1635,1275,933,939,1529,580,458,2520,1832,674,2
241,1630,1275,931,940,1529,581,458,2598,1830,673,2
242,1634,1277,934,939,1530,580,459,2716,1830,673,2
243,1631,1277,932,942,1527,580,460,2778,1832,674,2
244,1632,1278,935,941,1530,579,460,2780,1830,676,2
245,1637,1280,935,941,1528,579,459,2657,1830,674,2
246,1630,1276,934,940,1530,580,460,2541,1829,674,2
247,1630,1276,933,943,1529,580,459,2536,1832,674,2
248,1631,1278,932,943,1528,580,459,2638,1831,674,2
249,1632,1278,934,944,1530,579,461,2741,1831,675,2
250,1634,1275,934,946,1528,580,460,2786,1831,675,2
251,1637,1277,936,945,1528,580,461,2761,1830,675,2
252,1635,1275,933,946,1529,580,461,2618,1832,675,2
253,1636,1274,935,945,1529,579,462,2522,1832,675,2
254,1633,1281,936,948,1529,581,462,2560,1832,676,2
255,1638,1275,934,947,1530,581,460,2709,1831,674,2
256,1636,1276,933,949,1529,580,461,2775,1832,676,2
257,1632,1278,934,948,1530,581,463,2784,1830,675,2
258,1634,1277,934,950,1528,578,462,2672,1832,674,2
259,1636,1277,936,949,1529,579,464,2552,1832,675,2
260,1636,1275,933,949,1529,578,463,2535,1832,676,2
261,1636,1276,935,951,1529,580,463,2628,1832,676,2
262,1631,1278,934,951,1529,580,465,2739,1832,675,2
263,1634,1275,935,952,1530,580,464,2787,1832,676,2
264,1637,1280,934,954,1530,580,463,2770,1831,675,2
265,1635,1280,936,954,1529,579,465,2587,1833,676,2
266,1634,1275,934,954,1530,580,463,2526,1832,676,2
267,1635,1280,935,955,1528,579,464,2585,1833,675,2
268,1636,1276,933,954,1528,579,465,2708,1834,676,2
269,1636,1277,934,956,1530,580,466,2774,1833,676,2
270,1636,1278,936,956,1531,578,466,2789,1834,676,2
271,1636,1280,935,956,1530,579,465,2688,1834,677,2
272,1634,1276,934,957,1529,580,466,2564,1834,676,2
273,1634,1280,936,957,1530,580,467,2536,1833,675,2
274,1635,1275,936,958,1530,580,467,2624,1834,678,2
275,1638,1278,936,960,1531,579,467,2737,1835,675,2
276,1638,1278,934,961,1530,579,467,2787,1835,677,2
277,1635,1277,936,961,1530,580,468,2779,1834,678,2
278,1633,1278,934,961,1530,581,467,2644,1834,675,2
279,1634,1275,935,962,1530,579,468,2541,1835,678,2
280,1633,1280,936,963,1531,580,469,2555,1835,678,2
281,1638,1277,936,963,1530,580,469,2703,1835,678,2
282,1637,1278,936,964,1530,580,469,2775,1835,678,2
283,1635,1278,936,966,1531,578,470,2790,1836,678,2
284,1634,1275,936,966,1530,579,470,2702,1835,676,2
285,1635,1281,935,966,1530,580,469,2571,1836,679,2
286,1635,1277,934,967,1530,580,470,2537,1835,677,2
287,1635,1276,934,968,1531,580,470,2620,1837,677,2
288,1633,1280,937,969,1531,579,472,2731,1838,679,2
289,1637,1276,936,968,1530,580,472,2790,1837,677,2
290,1634,1277,935,970,1530,578,472,2752,1838,678,2
291,1637,1280,938,970,1529,579,471,2614,1838,678,2
292,1636,1280,936,972,1531,579,472,2534,1838,678,2
293,1632,1276,935,971,1530,578,471,2578,1838,678,2
294,1634,1281,936,970,1530,580,472,2698,1839,679,2
295,1634,1277,935,973,1530,579,473,2771,1837,680,2
296,1635,1280,937,972,1529,581,474,2792,1839,680,2
297,1636,1283,936,974,1530,579,473,2712,1840,679,2
298,1635,1278,936,974,1530,579,474,2582,1839,679,2
299,1632,1280,936,974,1531,579,472,2536,1839,680,2
300,1634,1280,936,975,1530,580,473,2614,1840,680,2
301,1634,1278,937,975,1532,578,475,2727,1840,679,2
302,1634,1281,937,976,1530,578,475,2785,1840,680,2
303,1634,1277,936,977,1531,580,473,2786,1840,680,2
304,1631,1277,936,978,1532,580,475,2667,1841,680,2
305,1635,1278,935,978,1530,580,475,2555,1842,680,2
306,1634,1278,936,978,1532,578,477,2552,1841,680,2
307,1634,1282,937,979,1530,578,477,2650,1842,681,2
308,1634,1277,937,979,1530,579,476,2749,1841,680,2
309,1631,1277,937,981,1531,580,476,2790,1842,680,2
310,1632,1280,937,982,1531,579,476,2767,1842,679,2
311,1632,1278,936,981,1531,578,478,2631,1842,681,2
312,1630,1278,936,982,1532,579,478,2541,1842,680,2
313,1634,1280,938,982,1531,580,480,2576,1843,681,2
314,1636,1277,935,983,1531,578,478,2688,1843,682,2
315,1636,1280,938,984,1531,578,478,2768,1845,681,2
316,1635,1283,937,984,1529,579,479,2795,1845,680,2
317,1634,1278,935,986,1531,580,480,2730,1844,682,2
318,1635,1282,938,985,1531,579,478,2596,1845,680,2
319,1635,1278,938,987,1531,579,479,2541,1845,681,2
320,1634,1282,937,987,1532,578,479,2603,1846,681,2
321,1638,1280,938,988,1531,578,480,2749,1845,682,3
322,1628,1272,934,986,1527,577,482,2794,1844,682,3
323,1628,1269,933,987,1526,577,479,2771,1846,681,3
324,1648,1282,934,992,1526,579,482,2640,1846,681,3
325,1610,1275,934,994,1526,579,481,2543,1844,682,3
326,1627,1275,935,997,1528,577,476,2572,1846,682,3
327,1638,1272,934,998,1528,579,482,2690,1846,684,3
328,1629,1273,934,1004,1528,578,482,2768,1848,682,3
329,1620,1274,936,1002,1526,578,484,2793,1847,682,3
330,1624,1280,936,1006,1527,577,486,2749,1848,682,3
331,1624,1274,934,1007,1526,578,482,2610,1846,682,3
332,1637,1275,933,1010,1526,577,485,2542,1848,683,3
333,1621,1275,931,1009,1529,577,488,2597,1850,683,3
334,1635,1277,935,1010,1527,578,487,2716,1849,682,3
335,1644,1274,936,1013,1530,579,489,2778,1850,683,3
336,1628,1268,936,1014,1527,578,488,2791,1850,682,3
337,1634,1275,933,1017,1525,577,487,2707,1850,683,3
338,1624,1290,935,1016,1527,578,488,2582,1851,681,3
339,1620,1273,933,1017,1528,578,490,2552,1851,683,3
340,1624,1276,936,1016,1528,583,488,2638,1851,684,3
341,1647,1277,933,1018,1527,577,487,2741,1851,684,3
342,1636,1276,934,1016,1531,578,489,2796,1852,682,3
343,1614,1274,936,1016,1526,578,491,2794,1854,684,3
344,1608,1273,936,1014,1527,577,495,2654,1854,683,3
345,1620,1276,936,1014,1526,578,490,2563,1852,684,3
346,1630,1280,936,1013,1528,577,491,2571,1852,683,3
347,1632,1273,934,1012,1526,578,491,2672,1854,683,3
348,1624,1278,936,1013,1528,577,490,2764,1856,683,3
349,1640,1274,935,1011,1526,578,491,2795,1854,685,3
350,1611,1274,936,1009,1528,578,490,2760,1853,684,3
351,1625,1259,933,1009,1528,577,490,2625,1857,684,3
352,1641,1275,935,1007,1527,578,491,2546,1858,684,3
353,1635,1273,934,1005,1526,576,491,2590,1858,685,3
354,1615,1274,934,1005,1527,578,490,2714,1857,686,3
355,1656,1280,936,1003,1527,578,491,2774,1856,686,3
356,1626,1285,936,1001,1527,577,488,2799,1858,684,3
357,1618,1276,935,1001,1526,577,488,2719,1858,684,3
358,1627,1270,936,999,1527,577,488,2589,1859,683,3
359,1624,1278,936,996,1529,577,490,2548,1858,686,3
360,1624,1284,936,997,1527,578,494,2634,1859,683,3
361,1624,1277,934,993,1528,578,490,2745,1858,684,3
362,1630,1276,935,994,1527,574,488,2786,1859,680,3
363,1626,1282,936,992,1528,579,492,2793,1859,684,3
364,1629,1273,936,992,1528,577,488,2660,1861,683,3
365,1623,1282,936,990,1524,577,488,2555,1860,684,3
366,1625,1282,935,987,1526,578,487,2569,1860,685,3
367,1629,1275,936,987,1526,577,486,2710,1860,684,3
368,1602,1274,936,986,1527,576,488,2778,1859,684,3
369,1628,1286,934,985,1527,578,486,2792,1861,683,3
370,1622,1286,935,983,1527,577,486,2714,1862,684,3
371,1666,1280,923,982,1525,577,488,2584,1862,683,3
372,1620,1273,936,981,1528,578,486,2550,1861,684,3
373,1630,1276,936,980,1528,577,486,2627,1862,684,3
374,1656,1275,936,980,1527,569,486,2733,1862,683,3
375,1622,1278,934,980,1528,577,485,2794,1862,684,3
376,1624,1274,934,978,1526,577,485,2786,1862,683,3
377,1598,1272,940,978,1527,577,485,2664,1862,684,3
378,1638,1274,937,977,1526,578,483,2554,1863,683,3
379,1624,1282,934,975,1527,576,484,2566,1864,683,3
380,1623,1263,935,976,1526,577,486,2660,1863,683,3
381,1662,1278,925,973,1528,577,483,2756,1864,685,3
382,1626,1273,936,973,1526,577,485,2790,1863,684,3
383,1635,1276,934,972,1527,577,484,2758,1862,683,3
384,1606,1272,934,971,1527,574,483,2618,1864,683,3
385,1624,1261,935,970,1523,576,483,2538,1864,683,3
386,1621,1256,934,969,1517,578,485,2580,1864,688,3
387,1626,1282,939,970,1526,576,483,2706,1864,683,3
388,1624,1266,936,968,1527,575,484,2770,1864,684,3
389,1623,1277,935,969,1526,578,483,2798,1864,684,3
390,1622,1256,934,968,1521,578,482,2721,1863,683,3
391,1610,1271,934,966,1526,577,482,2586,1863,684,3
392,1625,1284,934,968,1526,577,479,2543,1864,681,3
393,1624,1290,936,967,1526,576,481,2614,1864,684,3
394,1615,1271,934,964,1525,578,481,2730,1864,683,3
395,1621,1266,934,966,1524,576,482,2786,1864,682,3
396,1608,1273,933,964,1526,577,481,2790,1864,683,3
397,1634,1272,936,962,1526,577,482,2659,1862,684,3
398,1619,1270,935,963,1525,576,482,2552,1863,683,3
399,1630,1278,934,960,1525,577,480,2561,1865,682,3
400,1625,1274,936,962,1525,578,480,2657,1864,682,3
401,1621,1275,935,960,1526,576,480,2758,1864,682,3
402,1640,1274,936,961,1525,577,482,2790,1865,683,3
403,1624,1278,934,957,1526,576,478,2760,1864,683,3
404,1629,1273,934,958,1524,576,478,2618,1864,682,3
405,1622,1275,936,957,1526,576,478,2540,1865,682,3
406,1648,1280,936,960,1526,573,479,2584,1864,682,3
407,1630,1275,934,954,1526,574,480,2727,1864,682,3
408,1618,1273,936,956,1526,577,477,2788,1863,682,3
409,1624,1267,934,955,1526,577,480,2784,1863,686,3
410,1628,1272,934,954,1525,574,478,2658,1865,682,3
411,1604,1271,937,954,1526,577,478,2553,1866,681,3
412,1624,1278,933,953,1526,576,478,2556,1865,683,3
413,1633,1275,933,954,1525,576,477,2654,1860,682,3
414,1622,1270,934,952,1525,578,477,2749,1864,681,3
415,1630,1282,934,953,1526,577,477,2790,1864,681,3
416,1622,1275,936,951,1525,574,477,2756,1864,683,3
417,1625,1280,934,951,1525,573,476,2618,1866,681,3
418,1642,1272,934,952,1526,577,477,2534,1864,681,3
419,1631,1272,933,950,1524,576,477,2574,1865,681,3
420,1632,1272,934,949,1524,577,476,2694,1865,682,3
421,1625,1286,934,951,1530,573,476,2767,1866,682,3
422,1625,1295,933,949,1525,576,476,2788,1865,681,3
423,1633,1274,932,948,1525,576,475,2713,1866,681,3
424,1627,1276,934,949,1523,573,476,2584,1865,682,3
425,1623,1283,934,950,1529,573,474,2532,1866,682,3
426,1628,1274,935,951,1525,576,474,2616,1866,681,3
427,1626,1286,936,946,1526,577,475,2725,1866,682,3
428,1629,1274,934,948,1525,577,474,2788,1866,682,3
429,1622,1269,932,947,1524,576,475,2780,1866,681,3
430,1632,1274,934,946,1525,568,476,2654,1866,682,3
431,1627,1272,934,945,1523,573,476,2546,1866,682,3
432,1617,1270,934,948,1524,576,476,2551,1865,684,3
433,1619,1272,933,947,1523,576,476,2651,1866,686,3
434,1624,1274,934,946,1526,576,475,2755,1867,682,3
435,1630,1276,934,949,1524,573,475,2790,1866,681,3
436,1626,1276,933,945,1524,574,474,2758,1866,682,3
437,1625,1272,934,946,1524,578,476,2612,1867,682,3
438,1641,1273,921,946,1524,573,472,2532,1867,681,3
439,1621,1274,933,946,1524,576,475,2582,1868,681,3
440,1626,1275,932,946,1525,573,475,2691,1867,682,3
441,1624,1286,934,946,1523,573,475,2768,1868,682,3
442,1618,1269,934,946,1525,577,476,2790,1867,686,3
443,1623,1273,934,946,1526,573,476,2712,1868,681,3
444,1626,1278,934,946,1525,573,475,2581,1869,682,3
445,1644,1272,934,945,1525,573,468,2534,1868,684,3
446,1621,1256,933,944,1525,575,476,2619,1870,682,3
447,1627,1281,932,946,1524,576,477,2726,1865,681,3
448,1623,1267,934,946,1525,575,475,2784,1870,682,3
449,1620,1276,932,944,1524,578,476,2786,1871,683,3
450,1623,1264,932,944,1523,574,476,2653,1870,682,3
451,1644,1269,935,943,1523,576,470,2546,1870,683,3
452,1605,1270,942,944,1523,577,478,2561,1870,682,3
453,1620,1267,932,943,1522,576,477,2658,1871,682,3
454,1623,1275,933,944,1525,573,476,2757,1871,682,3
455,1620,1270,933,945,1523,576,475,2786,1871,683,3
456,1615,1268,934,945,1523,574,476,2748,1871,679,3
457,1625,1275,932,946,1523,576,476,2608,1871,681,3
458,1634,1273,933,946,1523,574,474,2534,1872,683,3
459,1594,1268,933,944,1523,576,475,2586,1872,682,3
460,1619,1270,933,938,1523,573,478,2698,1872,682,3
461,1606,1272,933,944,1523,578,477,2773,1871,682,3
462,1654,1273,932,944,1524,577,477,2790,1872,682,3
463,1610,1270,934,944,1524,576,478,2707,1872,682,3
464,1616,1270,933,944,1523,577,477,2575,1874,683,3
465,1624,1280,932,945,1524,577,476,2540,1872,681,3
466,1617,1268,934,944,1523,574,480,2618,1874,682,3
467,1622,1286,934,943,1524,574,478,2730,1872,682,3
468,1618,1265,932,943,1521,576,478,2788,1874,683,3
469,1618,1267,931,943,1523,578,477,2778,1874,682,3
470,1605,1269,939,944,1524,577,478,2653,1874,682,3
471,1630,1270,933,943,1523,577,478,2544,1873,683,3
472,1627,1275,933,943,1524,577,476,2558,1873,681,3
473,1615,1268,931,942,1523,577,478,2671,1874,681,3
474,1621,1271,931,942,1523,576,478,2754,1875,683,3
475,1594,1270,933,942,1523,577,477,2792,1874,682,3
476,1649,1274,934,942,1523,577,477,2741,1874,682,3
477,1622,1267,933,942,1523,576,478,2603,1875,682,3
478,1618,1275,933,943,1523,574,477,2538,1875,682,3
479,1651,1276,934,944,1522,578,479,2586,1876,682,3
480,1618,1267,931,941,1523,577,477,2706,1875,682,3
481,1619,1275,933,941,1523,573,480,2776,1874,682,3
482,1611,1266,933,943,1523,576,479,2795,1875,682,3
483,1622,1276,932,942,1527,577,477,2694,1874,682,3
484,1611,1272,931,942,1526,577,478,2568,1875,682,3
485,1620,1255,933,942,1523,573,478,2546,1876,683,3
486,1622,1270,933,941,1523,574,478,2630,1872,684,3
487,1622,1275,932,942,1524,577,477,2738,1875,682,3
488,1618,1256,931,941,1523,576,478,2790,1875,682,3
489,1652,1273,934,942,1525,577,477,2774,1874,682,3
490,1620,1269,933,943,1523,577,478,2637,1876,682,3
491,1602,1271,932,939,1523,576,483,2546,1875,682,3
492,1620,1274,931,942,1523,576,477,2570,1876,682,3
493,1637,1271,930,942,1523,577,472,2674,1875,681,3
494,1620,1270,932,940,1523,574,479,2759,1877,682,3
495,1620,1283,932,941,1522,576,477,2788,1876,682,3
496,1618,1272,933,941,1523,574,476,2732,1876,682,3
497,1619,1256,932,942,1522,576,477,2597,1877,681,3
498,1625,1268,932,942,1523,577,477,2535,1876,681,3
499,1618,1268,930,940,1523,574,478,2600,1876,682,3
500,1626,1282,932,942,1523,571,477,2714,1878,682,3
501,1627,1274,931,946,1523,573,476,2792,1877,681,3
502,1606,1272,934,939,1522,576,478,2770,1878,682,3
503,1618,1272,931,942,1523,574,476,2632,1876,682,3
504,1615,1266,934,940,1523,576,478,2544,1877,682,3
505,1638,1271,932,940,1523,576,477,2573,1876,682,3
506,1620,1288,931,940,1522,576,476,2685,1876,682,3
507,1622,1280,931,941,1527,576,475,2760,1878,680,3
508,1628,1278,932,940,1523,573,476,2786,1878,682,3
509,1618,1272,932,938,1523,574,476,2720,1878,682,3
510,1621,1273,931,939,1522,576,478,2587,1879,681,3
511,1650,1271,931,939,1523,576,478,2535,1878,680,3
512,1643,1271,931,939,1522,576,478,2608,1878,681,3
513,1634,1270,934,938,1523,573,478,2720,1877,682,3
514,1619,1296,933,940,1522,576,477,2779,1878,681,3
515,1622,1286,932,939,1523,577,478,2782,1876,682,3
516,1595,1266,931,939,1522,576,475,2664,1878,680,3
517,1600,1268,931,939,1522,578,484,2554,1878,681,3
518,1602,1268,931,938,1522,576,485,2557,1877,682,3
519,1618,1275,932,938,1522,573,478,2658,1878,681,3
520,1620,1274,931,938,1522,573,476,2754,1876,681,3
521,1613,1268,932,941,1523,576,477,2795,1877,681,3
522,1612,1266,932,939,1521,576,476,2754,1878,682,3
523,1616,1264,932,939,1522,574,476,2611,1878,682,3
524,1629,1268,934,938,1523,574,474,2530,1878,682,3
525,1630,1270,926,938,1523,576,471,2582,1877,680,3
526,1620,1270,931,939,1521,576,476,2702,1877,680,3
527,1617,1269,931,937,1523,576,476,2770,1878,681,3
528,1622,1272,933,937,1522,576,476,2786,1878,680,3
529,1616,1286,931,937,1522,576,476,2692,1877,680,3
530,1621,1266,932,939,1522,577,476,2570,1874,680,3
531,1621,1274,931,938,1523,576,475,2538,1877,681,3
532,1619,1282,930,938,1522,576,474,2626,1877,680,3
533,1620,1268,931,939,1522,573,476,2736,1878,681,3
534,1621,1276,932,937,1523,576,474,2782,1876,679,3
535,1619,1285,932,938,1522,576,476,2773,1878,681,3
536,1620,1272,932,938,1523,576,473,2634,1876,679,3
537,1622,1278,930,938,1521,578,475,2536,1878,680,3
538,1618,1266,931,937,1523,573,474,2562,1877,680,3
539,1621,1276,933,935,1525,574,475,2674,1878,680,3
540,1622,1265,931,937,1522,576,475,2762,1876,680,3
541,1621,1278,932,937,1522,574,474,2787,1876,680,3
542,1617,1263,931,936,1521,578,475,2722,1876,679,3
543,1617,1269,931,935,1522,574,474,2582,1876,680,3
544,1617,1270,930,936,1521,577,475,2530,1875,680,3
545,1622,1268,932,936,1523,577,474,2602,1875,680,3
546,1617,1267,929,936,1521,576,474,2718,1876,680,3
547,1627,1271,931,934,1523,573,470,2777,1876,679,3
548,1612,1266,932,937,1523,574,474,2787,1876,680,3
549,1638,1274,932,934,1522,577,474,2658,1875,682,3
550,1615,1263,931,936,1518,578,473,2552,1875,680,3
551,1614,1267,932,936,1522,574,474,2555,1874,680,3
552,1617,1255,930,932,1522,577,474,2656,1876,679,3
553,1612,1269,931,934,1523,586,470,2753,1875,677,3
554,1619,1273,932,933,1522,576,472,2790,1876,678,3
555,1596,1269,931,934,1522,576,472,2752,1875,678,3
556,1610,1266,932,934,1522,576,474,2610,1874,677,3
557,1623,1276,931,934,1522,576,472,2525,1875,679,3
558,1618,1264,932,933,1523,576,472,2578,1875,679,3
559,1622,1290,932,934,1522,576,472,2699,1874,678,3
560,1624,1271,931,933,1522,578,470,2770,1873,679,3
561,1621,1270,930,933,1523,577,471,2787,1873,678,3
562,1614,1267,931,934,1522,577,472,2692,1874,679,3
563,1620,1275,930,934,1523,577,471,2563,1876,678,3
564,1617,1274,929,932,1522,578,472,2535,1874,678,3
565,1606,1268,934,933,1521,576,475,2634,1872,678,3
566,1607,1267,932,933,1523,576,473,2744,1872,677,3
567,1622,1275,931,932,1531,577,470,2782,1871,677,3
568,1619,1269,931,931,1522,576,471,2765,1872,678,3
569,1618,1267,931,932,1522,578,470,2625,1872,678,3
570,1614,1263,932,932,1523,578,471,2538,1872,678,3
571,1611,1266,931,932,1522,577,470,2571,1872,677,3
572,1617,1272,929,932,1523,576,469,2684,1871,678,3
573,1588,1268,930,929,1522,576,469,2766,1871,677,3
574,1630,1273,931,935,1522,576,470,2790,1871,678,3
575,1621,1265,931,932,1522,577,470,2711,1872,676,3
576,1615,1265,930,930,1522,577,469,2575,1871,678,3
577,1611,1266,930,926,1521,578,470,2531,1872,677,3
578,1618,1274,932,930,1522,577,470,2608,1871,677,3
579,1612,1274,931,931,1522,577,467,2725,1870,676,3
580,1626,1271,930,930,1522,576,468,2776,1869,677,3
581,1620,1273,931,931,1523,576,468,2778,1870,677,3
582,1619,1268,930,930,1522,569,468,2642,1871,676,3
583,1612,1261,931,927,1514,576,468,2542,1871,676,3
584,1614,1266,930,929,1522,576,467,2547,1870,674,3
585,1607,1269,928,930,1521,576,470,2664,1870,675,3
586,1592,1266,931,929,1522,576,467,2758,1870,677,3
587,1618,1269,931,929,1522,574,469,2785,1867,677,3
588,1654,1270,932,930,1521,574,468,2739,1870,677,3
589,1614,1264,932,927,1520,577,468,2594,1869,676,3
590,1612,1269,930,930,1522,577,467,2530,1868,676,3
591,1605,1267,934,929,1523,577,466,2590,1868,675,3
592,1618,1266,929,928,1522,576,467,2707,1870,675,3
593,1608,1268,932,928,1522,576,468,2779,1869,676,3
594,1618,1265,930,930,1519,576,467,2789,1868,676,3
595,1610,1270,928,929,1522,578,469,2674,1869,675,3
596,1595,1271,929,929,1522,578,466,2554,1868,675,3
597,1617,1267,929,928,1520,578,466,2537,1869,675,3
598,1616,1263,931,929,1519,577,466,2643,1867,676,3
599,1622,1256,931,926,1522,576,467,2746,1866,676,3
600,1589,1266,931,927,1523,577,467,2790,1867,675,3
601,1626,1274,931,926,1522,573,466,2748,1867,676,3
602,1628,1270,930,925,1522,576,459,2605,1867,674,3
603,1618,1272,932,926,1521,573,466,2523,1867,676,3
604,1616,1274,930,926,1522,577,462,2566,1868,675,3
605,1622,1282,931,926,1521,577,466,2693,1867,675,3
606,1619,1269,929,926,1522,576,467,2766,1867,675,3
607,1616,1265,931,926,1514,573,466,2791,1867,674,3
608,1606,1267,929,926,1522,576,466,2694,1866,675,3
609,1624,1274,931,925,1522,576,466,2555,1866,676,3
610,1628,1270,930,926,1522,577,458,2524,1866,675,3
611,1612,1263,930,926,1522,577,466,2628,1865,675,3
612,1613,1270,931,926,1521,576,467,2738,1866,674,3
613,1620,1264,931,925,1522,574,465,2779,1864,675,3
614,1624,1270,931,925,1521,577,464,2767,1866,675,3
615,1619,1280,930,925,1522,577,464,2631,1864,674,3
616,1617,1269,930,926,1522,576,464,2532,1866,674,3
617,1619,1292,930,926,1520,576,465,2556,1866,674,3
618,1616,1266,930,926,1520,577,465,2679,1865,675,3
619,1622,1277,931,925,1522,576,464,2761,1864,674,3
620,1624,1275,929,926,1523,576,464,2784,1865,675,3
621,1621,1265,931,926,1521,576,465,2714,1863,673,3
622,1615,1263,929,926,1512,578,465,2579,1864,674,3
623,1593,1265,927,925,1522,578,463,2524,1864,674,3
624,1626,1276,931,924,1522,573,464,2602,1864,674,3
625,1608,1267,931,928,1520,576,464,2727,1864,674,3
626,1622,1256,930,926,1521,577,465,2783,1864,674,3
627,1624,1272,930,926,1523,578,463,2774,1864,674,3
628,1637,1269,931,924,1522,578,464,2640,1863,680,3
629,1618,1260,931,925,1522,577,464,2538,1863,674,3
630,1631,1270,930,935,1522,576,463,2540,1864,673,3
631,1622,1284,929,926,1520,578,463,2654,1863,673,3
632,1618,1266,931,926,1520,577,463,2755,1864,674,3
633,1591,1271,930,924,1522,576,463,2786,1862,674,3
634,1621,1282,930,925,1522,577,463,2726,1862,674,3
635,1614,1264,930,924,1522,577,464,2592,1862,674,3
636,1620,1274,930,924,1523,576,462,2522,1863,673,3
637,1625,1284,929,925,1521,577,462,2579,1862,674,3
638,1614,1264,931,922,1521,576,463,2708,1861,673,3
639,1619,1271,930,925,1522,576,462,2774,1862,671,3
640,1618,1284,929,923,1522,576,462,2779,1862,673,3
641,1626,1266,930,923,1522,577,462,2662,1859,672,3
642,1621,1274,929,926,1521,576,463,2546,1862,674,3
643,1620,1262,930,924,1522,577,462,2530,1862,673,3
644,1634,1271,932,926,1520,576,462,2639,1860,675,3
645,1616,1271,930,925,1522,576,464,2747,1860,674,3
646,1626,1274,930,926,1523,577,462,2780,1859,674,3
647,1647,1268,930,923,1521,578,463,2745,1859,670,3
648,1608,1265,930,925,1520,577,463,2606,1860,669,3
649,1624,1281,930,922,1522,578,462,2515,1860,672,3
650,1619,1263,930,923,1519,576,464,2579,1859,674,3
651,1622,1270,930,924,1523,576,461,2700,1860,674,3
652,1620,1268,929,924,1521,578,463,2764,1860,671,3
653,1624,1254,931,923,1522,576,463,2786,1860,674,3
654,1611,1267,930,923,1521,577,469,2692,1860,674,3
655,1625,1269,929,924,1521,576,460,2552,1860,673,3
656,1619,1260,932,924,1511,576,462,2530,1860,674,3
657,1626,1271,930,923,1521,578,461,2614,1859,671,3
658,1650,1270,931,922,1522,577,464,2739,1858,674,3
659,1620,1273,931,923,1521,576,462,2781,1859,673,3
660,1624,1282,925,920,1522,577,462,2762,1858,672,3
661,1620,1270,930,923,1522,576,462,2578,1859,673,3
662,1624,1276,930,923,1530,577,461,2515,1858,671,3
663,1615,1265,930,924,1520,576,461,2592,1858,673,3
664,1621,1272,930,924,1520,574,461,2706,1859,672,3
665,1622,1269,927,923,1521,578,462,2770,1859,670,3
666,1619,1273,931,923,1523,577,461,2782,1858,673,3
667,1592,1268,931,923,1521,576,462,2658,1858,673,3
668,1643,1270,929,924,1522,578,463,2539,1858,672,3
669,1620,1273,930,922,1523,576,462,2538,1858,672,3
670,1619,1265,930,923,1521,578,461,2638,1854,670,3
671,1622,1251,930,923,1522,577,462,2746,1856,672,3
672,1601,1268,930,923,1522,574,461,2785,1858,673,3
673,1634,1269,931,924,1522,577,462,2742,1856,676,3
674,1622,1278,928,923,1522,576,461,2600,1858,672,3
675,1618,1290,930,923,1521,577,461,2515,1858,671,3
676,1622,1250,930,924,1522,576,462,2572,1858,673,3
677,1600,1266,930,923,1522,573,461,2697,1858,672,3
678,1636,1269,931,924,1522,577,462,2766,1856,672,3
679,1622,1275,929,923,1522,578,461,2787,1856,672,3
680,1620,1266,927,923,1521,578,460,2676,1857,671,3
681,1621,1275,927,923,1521,577,460,2553,1858,670,3
682,1590,1265,930,926,1521,576,460,2520,1856,670,3
683,1653,1268,930,920,1522,577,462,2630,1854,672,3
684,1618,1272,930,923,1520,573,461,2737,1856,672,3
685,1620,1270,930,923,1521,578,461,2778,1856,670,3
686,1618,1271,930,923,1521,577,461,2766,1856,670,3
687,1624,1274,932,921,1529,574,461,2612,1854,672,3
688,1618,1262,930,922,1524,577,460,2523,1854,670,3
689,1610,1264,930,923,1521,577,466,2564,1852,670,3
690,1627,1268,918,922,1522,577,462,2674,1856,669,3
691,1608,1266,930,922,1523,574,460,2762,1853,671,3
692,1620,1265,930,922,1521,578,460,2781,1854,670,3
693,1619,1271,930,922,1521,578,459,2707,1853,670,3
694,1625,1271,930,922,1523,577,459,2563,1853,672,3
695,1618,1262,931,923,1512,576,460,2523,1856,670,3
696,1626,1275,930,921,1522,578,460,2600,1851,671,3
697,1634,1270,917,921,1523,577,462,2715,1853,672,3
698,1603,1269,930,922,1522,576,462,2780,1851,672,3
699,1620,1267,930,922,1522,577,460,2774,1852,670,3
700,1619,1271,927,922,1520,578,458,2636,1854,670,3
701,1621,1267,930,922,1522,574,460,2526,1853,670,3
702,1618,1258,931,922,1523,574,460,2544,1852,672,3
703,1624,1291,928,923,1522,576,460,2656,1851,669,3
704,1607,1265,931,922,1523,577,460,2756,1851,672,3
705,1626,1271,929,922,1522,577,460,2779,1854,670,3
706,1615,1260,931,922,1522,576,461,2728,1853,672,3
707,1605,1265,931,921,1520,576,460,2581,1851,672,3
708,1648,1270,930,922,1522,577,462,2513,1850,672,3
709,1619,1270,930,922,1521,576,461,2584,1851,670,3
710,1624,1270,930,922,1520,577,459,2704,1852,670,3
711,1610,1266,931,922,1521,577,467,2778,1851,671,3
712,1624,1264,930,920,1521,574,462,2776,1851,670,3
713,1620,1271,929,922,1520,576,461,2663,1851,669,3
714,1624,1275,929,922,1522,577,459,2540,1850,668,3
715,1619,1254,927,922,1522,578,459,2536,1851,671,3
716,1621,1266,932,920,1521,574,461,2634,1851,670,3
717,1619,1263,929,920,1523,577,460,2744,1850,670,3
718,1622,1285,929,922,1522,578,460,2782,1851,669,3
719,1650,1271,930,924,1522,576,460,2754,1851,670,3
720,1628,1273,930,921,1524,576,459,2595,1851,669,3
