Count,S1,S2,S3,S4,S5,S6,S7,S8,S9,S10,Flag
1,1622,1254,938,924,1499,562,463,2604,1850,665,0
2,1622,1233,937,925,1500,562,462,2727,1851,666,0
3,1627,1251,938,924,1500,563,464,2786,1850,666,0
4,1643,1256,938,926,1500,560,465,2735,1850,666,0
5,1630,1258,938,923,1500,561,464,2547,1850,666,0
6,1644,1256,938,924,1500,562,464,2522,1848,666,0
7,1618,1258,938,922,1499,560,464,2665,1850,666,0
8,1622,1251,937,923,1499,560,465,2755,1850,666,0
9,1618,1256,938,923,1499,561,464,2789,1848,666,0
10,1619,1242,938,923,1499,560,463,2675,1850,666,0
11,1632,1258,937,934,1498,560,462,2514,1850,666,0
12,1631,1253,940,924,1498,562,464,2547,1849,665,0
13,1632,1257,938,923,1499,561,463,2703,1847,666,0
14,1626,1250,938,923,1499,560,464,2775,1849,666,0
15,1624,1255,938,923,1498,562,464,2766,1849,666,0
16,1622,1251,936,922,1499,561,463,2610,1850,665,0
17,1619,1253,938,924,1498,560,464,2518,1849,665,0
18,1632,1259,937,922,1500,561,463,2586,1850,666,0
19,1621,1239,938,923,1499,560,462,2741,1849,665,0
20,1627,1258,938,922,1506,561,462,2778,1848,666,0
21,1648,1254,938,922,1499,561,463,2699,1847,666,1
22,1605,1251,937,923,1498,560,462,2564,1848,665,1
23,1617,1254,939,923,1498,560,463,2538,1848,665,1
24,1621,1262,937,923,1498,562,462,2645,1849,665,1
25,1626,1252,938,922,1499,561,464,2766,1847,666,1
26,1616,1250,939,922,1497,562,463,2788,1848,666,1
27,1626,1261,936,922,1502,562,462,2632,1847,664,1
28,1623,1266,936,924,1498,562,461,2522,1848,665,1
29,1621,1239,937,922,1499,560,462,2572,1846,665,1
30,1601,1253,937,922,1499,561,462,2699,1848,665,1
31,1622,1249,938,921,1498,561,463,2776,1847,666,1
32,1643,1254,937,923,1498,562,462,2770,1848,664,1
33,1611,1253,941,924,1499,561,463,2582,1847,665,1
34,1603,1253,936,922,1499,562,462,2514,1846,660,1
35,1629,1255,937,922,1498,562,460,2618,1848,665,1
36,1619,1244,938,921,1500,562,462,2737,1848,663,1
37,1626,1259,938,921,1500,561,462,2779,1846,664,1
38,1627,1258,937,922,1500,559,462,2714,1847,665,1
39,1646,1252,938,922,1499,561,464,2539,1848,664,1
40,1621,1237,937,922,1498,560,463,2530,1846,664,1
41,1619,1254,937,922,1499,561,463,2678,1846,665,1
42,1626,1257,938,922,1499,561,463,2755,1846,665,1
43,1640,1254,939,922,1499,560,463,2776,1846,665,1
44,1631,1255,938,922,1498,562,463,2648,1847,663,1
45,1622,1254,936,923,1498,561,462,2515,1846,664,1
46,1582,1252,936,923,1498,560,462,2563,1847,663,1
47,1628,1255,937,921,1499,560,461,2718,1845,664,1
48,1626,1253,936,922,1499,561,462,2774,1846,664,1
49,1626,1232,937,922,1499,561,463,2746,1846,664,1
50,1613,1254,937,922,1497,560,463,2594,1846,664,1
51,1586,1253,938,931,1498,562,460,2520,1845,663,1
52,1624,1263,938,923,1498,560,464,2607,1847,664,1
53,1618,1254,938,923,1499,561,464,2756,1846,664,1
54,1637,1252,937,922,1497,562,462,2781,1848,665,1
55,1622,1254,936,923,1498,561,462,2684,1846,663,1
56,1602,1251,935,922,1498,560,462,2546,1848,664,1
57,1620,1254,937,920,1498,559,463,2543,1847,664,1
58,1620,1252,936,922,1498,559,463,2662,1843,664,1
59,1618,1249,938,922,1498,561,465,2778,1845,664,1
60,1619,1235,938,921,1498,561,464,2787,1846,663,1
61,1619,1255,935,923,1497,562,462,2621,1846,663,1
62,1603,1250,937,922,1499,562,464,2523,1846,659,1
63,1626,1250,938,922,1497,562,464,2582,1846,664,1
64,1619,1274,936,922,1496,561,463,2706,1848,662,1
65,1619,1253,936,914,1498,560,465,2781,1847,663,1
66,1621,1241,936,921,1498,561,463,2762,1847,663,1
67,1595,1251,937,923,1497,561,463,2572,1846,662,1
68,1615,1253,936,922,1498,560,464,2522,1848,663,1
69,1624,1266,936,922,1495,562,463,2636,1848,663,1
70,1624,1259,937,922,1499,561,463,2744,1847,664,1
71,1633,1254,935,922,1497,562,462,2780,1848,662,1
72,1657,1254,938,923,1497,561,465,2702,1846,662,1
73,1621,1253,936,922,1499,561,464,2535,1848,662,1
74,1621,1256,935,923,1497,562,464,2542,1848,662,1
75,1635,1256,937,921,1499,560,465,2690,1848,664,1
76,1625,1259,937,921,1497,561,465,2766,1845,664,1
77,1637,1253,937,922,1498,560,467,2778,1848,663,1
78,1620,1253,937,922,1498,560,464,2637,1848,663,1
79,1617,1243,936,922,1498,561,466,2518,1847,664,1
80,1620,1256,936,922,1497,559,465,2576,1849,664,1
81,1622,1254,937,922,1498,561,466,2734,1846,664,1
82,1609,1250,935,924,1498,560,466,2788,1846,662,1
83,1619,1271,935,923,1498,562,464,2730,1847,663,1
84,1627,1259,936,921,1498,560,465,2580,1848,663,1
85,1627,1251,936,924,1496,560,465,2528,1848,664,1
86,1640,1254,937,921,1499,561,467,2624,1848,666,1
87,1621,1256,936,922,1496,560,465,2762,1850,664,1
88,1621,1242,936,922,1499,560,465,2793,1848,662,1
89,1608,1254,943,922,1498,561,472,2670,1848,662,1
90,1623,1254,936,922,1496,561,464,2546,1848,663,1
91,1626,1259,937,921,1498,562,464,2552,1846,664,1
92,1624,1265,936,923,1497,560,465,2679,1848,664,1
93,1643,1254,938,922,1496,561,466,2774,1848,663,1
94,1621,1252,938,920,1498,561,466,2779,1846,664,1
95,1619,1243,936,922,1498,561,466,2611,1849,663,1
96,1622,1235,935,923,1497,562,465,2520,1848,662,1
97,1595,1251,937,922,1497,560,465,2606,1848,663,1
98,1618,1256,936,924,1496,570,465,2725,1848,662,1
99,1628,1259,937,922,1496,560,464,2785,1848,662,1
100,1618,1246,936,922,1498,560,465,2758,1847,662,1
101,1632,1254,938,922,1498,561,462,2597,1846,663,1
102,1650,1253,935,921,1498,562,465,2515,1848,662,1
103,1626,1254,936,922,1496,560,465,2568,1849,663,1
104,1638,1252,937,922,1497,561,466,2696,1848,664,1
105,1616,1250,936,923,1497,562,466,2774,1848,664,1
106,1626,1254,938,921,1498,561,464,2785,1847,664,1
107,1639,1255,935,921,1496,562,466,2683,1847,663,1
108,1623,1250,935,923,1495,562,465,2552,1850,662,1
109,1628,1254,937,922,1496,561,464,2523,1850,664,1
110,1641,1255,935,922,1497,562,466,2619,1847,665,1
111,1626,1253,935,921,1497,561,466,2734,1848,662,1
112,1626,1255,937,921,1498,560,463,2777,1848,662,1
113,1620,1251,936,921,1498,560,465,2770,1850,662,1
114,1622,1251,936,922,1497,561,466,2624,1849,662,1
115,1628,1254,936,921,1498,562,464,2522,1848,662,1
116,1622,1251,936,921,1495,562,465,2554,1842,661,1
117,1620,1252,935,921,1498,562,465,2675,1849,662,1
118,1624,1268,936,922,1496,560,465,2760,1848,663,1
119,1619,1253,936,922,1496,561,465,2787,1843,664,1
120,1623,1251,934,921,1497,562,466,2711,1848,662,1
121,1622,1265,936,922,1496,562,466,2568,1848,664,2
122,1618,1250,938,919,1496,561,466,2515,1848,664,2
123,1627,1258,936,920,1498,562,466,2596,1849,663,2
124,1621,1262,934,922,1494,560,464,2720,1846,661,2
125,1620,1249,936,921,1496,560,466,2778,1848,662,2
126,1627,1259,937,920,1498,560,465,2778,1848,662,2
127,1621,1260,936,920,1496,562,466,2642,1848,662,2
128,1594,1252,935,921,1496,562,463,2531,1848,662,2
129,1623,1255,935,920,1496,561,464,2539,1846,662,2
130,1622,1262,936,919,1497,561,464,2653,1846,662,2
131,1600,1254,936,922,1497,560,464,2756,1847,658,2
132,1629,1255,936,919,1496,562,466,2787,1846,664,2
133,1610,1251,936,920,1496,562,466,2739,1846,662,2
134,1604,1251,936,922,1496,560,464,2588,1848,662,2
135,1627,1256,937,922,1495,560,465,2520,1847,663,2
136,1615,1252,933,920,1498,559,465,2582,1847,662,2
137,1630,1259,938,922,1500,563,465,2706,1846,664,2
138,1628,1256,937,922,1502,561,465,2774,1847,663,2
139,1632,1258,937,922,1500,562,465,2787,1848,663,2
140,1632,1257,938,921,1500,562,465,2667,1845,662,2
141,1627,1256,938,919,1499,563,466,2544,1846,663,2
142,1630,1258,937,920,1499,562,466,2534,1846,663,2
143,1630,1255,939,919,1500,564,464,2634,1846,663,2
144,1630,1258,936,918,1498,562,463,2742,1846,663,2
145,1627,1260,939,916,1500,562,463,2784,1846,663,2
146,1631,1256,937,918,1499,563,463,2754,1846,662,2
147,1632,1259,938,915,1502,564,464,2604,1845,664,2
148,1630,1255,938,916,1499,564,462,2513,1846,664,2
149,1631,1259,936,916,1498,563,462,2563,1845,664,2
150,1632,1258,938,915,1500,563,463,2692,1845,664,2
151,1634,1261,937,915,1501,563,462,2765,1844,664,2
152,1630,1260,938,915,1500,564,463,2785,1843,664,2
153,1629,1258,936,915,1500,562,462,2685,1843,663,2
154,1632,1260,938,914,1501,562,460,2550,1843,664,2
155,1630,1258,937,915,1501,562,461,2518,1843,664,2
156,1630,1259,938,916,1500,563,461,2614,1843,664,2
157,1630,1256,938,913,1500,564,462,2730,1842,665,2
158,1630,1258,936,914,1501,563,461,2780,1843,665,2
159,1630,1257,937,914,1500,564,460,2768,1842,665,2
160,1632,1258,938,914,1501,563,460,2618,1841,663,2
161,1628,1258,938,913,1502,563,460,2513,1840,666,2
162,1630,1258,938,911,1500,563,459,2547,1841,665,2
163,1632,1259,938,914,1500,563,459,2669,1841,666,2
164,1629,1256,937,914,1501,563,458,2758,1840,665,2
165,1633,1259,937,914,1500,562,459,2786,1842,665,2
166,1629,1259,938,913,1502,563,458,2707,1838,664,2
167,1629,1258,937,914,1499,564,458,2561,1838,664,2
168,1634,1256,936,915,1501,564,458,2507,1839,666,2
169,1629,1258,936,915,1499,563,457,2593,1838,665,2
170,1628,1258,938,914,1500,566,456,2716,1838,663,2
171,1634,1257,936,914,1502,563,458,2778,1838,664,2
172,1629,1260,939,913,1501,564,458,2774,1838,666,2
173,1632,1256,939,914,1501,563,458,2631,1838,666,2
174,1629,1255,938,915,1501,564,457,2520,1838,664,2
175,1630,1260,939,914,1502,563,456,2532,1839,665,2
176,1635,1258,937,916,1501,563,457,2650,1838,664,2
177,1630,1258,938,915,1502,562,457,2747,1836,665,2
178,1630,1258,938,914,1501,563,457,2784,1836,666,2
179,1628,1258,938,916,1500,564,456,2728,1835,664,2
180,1632,1258,939,918,1502,563,457,2573,1836,665,2
181,1633,1258,937,916,1502,563,454,2505,1835,666,2
182,1630,1258,938,915,1502,564,456,2572,1836,664,2
183,1634,1256,939,917,1500,566,456,2703,1834,664,2
184,1628,1254,938,916,1500,564,454,2772,1835,664,2
185,1631,1258,939,916,1502,561,457,2780,1834,665,2
186,1633,1259,938,916,1502,563,457,2654,1834,665,2
187,1630,1257,939,918,1502,564,456,2526,1833,665,2
188,1632,1257,939,918,1502,565,456,2521,1834,664,2
189,1629,1259,940,918,1502,564,456,2632,1834,666,2
190,1629,1259,939,918,1503,564,456,2740,1833,665,2
191,1631,1258,939,918,1502,564,454,2783,1834,666,2
192,1634,1257,939,919,1502,564,456,2745,1831,666,2
193,1633,1258,939,920,1501,564,456,2590,1833,663,2
194,1633,1257,937,918,1502,566,455,2506,1832,666,2
195,1630,1258,938,920,1502,565,456,2562,1833,666,2
196,1630,1256,938,919,1502,564,455,2691,1832,665,2
197,1635,1258,939,919,1502,565,456,2766,1831,666,2
198,1631,1257,939,921,1502,564,457,2783,1831,666,2
199,1635,1258,939,922,1503,565,456,2676,1832,665,2
200,1631,1258,939,922,1502,564,455,2542,1831,666,2
201,1634,1259,939,922,1503,563,456,2514,1832,666,2
202,1629,1258,940,921,1503,564,456,2611,1832,666,2
203,1630,1260,939,923,1502,566,455,2731,1831,666,2
204,1629,1258,938,924,1501,564,456,2782,1832,664,2
205,1634,1259,938,923,1502,565,458,2763,1830,666,2
206,1634,1259,939,924,1504,563,458,2612,1830,666,2
207,1630,1258,938,926,1502,564,457,2511,1830,665,2
208,1632,1258,940,925,1503,563,456,2546,1830,666,2
209,1630,1259,940,926,1503,563,457,2674,1830,666,2
210,1631,1260,939,928,1504,565,458,2757,1829,666,2
211,1632,1258,939,926,1504,563,457,2785,1831,665,2
212,1631,1260,938,927,1502,565,456,2701,1830,666,2
213,1632,1257,939,929,1502,565,458,2556,1830,665,2
214,1630,1257,939,929,1502,563,459,2511,1830,666,2
215,1629,1260,941,928,1503,563,458,2596,1830,667,2
216,1632,1259,939,930,1502,563,458,2721,1830,665,2
217,1633,1259,938,932,1502,564,458,2779,1830,665,2
218,1634,1257,940,931,1504,564,459,2777,1829,666,2
219,1634,1259,938,932,1502,564,458,2632,1829,666,2
220,1630,1259,940,933,1504,563,458,2521,1828,666,2
221,1634,1258,939,932,1503,564,459,2537,1830,667,2
222,1634,1260,938,933,1504,566,458,2654,1830,663,2
223,1635,1257,938,934,1502,565,459,2753,1830,666,2
224,1634,1257,938,936,1502,564,459,2787,1829,664,2
225,1631,1261,939,934,1504,562,459,2729,1830,666,2
226,1633,1258,939,935,1504,563,458,2577,1830,666,2
227,1635,1260,939,934,1504,565,460,2510,1829,667,2
228,1635,1258,938,936,1504,566,459,2578,1830,666,2
229,1634,1259,939,938,1503,564,459,2706,1829,666,2
230,1635,1260,938,938,1504,564,459,2773,1829,667,2
231,1634,1259,939,938,1502,566,460,2782,1829,667,2
232,1632,1258,941,939,1504,565,462,2659,1828,666,2
233,1631,1259,939,941,1504,564,460,2536,1828,666,2
234,1632,1257,939,940,1502,564,460,2530,1830,666,2
235,1635,1258,939,941,1505,565,462,2637,1829,667,2
236,1636,1262,940,940,1504,563,462,2743,1830,668,2
237,1633,1261,940,943,1502,562,461,2786,1829,667,2
238,1633,1261,938,943,1502,564,463,2752,1831,667,2
239,1634,1258,941,943,1504,563,462,2599,1830,668,2
240,1633,1256,940,944,1504,564,462,2513,1829,668,2
241,1635,1260,939,944,1504,563,462,2564,1830,667,2
242,1632,1260,940,946,1505,564,463,2693,1830,668,2
243,1634,1259,940,950,1505,565,462,2770,1829,667,2
244,1630,1261,939,948,1503,563,463,2789,1830,668,2
245,1633,1262,941,947,1504,563,464,2692,1831,669,2
246,1635,1262,939,948,1504,563,465,2557,1830,667,2
247,1631,1260,939,949,1504,566,463,2523,1832,667,2
248,1635,1259,940,950,1504,564,463,2616,1829,668,2
249,1632,1261,940,951,1502,564,465,2738,1830,667,2
250,1632,1260,940,951,1506,565,466,2789,1830,670,2
251,1633,1259,941,952,1506,563,466,2776,1830,668,2
252,1635,1258,940,951,1504,565,466,2628,1830,670,2
253,1634,1258,941,954,1506,564,466,2524,1831,668,2
254,1634,1260,939,954,1502,564,466,2556,1832,670,2
255,1632,1261,940,954,1505,565,467,2678,1830,670,2
256,1634,1258,941,955,1504,564,466,2763,1832,670,2
257,1635,1262,940,955,1504,566,468,2790,1830,668,2
258,1634,1259,941,955,1506,564,467,2718,1831,669,2
259,1636,1258,940,958,1505,565,468,2576,1832,669,2
260,1633,1262,941,960,1505,563,467,2526,1832,670,2
261,1635,1259,943,958,1506,562,468,2602,1832,670,2
262,1636,1263,939,961,1506,564,467,2722,1832,669,2
263,1635,1259,942,962,1506,564,469,2783,1832,670,2
264,1635,1260,938,962,1503,564,469,2788,1832,669,2
265,1631,1260,941,962,1503,562,469,2654,1834,670,2
266,1633,1259,941,963,1505,563,470,2539,1834,670,2
267,1638,1263,942,964,1505,564,470,2547,1832,672,2
268,1638,1260,941,966,1504,565,469,2658,1834,670,2
269,1635,1262,939,966,1503,563,471,2758,1834,669,2
270,1637,1262,940,967,1506,563,473,2791,1834,670,2
271,1635,1264,941,966,1506,562,471,2745,1834,673,2
272,1634,1259,942,967,1505,564,472,2598,1833,672,2
273,1634,1261,940,970,1503,564,472,2528,1834,670,2
274,1633,1261,942,970,1506,563,472,2586,1835,672,2
275,1636,1262,939,970,1506,563,472,2710,1835,672,2
276,1634,1261,941,970,1506,564,474,2778,1835,670,2
277,1634,1260,943,970,1506,564,474,2790,1835,672,2
278,1633,1259,941,971,1505,564,474,2681,1835,672,2
279,1635,1260,942,973,1506,564,474,2560,1835,672,2
280,1634,1261,940,974,1506,564,474,2543,1835,672,2
281,1635,1259,943,974,1507,563,475,2641,1835,673,2
282,1638,1262,942,974,1506,564,476,2746,1835,673,2
283,1637,1260,942,976,1505,564,474,2790,1838,673,2
284,1638,1262,941,976,1505,563,476,2768,1838,673,2
285,1633,1262,942,978,1505,563,476,2624,1838,673,2
286,1634,1257,942,977,1507,564,478,2531,1836,671,2
287,1638,1260,941,978,1504,564,478,2574,1837,674,2
288,1636,1258,943,979,1506,563,478,2697,1837,674,2
289,1634,1259,944,980,1506,563,477,2775,1836,674,2
290,1638,1262,940,981,1506,563,480,2793,1838,672,2
291,1638,1263,942,981,1506,562,478,2709,1840,674,2
292,1634,1260,942,981,1506,564,478,2577,1839,671,2
293,1634,1261,942,982,1506,565,481,2540,1838,673,2
294,1634,1262,942,983,1507,562,479,2621,1839,674,2
295,1637,1262,941,984,1507,563,481,2740,1839,674,2
296,1638,1261,942,985,1507,563,481,2790,1840,675,2
297,1635,1261,942,985,1505,565,479,2786,1840,673,2
298,1635,1262,942,987,1505,564,482,2650,1841,674,2
299,1635,1261,942,988,1506,564,481,2544,1839,674,2
300,1636,1259,944,986,1506,565,482,2568,1842,672,2
301,1635,1263,941,988,1506,562,483,2682,1842,675,2
302,1635,1262,942,989,1506,565,484,2766,1841,675,2
303,1631,1262,946,990,1506,564,483,2796,1841,674,2
304,1636,1262,941,990,1507,564,484,2738,1842,675,2
305,1636,1262,943,992,1506,564,484,2598,1842,676,2
306,1636,1261,942,993,1507,563,484,2540,1842,674,2
307,1635,1261,943,994,1506,565,486,2607,1844,676,2
308,1634,1260,943,995,1506,563,484,2725,1843,677,2
309,1638,1264,943,995,1506,564,486,2789,1843,675,2
310,1635,1265,944,996,1507,564,487,2792,1844,675,2
311,1634,1262,943,997,1508,563,487,2674,1846,676,2
312,1635,1264,943,999,1506,564,486,2560,1845,676,2
313,1638,1259,943,999,1507,564,486,2560,1845,676,2
314,1638,1263,943,1000,1507,563,488,2660,1846,676,2
315,1636,1264,944,1001,1506,564,487,2760,1846,675,2
316,1638,1265,943,1001,1505,563,489,2796,1846,676,2
317,1636,1263,943,1002,1507,563,486,2764,1848,676,2
318,1637,1262,943,1001,1506,564,489,2626,1848,676,2
319,1636,1262,943,1003,1507,564,490,2542,1846,677,2
320,1636,1264,943,1003,1508,563,490,2591,1848,677,2
321,1635,1259,943,1005,1506,565,490,2709,1849,677,3
322,1635,1263,944,1005,1509,562,490,2784,1848,678,3
323,1636,1262,944,1006,1507,564,490,2798,1848,677,3
324,1639,1266,942,1007,1507,562,493,2706,1850,677,3
325,1635,1262,942,1008,1506,563,491,2580,1849,678,3
326,1638,1264,943,1008,1506,562,492,2552,1849,678,3
327,1635,1265,944,1010,1507,562,492,2642,1850,678,3
328,1637,1263,944,1010,1507,563,493,2750,1850,678,3
329,1639,1263,942,1011,1508,562,493,2795,1851,678,3
330,1638,1264,943,1011,1508,563,494,2782,1852,678,3
331,1636,1262,944,1011,1508,564,494,2646,1851,678,3
332,1638,1263,944,1012,1507,562,494,2552,1851,677,3
333,1640,1262,946,1014,1507,563,494,2582,1852,678,3
334,1638,1266,945,1015,1508,563,495,2698,1854,679,3
335,1636,1266,944,1016,1506,563,495,2776,1853,679,3
336,1638,1262,944,1015,1507,564,497,2802,1853,680,3
337,1638,1264,942,1017,1507,564,496,2731,1853,680,3
338,1639,1264,945,1018,1506,562,497,2602,1854,680,3
339,1637,1261,945,1019,1507,563,498,2555,1856,678,3
340,1638,1263,943,1019,1509,562,497,2632,1858,679,3
341,1637,1257,942,1015,1502,562,499,2738,1854,679,3
342,1626,1258,940,1018,1505,562,499,2798,1856,680,3
343,1605,1256,942,1020,1502,562,498,2796,1857,680,3
344,1628,1262,942,1026,1504,560,499,2675,1858,680,3
345,1619,1259,942,1029,1502,562,500,2563,1857,679,3
346,1625,1262,942,1032,1506,560,502,2576,1858,680,3
347,1634,1256,942,1032,1503,562,500,2690,1859,679,3
348,1638,1260,942,1036,1502,562,502,2776,1859,680,3
349,1628,1263,941,1038,1502,560,505,2806,1859,680,3
350,1626,1259,942,1042,1503,561,504,2755,1859,681,3
351,1634,1259,942,1040,1504,561,504,2623,1859,682,3
352,1606,1259,942,1044,1502,561,504,2561,1861,680,3
353,1618,1262,942,1045,1503,562,503,2622,1859,679,3
354,1627,1268,943,1043,1504,561,505,2736,1861,680,3
355,1630,1242,942,1048,1503,561,506,2798,1860,682,3
356,1628,1272,942,1047,1504,561,506,2800,1862,681,3
357,1632,1260,944,1049,1502,560,504,2699,1863,681,3
358,1600,1254,944,1048,1502,560,506,2586,1863,681,3
359,1632,1267,942,1048,1503,559,507,2570,1864,681,3
360,1623,1258,943,1048,1496,561,508,2666,1864,682,3
361,1626,1262,943,1049,1504,569,507,2768,1864,682,3
362,1652,1262,942,1048,1504,560,508,2799,1864,682,3
363,1637,1262,944,1046,1502,562,506,2782,1865,680,3
364,1613,1259,943,1045,1506,561,509,2643,1866,681,3
365,1606,1256,943,1044,1503,561,506,2562,1866,681,3
366,1622,1260,942,1043,1504,561,508,2606,1866,682,3
367,1632,1265,944,1042,1505,562,506,2715,1866,681,3
368,1630,1259,942,1040,1503,562,507,2787,1867,682,3
369,1626,1268,941,1038,1504,561,507,2805,1867,682,3
370,1632,1258,943,1037,1502,564,507,2712,1862,682,3
371,1626,1261,944,1035,1504,562,506,2595,1867,683,3
372,1623,1256,942,1032,1503,562,506,2571,1869,682,3
373,1628,1272,941,1031,1505,560,507,2648,1868,682,3
374,1626,1268,943,1029,1505,560,506,2753,1869,681,3
375,1630,1270,944,1027,1504,562,506,2799,1869,682,3
376,1630,1262,943,1025,1501,562,504,2786,1870,681,3
377,1627,1256,941,1025,1502,561,506,2651,1870,682,3
378,1637,1259,942,1020,1501,560,508,2557,1871,682,3
379,1625,1268,942,1019,1502,561,505,2593,1871,682,3
380,1631,1272,944,1018,1504,562,505,2703,1870,682,3
381,1659,1264,945,1015,1504,563,505,2786,1870,682,3
382,1632,1259,944,1016,1502,562,502,2803,1871,682,3
383,1618,1258,941,1013,1502,560,504,2736,1872,684,3
384,1624,1282,942,1011,1501,560,503,2598,1872,681,3
385,1636,1260,941,1010,1502,560,504,2552,1872,682,3
386,1625,1249,943,1008,1502,561,501,2634,1871,681,3
387,1622,1255,943,1006,1502,560,501,2747,1871,681,3
388,1628,1258,942,1006,1502,560,501,2795,1871,681,3
389,1627,1259,942,1004,1500,560,504,2794,1873,681,3
390,1643,1257,944,1002,1503,561,501,2670,1872,680,3
391,1634,1260,943,1001,1505,561,502,2556,1872,680,3
392,1626,1253,944,1000,1501,562,500,2580,1873,681,3
393,1624,1251,942,1000,1502,560,500,2689,1873,681,3
394,1601,1257,942,999,1501,560,498,2776,1872,681,3
395,1628,1256,942,997,1502,560,500,2796,1872,682,3
396,1618,1258,941,994,1501,561,499,2742,1874,679,3
397,1591,1253,953,995,1504,560,497,2610,1872,680,3
398,1624,1254,942,993,1502,561,498,2546,1872,680,3
399,1621,1258,941,992,1502,560,498,2620,1874,680,3
400,1642,1260,942,992,1500,560,498,2731,1873,682,3
401,1621,1260,943,992,1501,560,497,2796,1873,681,3
402,1618,1256,942,988,1501,561,496,2795,1873,680,3
403,1627,1263,941,988,1502,562,499,2680,1873,681,3
404,1620,1258,941,987,1501,560,495,2563,1873,681,3
405,1624,1249,942,988,1501,560,498,2563,1874,680,3
406,1628,1258,942,986,1501,560,496,2666,1874,680,3
407,1622,1275,942,985,1510,561,495,2767,1872,678,3
408,1610,1259,940,984,1500,560,495,2799,1873,679,3
409,1614,1256,941,984,1501,560,494,2760,1874,681,3
410,1611,1256,942,982,1502,559,494,2618,1872,681,3
411,1622,1260,942,981,1503,560,495,2546,1872,681,3
412,1626,1260,942,980,1502,561,494,2599,1874,680,3
413,1626,1237,942,980,1502,560,493,2722,1873,680,3
414,1618,1260,941,979,1501,561,492,2785,1874,680,3
415,1633,1263,942,978,1501,561,495,2796,1872,680,3
416,1630,1259,942,976,1501,559,495,2694,1873,680,3
417,1626,1258,941,977,1499,560,492,2568,1872,680,3
418,1630,1258,942,976,1500,562,491,2550,1873,680,3
419,1621,1248,941,976,1500,559,491,2646,1874,679,3
420,1593,1256,950,974,1501,560,492,2754,1873,680,3
421,1626,1266,942,973,1501,559,490,2796,1874,680,3
422,1614,1256,942,973,1502,560,490,2769,1872,679,3
423,1624,1263,942,972,1502,559,490,2636,1872,679,3
424,1623,1273,942,973,1505,559,489,2543,1874,679,3
425,1621,1249,940,971,1498,560,491,2576,1873,678,3
426,1610,1255,941,971,1501,561,490,2702,1874,680,3
427,1644,1259,932,970,1500,560,491,2773,1872,678,3
428,1624,1259,941,970,1501,560,489,2799,1873,678,3
429,1626,1258,940,969,1500,560,489,2708,1874,679,3
430,1600,1254,940,968,1499,561,489,2582,1874,678,3
431,1632,1260,941,967,1499,561,488,2539,1872,678,3
432,1632,1258,942,968,1502,559,491,2631,1872,678,3
433,1654,1259,942,968,1501,561,488,2738,1872,678,3
434,1621,1272,940,966,1501,561,486,2785,1873,678,3
435,1615,1259,941,967,1499,559,488,2787,1874,678,3
436,1637,1258,942,965,1500,556,488,2642,1874,678,3
437,1623,1271,942,966,1502,561,487,2539,1872,678,3
438,1622,1264,942,966,1502,561,487,2570,1873,679,3
439,1616,1256,942,965,1499,562,487,2677,1872,678,3
440,1625,1259,942,966,1499,560,486,2765,1873,678,3
441,1596,1256,942,963,1499,560,489,2796,1872,680,3
442,1622,1259,941,964,1499,561,486,2735,1873,678,3
443,1618,1254,942,964,1502,561,481,2589,1874,678,3
444,1634,1256,941,961,1499,562,486,2532,1873,677,3
445,1627,1258,942,962,1499,560,487,2604,1874,677,3
446,1630,1259,942,966,1501,559,484,2728,1872,678,3
447,1588,1255,942,962,1502,560,488,2790,1872,678,3
448,1624,1259,942,962,1502,560,486,2793,1872,678,3
449,1622,1261,939,961,1500,562,485,2668,1872,678,3
450,1624,1260,942,961,1500,559,484,2552,1873,678,3
451,1620,1252,941,962,1501,559,487,2552,1874,678,3
452,1619,1250,940,961,1501,560,486,2658,1874,678,3
453,1640,1258,940,960,1499,560,485,2757,1873,677,3
454,1651,1258,941,960,1500,559,478,2790,1874,677,3
455,1619,1253,941,962,1499,559,487,2752,1874,676,3
456,1650,1264,941,958,1500,559,484,2606,1874,678,3
457,1618,1250,940,957,1500,559,485,2531,1874,677,3
458,1610,1254,942,960,1499,559,476,2584,1874,678,3
459,1619,1245,938,957,1492,562,485,2712,1874,677,3
460,1620,1259,940,956,1499,559,484,2781,1873,679,3
461,1620,1259,942,957,1500,561,485,2795,1873,678,3
462,1603,1255,940,958,1499,559,486,2694,1873,678,3
463,1601,1251,946,958,1502,559,484,2570,1873,678,3
464,1619,1268,940,955,1498,560,484,2539,1875,678,3
465,1632,1256,940,956,1499,551,486,2637,1875,679,3
466,1636,1258,941,956,1499,560,485,2744,1875,678,3
467,1621,1241,940,958,1499,560,485,2796,1875,676,3
468,1621,1262,940,957,1500,560,484,2776,1874,677,3
469,1586,1256,941,955,1499,560,483,2634,1875,679,3
470,1622,1254,941,957,1499,559,485,2533,1875,678,3
471,1630,1256,941,956,1499,560,486,2570,1874,678,3
472,1624,1238,940,958,1502,559,484,2699,1874,678,3
473,1618,1259,940,956,1499,560,484,2774,1875,676,3
474,1623,1268,939,956,1502,561,485,2790,1877,678,3
475,1658,1257,942,956,1500,558,487,2712,1875,679,3
476,1618,1258,940,956,1498,562,484,2578,1875,678,3
477,1629,1256,942,960,1502,560,486,2541,1875,678,3
478,1620,1274,940,955,1500,560,486,2616,1876,678,3
479,1619,1254,940,956,1500,560,486,2739,1878,679,3
480,1585,1258,941,954,1501,560,484,2790,1876,678,3
481,1624,1278,940,955,1500,560,486,2782,1876,678,3
482,1618,1250,942,955,1496,561,488,2651,1875,679,3
483,1619,1258,940,954,1500,560,484,2548,1876,678,3
484,1624,1254,940,955,1499,559,486,2561,1876,677,3
485,1622,1259,940,956,1499,561,487,2677,1877,678,3
486,1594,1256,942,953,1499,560,484,2763,1878,678,3
487,1642,1259,942,953,1500,559,482,2792,1876,678,3
488,1622,1262,939,954,1500,560,484,2742,1876,678,3
489,1624,1254,941,954,1499,559,486,2595,1878,677,3
490,1624,1262,941,954,1500,559,486,2538,1878,678,3
491,1626,1260,940,955,1500,558,485,2603,1878,676,3
492,1620,1254,940,954,1501,559,485,2729,1877,678,3
493,1616,1257,940,955,1499,566,485,2786,1877,678,3
494,1633,1256,941,955,1499,560,484,2789,1877,677,3
495,1602,1255,942,953,1500,560,491,2675,1878,678,3
496,1622,1254,940,954,1499,560,486,2552,1878,680,3
497,1618,1256,940,954,1498,568,485,2554,1878,678,3
498,1624,1253,940,954,1500,560,486,2654,1878,678,3
499,1620,1260,939,953,1498,562,484,2756,1878,677,3
500,1634,1256,940,954,1501,560,484,2789,1878,678,3
501,1622,1259,941,954,1500,560,487,2762,1878,678,3
502,1628,1256,938,953,1500,560,485,2614,1878,678,3
503,1620,1259,939,954,1500,560,484,2538,1878,677,3
504,1629,1258,941,952,1499,560,485,2580,1878,678,3
505,1627,1262,939,964,1500,560,485,2710,1879,678,3
506,1646,1255,941,952,1500,559,489,2774,1878,678,3
507,1625,1263,939,953,1502,559,485,2790,1877,676,3
508,1617,1252,940,953,1498,560,486,2694,1880,678,3
509,1619,1262,939,953,1499,559,487,2569,1879,677,3
510,1617,1254,939,952,1500,566,486,2544,1880,677,3
511,1624,1256,940,951,1499,560,486,2630,1878,678,3
512,1632,1259,939,953,1499,560,484,2746,1880,677,3
513,1647,1256,940,952,1500,560,485,2787,1877,677,3
514,1622,1272,939,950,1499,560,484,2777,1878,677,3
515,1613,1254,939,952,1499,560,485,2638,1879,677,3
516,1621,1264,940,951,1498,560,484,2536,1879,677,3
517,1627,1262,940,952,1500,560,485,2568,1878,678,3
518,1616,1249,940,952,1498,560,486,2694,1879,677,3
519,1624,1254,939,950,1499,560,483,2766,1879,677,3
520,1630,1260,939,962,1499,560,485,2797,1878,679,3
521,1619,1250,941,950,1501,560,484,2725,1878,678,3
522,1622,1254,939,951,1499,561,484,2583,1878,678,3
523,1617,1256,940,951,1499,561,484,2540,1878,676,3
524,1617,1250,940,951,1496,562,484,2618,1880,677,3
525,1626,1258,940,951,1499,558,484,2728,1879,677,3
526,1606,1253,941,950,1500,560,487,2790,1878,678,3
527,1622,1253,941,950,1500,559,484,2792,1878,677,3
528,1622,1252,939,951,1499,560,485,2652,1878,676,3
529,1625,1260,939,949,1499,561,483,2548,1880,676,3
530,1618,1258,939,950,1499,559,484,2560,1880,677,3
531,1634,1258,939,950,1499,561,480,2666,1880,677,3
532,1624,1252,940,950,1499,561,483,2760,1878,678,3
533,1622,1257,939,951,1498,559,482,2795,1879,677,3
534,1620,1246,940,950,1501,558,483,2747,1879,677,3
535,1640,1256,940,950,1499,560,488,2598,1880,677,3
536,1625,1260,939,947,1500,559,483,2528,1880,678,3
537,1610,1254,940,950,1499,559,485,2599,1878,678,3
538,1614,1254,939,939,1498,560,484,2712,1879,677,3
539,1626,1259,940,948,1500,559,483,2779,1879,678,3
540,1622,1252,940,949,1499,559,484,2787,1878,677,3
541,1615,1254,940,947,1498,560,484,2678,1879,676,3
542,1622,1262,940,948,1499,561,484,2560,1880,678,3
543,1623,1256,939,949,1499,560,483,2546,1878,677,3
544,1621,1254,939,950,1498,560,483,2646,1879,676,3
545,1626,1262,940,948,1499,560,482,2747,1878,677,3
546,1621,1260,941,947,1500,558,483,2792,1878,677,3
547,1623,1242,938,948,1500,560,483,2767,1878,677,3
548,1621,1254,939,949,1499,559,482,2616,1879,676,3
549,1621,1276,938,947,1498,561,483,2530,1879,677,3
550,1625,1259,941,947,1501,560,484,2574,1879,676,3
551,1624,1258,938,947,1499,560,483,2703,1882,677,3
552,1619,1239,940,948,1500,561,483,2779,1878,676,3
553,1629,1255,940,948,1499,561,483,2792,1878,676,3
554,1619,1255,938,946,1498,561,483,2699,1878,675,3
555,1622,1258,940,947,1499,560,483,2568,1880,677,3
556,1608,1254,939,947,1500,560,483,2541,1877,675,3
557,1616,1256,938,948,1499,560,484,2634,1878,676,3
558,1619,1253,939,948,1498,560,483,2746,1878,677,3
559,1651,1258,941,945,1499,559,483,2787,1878,674,3
560,1638,1257,932,946,1499,560,477,2774,1876,676,3
561,1620,1265,940,947,1499,560,482,2632,1877,676,3
562,1624,1262,936,948,1501,561,480,2538,1876,675,3
563,1616,1256,939,947,1500,559,479,2570,1876,676,3
564,1617,1258,939,945,1498,562,479,2686,1877,675,3
565,1622,1262,940,946,1499,560,481,2770,1877,676,3
566,1610,1251,940,939,1499,562,482,2791,1877,674,3
567,1642,1254,938,945,1499,561,482,2718,1875,674,3
568,1621,1254,938,944,1498,560,478,2578,1875,674,3
569,1619,1250,939,943,1498,561,479,2528,1876,675,3
570,1622,1278,940,943,1498,561,479,2608,1876,674,3
571,1595,1254,940,942,1498,560,478,2729,1875,675,3
572,1602,1254,938,943,1498,562,480,2790,1874,674,3
573,1618,1258,939,944,1499,561,478,2790,1875,675,3
574,1620,1260,938,944,1499,559,479,2654,1876,675,3
575,1618,1260,940,942,1499,560,480,2542,1874,674,3
576,1610,1250,939,939,1499,561,478,2548,1874,673,3
577,1615,1251,940,946,1500,560,480,2664,1874,674,3
578,1619,1251,938,943,1499,561,479,2758,1874,673,3
579,1624,1254,938,942,1498,562,477,2790,1874,674,3
580,1621,1254,940,942,1499,552,478,2738,1875,675,3
581,1621,1266,939,941,1498,561,478,2588,1875,674,3
582,1622,1269,939,943,1498,561,478,2524,1873,674,3
583,1587,1254,937,943,1498,560,475,2594,1874,674,3
584,1627,1256,938,951,1498,561,477,2718,1874,675,3
585,1627,1258,939,942,1499,560,477,2774,1874,674,3
586,1612,1255,938,941,1499,560,477,2790,1874,674,3
587,1607,1253,938,941,1499,561,478,2675,1872,674,3
588,1618,1259,937,942,1498,560,476,2550,1879,674,3
589,1618,1256,937,942,1498,560,475,2542,1874,675,3
590,1616,1254,940,939,1499,567,476,2644,1874,674,3
591,1622,1238,940,939,1499,561,475,2749,1873,673,3
592,1618,1259,939,940,1500,560,476,2792,1871,673,3
593,1618,1250,940,940,1496,560,476,2762,1871,673,3
594,1619,1244,937,939,1499,562,476,2611,1872,671,3
595,1619,1258,940,938,1499,561,476,2525,1872,674,3
596,1618,1250,938,939,1497,560,475,2570,1871,674,3
597,1620,1242,940,940,1501,560,474,2703,1871,674,3
598,1616,1251,940,941,1498,560,476,2767,1871,673,3
599,1615,1246,938,938,1491,560,474,2792,1871,673,3
600,1620,1240,940,939,1499,559,476,2694,1870,673,3
601,1614,1250,939,937,1498,560,475,2565,1871,672,3
602,1621,1241,938,938,1499,559,474,2534,1870,672,3
603,1611,1251,938,939,1499,561,475,2630,1869,672,3
604,1620,1244,939,938,1501,560,474,2740,1871,673,3
605,1620,1259,938,938,1498,561,475,2788,1870,672,3
606,1615,1243,939,939,1500,561,474,2776,1869,671,3
607,1620,1257,938,938,1499,561,474,2633,1870,672,3
608,1614,1243,938,938,1500,561,473,2532,1870,672,3
609,1622,1259,939,937,1498,559,474,2563,1870,672,3
610,1616,1254,940,935,1499,559,474,2681,1868,673,3
611,1622,1258,938,936,1499,560,474,2766,1872,674,3
612,1613,1253,938,937,1498,561,474,2792,1869,672,3
613,1622,1256,939,936,1498,560,473,2718,1868,673,3
614,1606,1253,939,937,1499,560,474,2576,1870,671,3
615,1626,1257,940,935,1499,560,473,2518,1868,673,3
616,1602,1254,937,935,1498,560,471,2603,1868,673,3
617,1622,1262,938,935,1500,559,471,2720,1867,671,3
618,1635,1258,937,937,1499,562,472,2787,1867,672,3
619,1619,1266,938,934,1498,561,472,2781,1868,672,3
620,1620,1251,940,934,1499,560,474,2643,1866,672,3
621,1622,1250,938,934,1499,560,472,2531,1865,672,3
622,1625,1255,938,934,1499,561,471,2546,1868,669,3
623,1621,1251,938,936,1500,562,471,2658,1866,671,3
624,1640,1258,937,934,1497,562,472,2754,1867,669,3
625,1618,1246,938,936,1499,561,472,2793,1866,671,3
626,1618,1248,940,933,1498,561,473,2742,1866,670,3
627,1618,1259,938,936,1499,561,472,2592,1866,670,3
628,1621,1239,939,934,1499,560,471,2523,1867,669,3
629,1614,1256,937,933,1498,566,471,2586,1866,670,3
630,1627,1258,938,942,1498,560,472,2714,1866,671,3
631,1596,1252,938,933,1499,561,470,2780,1864,666,3
632,1619,1263,938,934,1498,561,470,2784,1864,670,3
633,1625,1262,937,934,1502,562,470,2668,1865,670,3
634,1624,1253,938,932,1497,562,473,2543,1866,670,3
635,1640,1256,938,931,1498,560,470,2532,1866,670,3
636,1634,1258,940,932,1498,561,472,2636,1865,670,3
637,1615,1246,938,934,1500,560,470,2750,1864,669,3
638,1615,1251,938,931,1496,559,472,2792,1864,670,3
639,1620,1260,938,934,1498,560,471,2760,1864,670,3
640,1593,1252,938,932,1498,560,470,2607,1864,670,3
641,1603,1250,939,933,1499,559,470,2519,1864,672,3
642,1619,1267,938,931,1499,561,470,2566,1864,670,3
643,1622,1266,938,931,1498,561,470,2694,1862,670,3
644,1622,1253,938,933,1498,562,471,2767,1864,669,3
645,1613,1253,939,931,1498,560,471,2793,1864,669,3
646,1613,1250,938,930,1498,562,471,2697,1863,670,3
647,1617,1256,938,932,1497,562,469,2562,1862,668,3
648,1619,1256,938,932,1498,560,468,2530,1863,670,3
649,1597,1252,938,932,1499,560,469,2619,1864,670,3
650,1618,1268,938,932,1498,561,469,2734,1862,670,3
651,1620,1278,938,930,1498,560,469,2782,1862,669,3
652,1630,1256,930,932,1497,560,463,2770,1862,669,3
653,1633,1257,930,932,1498,561,470,2626,1862,670,3
654,1616,1240,937,931,1498,562,468,2525,1862,668,3
655,1608,1255,936,931,1499,559,469,2555,1862,669,3
656,1608,1254,937,930,1499,561,470,2677,1861,670,3
657,1623,1264,938,931,1498,561,468,2759,1861,668,3
658,1621,1263,938,931,1499,561,467,2788,1860,670,3
659,1623,1256,936,931,1498,562,468,2712,1862,668,3
660,1618,1244,939,927,1500,561,470,2574,1862,670,3
661,1616,1240,938,931,1499,560,469,2523,1860,669,3
662,1611,1254,938,930,1498,561,470,2603,1860,668,3
663,1604,1252,947,930,1498,560,476,2728,1861,668,3
664,1618,1270,938,930,1499,561,467,2779,1862,669,3
665,1634,1255,939,929,1498,562,470,2779,1860,668,3
666,1637,1252,938,928,1499,561,469,2643,1860,668,3
667,1620,1255,938,930,1499,560,468,2535,1859,668,3
668,1616,1255,938,929,1498,560,467,2544,1860,668,3
669,1630,1256,938,930,1498,561,467,2654,1860,668,3
670,1621,1254,938,930,1498,560,469,2752,1860,669,3
671,1619,1252,939,927,1498,554,469,2783,1860,669,3
672,1615,1243,937,930,1488,562,467,2742,1860,667,3
673,1618,1242,937,931,1498,560,467,2590,1859,668,3
674,1603,1254,940,929,1498,562,473,2520,1860,668,3
675,1619,1281,937,930,1498,562,463,2575,1860,668,3
676,1618,1251,938,927,1498,562,467,2707,1858,667,3
677,1622,1253,936,920,1498,561,468,2782,1858,668,3
678,1614,1246,939,930,1496,561,466,2790,1858,668,3
679,1611,1254,938,927,1497,561,467,2671,1859,668,3
680,1617,1264,939,930,1498,561,466,2541,1858,668,3
681,1618,1250,938,928,1498,561,467,2528,1859,668,3
682,1650,1254,936,928,1498,561,467,2633,1858,668,3
683,1617,1249,936,929,1498,562,467,2749,1858,668,3
684,1614,1256,935,929,1498,562,466,2788,1858,667,3
685,1622,1266,937,928,1499,560,467,2758,1858,668,3
686,1618,1252,937,928,1499,561,468,2613,1858,669,3
687,1628,1252,938,921,1499,562,466,2534,1856,667,3
688,1616,1245,936,928,1491,561,465,2581,1858,668,3
689,1610,1252,936,926,1497,562,467,2702,1858,668,3
690,1622,1255,936,928,1497,561,466,2768,1856,668,3
691,1618,1253,938,926,1498,561,465,2787,1858,667,3
692,1614,1244,937,928,1492,561,466,2702,1856,667,3
693,1617,1235,936,929,1498,561,466,2564,1856,668,3
694,1591,1252,937,928,1498,562,466,2530,1857,667,3
695,1619,1253,937,925,1498,562,466,2612,1856,667,3
696,1627,1253,936,926,1499,561,466,2730,1854,666,3
697,1618,1261,936,925,1499,561,467,2788,1856,668,3
698,1616,1257,937,926,1498,560,466,2779,1856,668,3
699,1620,1260,937,924,1496,562,464,2626,1856,666,3
700,1630,1252,939,926,1497,560,467,2520,1856,668,3
701,1611,1251,937,925,1498,560,466,2554,1856,667,3
702,1612,1251,938,926,1496,561,466,2672,1854,668,3
703,1593,1251,937,925,1497,561,466,2762,1854,668,3
704,1620,1253,937,926,1498,560,465,2787,1853,666,3
705,1615,1244,938,928,1498,560,466,2726,1856,668,3
706,1615,1256,936,925,1498,561,466,2577,1859,669,3
707,1623,1257,938,925,1498,561,466,2513,1853,667,3
708,1616,1264,936,926,1498,560,464,2590,1852,666,3
709,1626,1250,937,922,1496,560,466,2722,1854,667,3
710,1612,1253,938,925,1498,560,466,2780,1851,668,3
711,1600,1254,937,923,1498,560,465,2786,1854,668,3
712,1619,1253,938,925,1498,561,466,2651,1853,666,3
713,1633,1254,937,924,1499,562,465,2534,1853,666,3
714,1615,1256,935,924,1499,562,465,2539,1854,666,3
715,1622,1259,937,924,1496,561,464,2645,1853,667,3
716,1622,1249,936,925,1498,562,464,2746,1852,667,3
717,1615,1247,937,925,1492,561,465,2792,1853,666,3
718,1620,1255,938,924,1498,561,465,2748,1851,667,3
719,1621,1260,935,924,1499,562,463,2588,1852,666,3
720,1630,1254,931,923,1498,561,467,2513,1852,667,3
