Count,S1,S2,S3,S4,S5,S6,S7,S8,S9,S10,Flag
1,1850,1489,1074,915,1895,659,488,2786,1996,709,0
2,1840,1499,1076,916,1896,660,490,2723,1997,710,0
3,1848,1496,1074,916,1896,659,487,2562,1998,711,0
4,1857,1505,1073,914,1893,660,489,2537,1996,708,0
5,1854,1506,1073,916,1894,659,488,2673,1995,710,0
6,1864,1502,1074,918,1896,659,484,2757,1995,710,0
7,1852,1508,1072,916,1896,658,488,2780,1995,709,0
8,1854,1505,1074,915,1894,660,489,2666,1995,710,0
9,1856,1487,1073,915,1894,659,487,2529,1996,708,0
10,1842,1499,1073,916,1895,659,495,2570,1995,710,0
11,1851,1497,1074,915,1896,660,487,2716,1996,708,0
12,1854,1506,1073,915,1893,658,488,2774,1995,710,0
13,1856,1524,1074,917,1892,660,487,2766,1996,709,0
14,1849,1508,1073,918,1896,659,488,2616,1996,709,0
15,1859,1502,1073,915,1896,661,488,2532,1994,710,0
16,1851,1486,1073,915,1895,659,488,2595,1995,710,0
17,1850,1520,1073,915,1894,659,489,2722,1996,710,0
18,1854,1486,1073,917,1895,660,488,2774,1996,710,0
19,1856,1518,1073,918,1895,659,488,2760,1994,710,0
20,1850,1478,1073,915,1894,660,487,2609,1994,708,0
21,1862,1504,1074,917,1894,660,488,2534,1994,708,1
22,1850,1507,1072,918,1897,661,487,2604,1994,708,1
23,1850,1495,1072,916,1891,660,487,2727,1994,707,1
24,1850,1490,1071,916,1894,659,489,2778,1994,707,1
25,1848,1499,1071,915,1894,659,490,2775,1994,710,1
26,1851,1498,1073,915,1894,660,488,2650,1994,708,1
27,1878,1502,1072,917,1894,660,488,2546,1994,710,1
28,1843,1500,1071,918,1894,659,488,2543,1994,708,1
29,1850,1498,1072,916,1895,659,487,2658,1994,709,1
30,1861,1502,1065,916,1894,659,488,2755,1994,708,1
31,1849,1506,1073,917,1894,660,488,2786,1994,709,1
32,1841,1501,1073,916,1894,659,487,2735,1993,708,1
33,1851,1498,1073,917,1895,659,486,2602,1994,709,1
34,1844,1493,1073,916,1894,659,487,2530,1994,709,1
35,1849,1507,1073,916,1895,659,488,2582,1995,708,1
36,1858,1501,1074,915,1894,660,486,2702,1993,708,1
37,1856,1508,1074,911,1892,660,489,2776,1992,707,1
38,1864,1502,1073,916,1893,659,488,2789,1994,708,1
39,1848,1507,1073,915,1894,659,486,2676,1993,707,1
40,1851,1500,1072,916,1895,659,488,2558,1994,708,1
41,1854,1508,1072,916,1894,660,489,2536,1992,708,1
42,1853,1515,1074,917,1892,660,490,2636,1993,707,1
43,1867,1501,1072,918,1894,657,488,2743,1992,707,1
44,1849,1505,1072,916,1902,658,488,2784,1994,707,1
45,1851,1505,1073,916,1894,659,488,2763,1993,706,1
46,1856,1502,1072,916,1894,661,490,2618,1992,708,1
47,1858,1510,1074,916,1894,660,489,2528,1991,708,1
48,1854,1499,1074,917,1893,659,487,2573,1992,708,1
49,1848,1492,1073,923,1894,659,486,2679,1994,708,1
50,1851,1486,1072,917,1894,659,488,2761,1992,707,1
51,1838,1499,1076,915,1892,660,490,2786,1994,707,1
52,1834,1498,1072,917,1894,656,489,2709,1992,708,1
53,1852,1494,1073,918,1893,659,489,2582,1993,708,1
54,1864,1500,1073,918,1894,658,488,2536,1994,705,1
55,1870,1501,1073,917,1894,668,489,2611,1994,708,1
56,1856,1505,1074,917,1894,660,487,2717,1994,706,1
57,1852,1504,1072,918,1896,660,489,2776,1994,706,1
58,1838,1497,1072,918,1892,658,489,2766,1994,707,1
59,1849,1516,1074,917,1894,661,490,2646,1995,708,1
60,1850,1518,1073,917,1894,659,488,2547,1995,707,1
61,1859,1499,1072,918,1894,660,488,2568,1994,707,1
62,1859,1501,1074,917,1894,659,489,2667,1995,707,1
63,1850,1492,1072,918,1893,660,490,2759,1994,708,1
64,1848,1502,1071,915,1894,659,488,2789,1995,706,1
65,1849,1500,1073,918,1893,659,490,2738,1995,707,1
66,1862,1501,1074,919,1892,662,482,2598,1995,706,1
67,1858,1500,1071,919,1894,658,487,2529,1994,707,1
68,1860,1500,1072,918,1891,660,484,2586,1995,706,1
69,1867,1499,1073,915,1893,662,490,2712,1994,707,1
70,1863,1502,1073,917,1894,659,490,2776,1995,707,1
71,1854,1490,1072,918,1892,660,490,2788,1995,708,1
72,1848,1491,1072,918,1891,660,490,2680,1995,707,1
73,1850,1499,1072,918,1891,659,490,2562,1994,706,1
74,1866,1502,1070,918,1894,659,488,2544,1997,707,1
75,1825,1496,1071,917,1892,658,490,2637,1996,707,1
76,1854,1522,1072,918,1892,660,491,2746,1995,708,1
77,1852,1511,1071,918,1891,658,491,2792,1995,707,1
78,1852,1500,1071,918,1894,658,490,2762,1996,707,1
79,1850,1497,1072,918,1893,659,494,2624,1995,706,1
80,1885,1503,1073,917,1892,659,490,2539,1995,706,1
81,1852,1506,1071,918,1894,660,491,2571,1998,707,1
82,1854,1486,1072,917,1892,660,491,2682,1995,707,1
83,1848,1499,1072,919,1890,660,489,2766,1995,706,1
84,1858,1498,1071,918,1892,659,487,2786,1996,707,1
85,1821,1501,1072,917,1892,659,492,2699,1995,708,1
86,1853,1518,1072,918,1892,658,492,2576,1997,707,1
87,1853,1507,1072,920,1891,659,491,2536,1998,707,1
88,1851,1499,1074,918,1891,658,491,2616,1998,705,1
89,1887,1502,1071,917,1894,659,491,2735,1997,706,1
90,1869,1500,1071,918,1894,659,490,2788,1996,708,1
91,1850,1490,1071,917,1892,659,492,2776,1997,707,1
92,1848,1495,1073,918,1891,659,490,2642,1998,707,1
93,1856,1502,1074,918,1890,660,490,2542,1997,706,1
94,1837,1498,1072,917,1892,660,491,2560,1999,707,1
95,1844,1499,1072,918,1892,659,491,2670,1997,707,1
96,1858,1504,1072,917,1893,660,494,2755,1997,707,1
97,1865,1501,1071,917,1893,661,491,2787,1997,708,1
98,1853,1523,1072,920,1890,660,491,2731,1998,706,1
99,1852,1500,1072,918,1892,659,491,2592,2000,707,1
100,1849,1481,1071,918,1894,659,490,2531,1998,708,1
101,1850,1500,1071,919,1891,660,490,2594,1993,706,1
102,1856,1502,1073,918,1892,660,491,2712,1998,706,1
103,1830,1497,1070,918,1891,661,492,2775,1998,708,1
104,1858,1510,1070,915,1891,660,493,2782,1997,707,1
105,1857,1504,1073,918,1891,659,492,2664,1998,708,1
106,1851,1498,1071,918,1891,660,490,2560,1998,707,1
107,1856,1509,1072,918,1891,659,490,2552,1999,707,1
108,1856,1499,1072,918,1891,660,491,2650,1999,708,1
109,1849,1501,1073,917,1892,659,494,2754,1998,707,1
110,1875,1501,1070,918,1893,662,491,2791,1998,707,1
111,1848,1490,1071,918,1892,659,491,2754,1998,707,1
112,1847,1493,1073,920,1890,660,490,2611,1999,700,1
113,1849,1503,1070,919,1890,659,491,2531,1998,708,1
114,1842,1501,1072,918,1891,661,491,2582,2000,707,1
115,1853,1503,1071,918,1890,659,491,2702,1999,707,1
116,1865,1500,1072,919,1890,660,490,2769,2000,707,1
117,1836,1499,1071,918,1890,661,491,2786,1999,706,1
118,1852,1506,1072,918,1892,659,492,2686,1998,707,1
119,1852,1498,1072,918,1891,659,491,2572,1998,707,1
120,1850,1495,1070,918,1886,658,491,2546,1999,707,1
121,1856,1497,1072,918,1890,659,490,2637,1999,706,2
122,1866,1508,1076,922,1898,661,492,2741,1998,707,2
123,1866,1507,1074,922,1895,658,491,2788,1999,706,2
124,1863,1507,1075,920,1894,660,492,2768,1998,706,2
125,1866,1505,1074,919,1896,661,491,2627,1999,707,2
126,1862,1506,1075,919,1896,661,490,2536,1998,706,2
127,1864,1506,1074,917,1895,661,491,2573,1998,708,2
128,1862,1505,1074,918,1895,662,491,2688,1997,708,2
129,1862,1508,1074,915,1896,661,491,2765,1999,707,2
130,1862,1510,1075,915,1896,662,490,2790,1998,708,2
131,1862,1507,1076,915,1896,662,490,2706,1998,708,2
132,1864,1506,1074,915,1896,663,489,2574,1998,710,2
133,1866,1510,1074,915,1896,662,490,2535,1998,709,2
134,1863,1505,1075,915,1896,661,488,2616,1997,708,2
135,1864,1507,1074,915,1896,662,488,2730,1995,708,2
136,1863,1505,1076,914,1896,662,488,2782,1996,709,2
137,1864,1507,1075,914,1895,662,489,2774,1997,707,2
138,1866,1508,1075,914,1896,663,488,2638,1995,709,2
139,1861,1506,1074,914,1896,661,488,2539,1995,708,2
140,1866,1506,1074,912,1896,661,487,2562,1996,709,2
141,1862,1504,1076,912,1896,662,488,2667,1995,708,2
142,1866,1506,1076,912,1896,662,487,2758,1994,707,2
143,1863,1507,1074,912,1895,663,486,2790,1994,708,2
144,1863,1507,1075,912,1898,661,486,2718,1994,710,2
145,1864,1504,1074,912,1898,661,485,2583,1993,708,2
146,1864,1506,1076,910,1896,662,486,2526,1993,710,2
147,1863,1506,1074,911,1896,663,485,2598,1993,710,2
148,1866,1507,1075,910,1896,662,486,2719,1992,709,2
149,1862,1506,1075,910,1897,661,484,2779,1991,710,2
150,1866,1506,1075,910,1896,662,485,2779,1990,708,2
151,1865,1507,1075,910,1897,663,483,2648,1991,708,2
152,1864,1505,1076,910,1896,664,484,2540,1991,708,2
153,1864,1507,1073,909,1896,663,484,2546,1990,709,2
154,1866,1505,1074,910,1896,660,484,2652,1991,710,2
155,1867,1508,1074,909,1896,661,482,2752,1990,707,2
156,1867,1510,1074,910,1898,663,482,2786,1988,709,2
157,1866,1506,1077,907,1896,662,482,2731,1987,710,2
158,1864,1506,1074,910,1896,663,482,2587,1989,709,2
159,1866,1505,1074,908,1898,662,482,2522,1989,709,2
160,1863,1506,1075,910,1896,660,481,2583,1989,709,2
161,1866,1507,1075,907,1895,664,479,2706,1987,708,2
162,1864,1506,1076,907,1898,662,482,2772,1986,709,2
163,1864,1507,1073,909,1896,661,481,2783,1986,710,2
164,1866,1507,1074,908,1895,661,481,2666,1987,709,2
165,1864,1508,1075,908,1896,663,481,2546,1986,708,2
166,1866,1507,1075,907,1896,663,480,2534,1985,709,2
167,1867,1510,1074,910,1896,663,480,2635,1984,708,2
168,1864,1506,1074,909,1896,664,478,2743,1985,708,2
169,1866,1505,1074,910,1897,663,479,2786,1985,707,2
170,1866,1505,1074,907,1896,663,478,2747,1984,708,2
171,1861,1506,1075,908,1897,663,478,2603,1981,707,2
172,1867,1507,1076,908,1896,662,480,2519,1981,707,2
173,1864,1502,1075,910,1894,662,477,2571,1981,708,2
174,1862,1507,1075,910,1897,662,478,2689,1982,708,2
175,1866,1509,1075,908,1896,663,478,2768,1979,708,2
176,1866,1506,1074,907,1897,663,476,2786,1979,709,2
177,1866,1507,1074,908,1896,664,477,2682,1979,707,2
178,1864,1507,1074,909,1895,663,477,2555,1979,708,2
179,1863,1505,1073,910,1897,663,477,2526,1979,708,2
180,1866,1506,1075,908,1898,661,477,2618,1979,707,2
181,1866,1508,1074,908,1897,662,476,2731,1978,708,2
182,1866,1507,1074,910,1896,663,477,2785,1978,708,2
183,1864,1506,1075,910,1896,662,476,2763,1978,708,2
184,1866,1506,1075,907,1897,661,476,2616,1976,708,2
185,1866,1507,1074,908,1896,661,478,2522,1978,708,2
186,1864,1504,1075,909,1896,663,477,2557,1975,707,2
187,1866,1507,1075,910,1895,664,477,2675,1977,706,2
188,1864,1503,1076,910,1896,662,476,2760,1976,707,2
189,1866,1508,1073,908,1898,663,477,2787,1976,707,2
190,1864,1510,1074,909,1897,663,476,2702,1977,708,2
191,1867,1508,1074,910,1897,664,475,2568,1975,708,2
192,1865,1505,1075,910,1896,664,475,2520,1974,707,2
193,1866,1506,1074,911,1896,662,475,2602,1976,707,2
194,1865,1507,1075,910,1898,661,476,2722,1974,708,2
195,1865,1508,1075,912,1898,662,475,2780,1974,708,2
196,1867,1507,1075,910,1896,664,475,2770,1974,707,2
197,1864,1507,1074,911,1896,663,475,2634,1974,708,2
198,1867,1507,1075,911,1896,662,476,2530,1974,709,2
199,1862,1504,1075,912,1897,662,477,2546,1974,707,2
200,1866,1505,1074,909,1897,662,476,2657,1972,708,2
201,1866,1508,1074,912,1898,662,476,2753,1972,708,2
202,1866,1506,1076,913,1896,662,476,2786,1971,708,2
203,1862,1503,1076,912,1896,663,475,2723,1973,707,2
204,1867,1506,1075,911,1897,663,474,2580,1972,708,2
205,1866,1505,1075,911,1896,662,475,2517,1974,707,2
206,1865,1504,1075,913,1896,664,475,2584,1973,706,2
207,1868,1510,1075,912,1896,664,474,2708,1971,706,2
208,1863,1505,1074,914,1897,661,476,2772,1971,708,2
209,1865,1507,1074,913,1898,662,474,2779,1970,708,2
210,1866,1506,1075,914,1896,663,475,2659,1970,708,2
211,1870,1506,1074,914,1897,664,474,2540,1970,707,2
212,1867,1502,1075,915,1896,664,475,2536,1971,706,2
213,1866,1507,1075,914,1895,664,475,2639,1970,706,2
214,1864,1504,1075,914,1897,662,475,2743,1970,707,2
215,1865,1508,1073,915,1896,662,476,2786,1971,707,2
216,1867,1505,1075,915,1896,663,474,2742,1970,706,2
217,1865,1504,1075,916,1896,664,474,2597,1969,708,2
218,1866,1507,1075,915,1896,662,476,2518,1970,709,2
219,1863,1505,1074,917,1896,661,477,2570,1969,708,2
220,1866,1507,1076,918,1896,664,476,2695,1970,707,2
221,1864,1506,1076,915,1897,663,476,2767,1968,708,2
222,1867,1507,1074,917,1896,663,475,2785,1969,708,2
223,1868,1505,1075,918,1894,663,477,2681,1969,708,2
224,1864,1506,1075,918,1896,663,474,2554,1968,708,2
225,1865,1506,1074,918,1898,663,475,2530,1966,708,2
226,1864,1507,1076,918,1896,662,478,2621,1968,708,2
227,1867,1507,1075,919,1895,663,477,2734,1968,707,2
228,1866,1507,1076,920,1895,664,476,2786,1969,708,2
229,1863,1508,1075,920,1896,662,477,2763,1968,707,2
230,1867,1507,1074,919,1896,661,474,2616,1970,707,2
231,1865,1508,1074,920,1894,664,478,2525,1968,706,2
232,1866,1507,1076,920,1896,662,476,2560,1967,709,2
233,1864,1507,1074,921,1895,663,475,2677,1967,706,2
234,1867,1507,1075,921,1897,662,476,2758,1967,708,2
235,1867,1508,1075,920,1896,661,476,2787,1968,707,2
236,1868,1509,1074,921,1896,662,476,2704,1967,707,2
237,1866,1508,1077,921,1898,662,477,2568,1968,707,2
238,1864,1506,1074,922,1894,662,477,2525,1967,707,2
239,1867,1508,1075,921,1896,662,478,2605,1966,708,2
240,1867,1507,1075,921,1896,662,477,2722,1968,707,2
241,1866,1509,1075,922,1896,664,477,2779,1966,707,2
242,1868,1510,1075,923,1895,662,480,2773,1967,709,2
243,1864,1506,1076,924,1895,663,477,2642,1967,708,2
244,1866,1507,1074,922,1896,662,477,2536,1967,707,2
245,1868,1505,1074,923,1896,662,477,2547,1967,707,2
246,1866,1507,1074,924,1895,662,477,2659,1966,708,2
247,1870,1510,1077,923,1896,662,476,2753,1966,708,2
248,1864,1507,1075,925,1896,661,477,2786,1968,708,2
249,1864,1508,1074,925,1896,660,479,2727,1967,707,2
250,1866,1508,1075,926,1896,663,477,2588,1966,707,2
251,1865,1507,1076,924,1896,662,480,2520,1965,708,2
252,1866,1506,1074,926,1896,662,480,2585,1966,709,2
253,1868,1510,1074,926,1896,662,478,2708,1966,708,2
254,1865,1507,1075,926,1896,662,478,2775,1965,708,2
255,1867,1506,1075,928,1896,661,480,2783,1966,708,2
256,1865,1504,1076,927,1898,662,480,2664,1966,708,2
257,1866,1507,1075,929,1896,662,480,2547,1965,709,2
258,1868,1507,1076,930,1894,662,478,2539,1966,708,2
259,1862,1508,1075,930,1897,661,479,2640,1966,707,2
260,1866,1510,1074,928,1896,660,480,2745,1966,707,2
261,1866,1504,1076,929,1896,662,481,2786,1966,708,2
262,1866,1506,1075,930,1896,661,479,2750,1966,709,2
263,1870,1506,1075,932,1896,662,481,2608,1966,708,2
264,1864,1506,1076,933,1896,661,481,2526,1966,708,2
265,1866,1508,1075,932,1896,661,480,2574,1966,708,2
266,1870,1510,1075,932,1898,661,480,2694,1965,708,2
267,1868,1508,1075,932,1896,661,479,2766,1966,709,2
268,1869,1509,1074,932,1894,662,480,2790,1965,707,2
269,1865,1507,1076,933,1896,661,482,2691,1966,708,2
270,1867,1507,1076,932,1897,660,482,2565,1966,708,2
271,1870,1506,1076,934,1896,661,481,2531,1966,709,2
272,1867,1506,1078,934,1896,662,479,2619,1966,708,2
273,1866,1508,1074,935,1895,660,482,2731,1965,709,2
274,1867,1508,1074,934,1896,662,482,2786,1966,709,2
275,1867,1508,1075,934,1896,661,482,2770,1966,709,2
276,1868,1507,1075,935,1896,662,482,2628,1966,709,2
277,1868,1506,1075,936,1896,664,482,2533,1966,710,2
278,1866,1508,1075,936,1895,662,483,2562,1966,708,2
279,1870,1510,1075,936,1896,660,482,2674,1967,709,2
280,1866,1507,1074,937,1896,660,482,2761,1966,709,2
281,1866,1504,1077,937,1896,662,483,2790,1964,709,2
282,1868,1508,1075,937,1895,662,482,2716,1963,708,2
283,1866,1507,1076,938,1896,662,482,2579,1966,708,2
284,1862,1507,1076,939,1896,663,485,2530,1966,710,2
285,1866,1508,1074,939,1896,662,484,2601,1966,711,2
286,1865,1506,1077,938,1895,662,483,2718,1965,711,2
287,1866,1508,1075,939,1896,662,483,2779,1965,709,2
288,1867,1509,1076,940,1894,662,485,2782,1965,709,2
289,1864,1508,1075,942,1896,661,483,2654,1967,710,2
290,1867,1508,1076,940,1896,661,486,2547,1966,709,2
291,1866,1507,1076,941,1896,662,484,2549,1966,710,2
292,1867,1508,1076,941,1896,662,484,2653,1965,708,2
293,1866,1508,1075,942,1895,662,485,2754,1966,709,2
294,1867,1508,1075,942,1896,662,485,2790,1967,710,2
295,1869,1509,1077,942,1898,662,484,2742,1966,710,2
296,1868,1510,1076,943,1896,662,484,2602,1966,710,2
297,1866,1509,1075,943,1895,662,485,2530,1966,708,2
298,1866,1509,1075,944,1896,662,486,2586,1967,710,2
299,1870,1509,1075,944,1896,661,485,2708,1966,710,2
300,1867,1509,1076,944,1896,662,486,2775,1967,709,2
301,1866,1509,1078,946,1895,662,486,2787,1966,708,2
302,1864,1510,1077,945,1896,662,485,2681,1967,710,2
303,1870,1510,1076,946,1896,660,487,2562,1966,710,2
304,1866,1509,1074,946,1896,660,487,2542,1968,711,2
305,1866,1510,1078,948,1896,661,486,2636,1966,709,2
306,1870,1508,1076,947,1894,662,486,2742,1967,712,2
307,1865,1508,1076,948,1894,660,487,2788,1966,711,2
308,1869,1509,1078,947,1894,661,487,2766,1967,710,2
309,1867,1509,1075,948,1896,662,488,2622,1967,710,2
310,1866,1508,1075,948,1896,661,488,2536,1968,711,2
311,1866,1505,1078,950,1893,662,488,2574,1967,710,2
312,1870,1506,1076,949,1894,662,487,2688,1967,710,2
313,1866,1509,1075,952,1894,660,489,2766,1968,710,2
314,1865,1511,1076,949,1896,661,490,2792,1968,712,2
315,1866,1509,1078,950,1896,662,490,2709,1967,712,2
316,1867,1507,1077,949,1895,662,488,2577,1969,712,2
317,1868,1507,1077,952,1895,662,489,2536,1968,710,2
318,1866,1510,1076,952,1894,661,490,2614,1967,711,2
319,1866,1508,1075,952,1896,662,490,2730,1968,711,2
320,1868,1510,1077,954,1896,662,489,2786,1967,711,2
321,1871,1510,1077,953,1897,660,488,2780,1967,712,3
322,1883,1500,1072,950,1888,661,489,2647,1967,710,3
323,1856,1505,1074,951,1889,661,486,2541,1968,710,3
324,1839,1499,1072,954,1890,661,490,2556,1968,712,3
325,1863,1499,1072,958,1890,659,490,2668,1968,710,3
326,1885,1504,1074,958,1890,659,490,2756,1966,711,3
327,1856,1490,1074,961,1891,659,491,2790,1967,710,3
328,1858,1499,1074,963,1890,659,490,2731,1968,711,3
329,1857,1493,1074,963,1890,660,494,2594,1968,712,3
330,1840,1505,1073,970,1890,659,492,2538,1970,711,3
331,1854,1499,1074,969,1881,658,488,2595,1968,712,3
332,1860,1522,1073,972,1890,659,492,2721,1968,711,3
333,1867,1502,1073,964,1890,652,493,2777,1970,711,3
334,1853,1489,1073,974,1890,657,494,2785,1971,712,3
335,1861,1502,1073,973,1891,660,496,2682,1970,712,3
336,1859,1490,1075,976,1890,659,494,2568,1971,711,3
337,1870,1502,1073,978,1886,658,494,2552,1971,712,3
338,1872,1504,1074,977,1892,659,502,2653,1971,712,3
339,1853,1498,1074,978,1890,658,496,2750,1970,714,3
340,1856,1510,1073,978,1890,659,496,2795,1971,712,3
341,1860,1507,1074,978,1891,659,496,2762,1970,712,3
342,1859,1492,1074,979,1888,659,496,2634,1972,712,3
343,1870,1502,1073,977,1890,658,494,2539,1974,712,3
344,1857,1497,1072,979,1890,658,497,2586,1971,712,3
345,1859,1506,1072,976,1889,658,497,2698,1972,712,3
346,1858,1519,1073,978,1890,659,498,2773,1972,714,3
347,1859,1523,1074,976,1888,658,496,2795,1973,711,3
348,1856,1499,1074,975,1889,659,497,2714,1974,712,3
349,1860,1502,1074,976,1890,660,498,2586,1974,712,3
350,1866,1502,1074,975,1890,659,494,2543,1974,713,3
351,1863,1502,1071,975,1890,659,498,2632,1974,712,3
352,1854,1503,1074,973,1890,659,498,2746,1974,712,3
353,1865,1504,1073,971,1889,658,499,2790,1974,713,3
354,1861,1502,1073,971,1889,659,493,2777,1976,713,3
355,1860,1507,1073,969,1889,658,497,2646,1974,713,3
356,1854,1498,1073,969,1890,659,498,2552,1975,714,3
357,1856,1518,1074,968,1887,659,496,2572,1976,712,3
358,1886,1501,1073,966,1890,657,496,2677,1976,712,3
359,1853,1507,1072,966,1890,657,504,2770,1976,712,3
360,1862,1502,1073,966,1890,658,497,2794,1976,713,3
361,1851,1503,1075,965,1890,659,498,2739,1976,714,3
362,1848,1504,1074,965,1890,658,498,2603,1977,712,3
363,1847,1499,1074,963,1890,658,496,2547,1976,713,3
364,1853,1523,1071,963,1890,658,497,2606,1978,712,3
365,1856,1506,1073,961,1888,658,498,2726,1977,713,3
366,1858,1498,1074,962,1888,658,496,2788,1978,712,3
367,1858,1499,1073,962,1890,658,490,2784,1978,712,3
368,1857,1500,1073,947,1888,658,495,2668,1979,712,3
369,1852,1497,1073,952,1888,660,494,2560,1979,713,3
370,1861,1505,1073,955,1888,658,498,2560,1979,712,3
371,1858,1499,1071,956,1888,658,494,2652,1979,712,3
372,1857,1510,1073,954,1886,657,496,2754,1979,713,3
373,1879,1503,1072,953,1890,657,498,2798,1980,714,3
374,1858,1507,1072,954,1889,658,496,2758,1980,714,3
375,1842,1502,1073,953,1888,658,495,2616,1980,714,3
376,1857,1501,1073,954,1890,658,495,2539,1979,713,3
377,1852,1502,1074,953,1889,658,495,2592,1979,712,3
378,1859,1502,1075,952,1890,656,496,2709,1981,714,3
379,1853,1500,1072,952,1887,657,496,2778,1982,714,3
380,1826,1500,1073,951,1888,658,496,2789,1981,714,3
381,1850,1495,1073,952,1886,658,496,2704,1981,713,3
382,1858,1506,1072,950,1889,658,496,2579,1980,712,3
383,1856,1502,1073,950,1889,659,497,2554,1982,713,3
384,1852,1502,1073,949,1887,657,494,2635,1984,712,3
385,1859,1508,1073,949,1888,658,495,2738,1982,712,3
386,1828,1499,1074,950,1886,658,496,2790,1981,712,3
387,1856,1491,1073,948,1888,657,498,2780,1982,712,3
388,1848,1498,1071,946,1889,661,497,2646,1985,713,3
389,1851,1498,1072,947,1887,656,497,2553,1984,713,3
390,1861,1501,1073,947,1887,658,496,2580,1984,714,3
391,1867,1498,1072,947,1886,658,495,2688,1985,713,3
392,1854,1498,1072,946,1889,656,497,2766,1984,713,3
393,1860,1501,1071,945,1888,658,496,2800,1986,713,3
394,1890,1503,1073,944,1888,657,498,2728,1984,714,3
395,1875,1502,1063,947,1888,659,494,2593,1985,714,3
396,1853,1490,1071,946,1888,657,498,2548,1986,712,3
397,1854,1487,1073,945,1888,657,494,2613,1986,712,3
398,1824,1498,1078,944,1886,658,495,2725,1986,714,3
399,1853,1496,1071,944,1888,658,498,2782,1986,713,3
400,1863,1501,1072,945,1888,658,497,2790,1985,714,3
401,1851,1502,1074,944,1886,656,495,2666,1986,712,3
402,1841,1504,1071,942,1889,657,496,2560,1986,712,3
403,1859,1498,1071,945,1888,655,497,2568,1987,713,3
404,1854,1504,1072,942,1890,658,495,2659,1986,714,3
405,1862,1503,1071,942,1886,652,496,2755,1986,713,3
406,1849,1498,1073,942,1888,659,496,2795,1986,712,3
407,1848,1502,1072,943,1885,656,496,2746,1986,713,3
408,1869,1502,1072,942,1889,655,497,2616,1987,713,3
409,1861,1499,1071,942,1885,655,497,2541,1986,713,3
410,1862,1500,1070,941,1887,657,496,2595,1987,713,3
411,1864,1500,1072,941,1887,655,496,2707,1986,714,3
412,1886,1502,1074,942,1888,658,494,2778,1987,712,3
413,1857,1510,1074,941,1888,657,492,2785,1988,712,3
414,1848,1504,1072,942,1886,656,495,2685,1988,714,3
415,1859,1502,1071,940,1888,656,498,2578,1988,714,3
416,1861,1507,1073,940,1886,657,495,2546,1987,714,3
417,1858,1490,1071,940,1888,657,502,2644,1987,713,3
418,1871,1501,1070,940,1887,657,495,2744,1989,713,3
419,1852,1499,1071,942,1885,655,497,2790,1988,714,3
420,1848,1500,1072,941,1886,656,495,2766,1988,714,3
421,1857,1506,1072,939,1886,657,496,2638,1987,710,3
422,1863,1498,1072,941,1886,656,494,2547,1990,713,3
423,1852,1499,1071,938,1884,655,495,2582,1990,713,3
424,1853,1515,1071,939,1885,655,497,2689,1990,713,3
425,1845,1503,1071,939,1885,656,496,2766,1990,714,3
426,1852,1502,1072,942,1885,656,496,2792,1990,713,3
427,1852,1492,1071,940,1887,657,496,2724,1989,712,3
428,1850,1496,1071,938,1886,655,496,2592,1991,714,3
429,1849,1494,1072,938,1886,656,497,2547,1991,714,3
430,1864,1498,1071,939,1886,657,496,2618,1991,714,3
431,1866,1502,1071,939,1887,657,496,2734,1991,714,3
432,1854,1499,1072,940,1885,657,496,2792,1990,713,3
433,1854,1498,1071,939,1885,657,495,2785,1992,713,3
434,1868,1503,1071,939,1885,656,498,2662,1992,715,3
435,1860,1497,1071,938,1886,657,497,2562,1994,714,3
436,1869,1504,1072,939,1886,658,496,2570,1990,714,3
437,1859,1499,1072,939,1886,658,498,2671,1993,714,3
438,1885,1504,1074,938,1887,658,495,2758,1995,714,3
439,1858,1490,1072,939,1886,657,496,2795,1994,715,3
440,1852,1494,1071,939,1888,658,504,2749,1994,714,3
441,1857,1504,1071,938,1886,657,498,2609,1994,715,3
442,1856,1502,1072,940,1888,658,496,2542,1994,714,3
443,1861,1503,1070,939,1886,657,498,2595,1995,715,3
444,1854,1499,1070,942,1883,657,498,2718,1996,716,3
445,1857,1497,1070,939,1886,656,500,2780,1996,716,3
446,1856,1498,1074,941,1886,658,499,2796,1997,715,3
447,1858,1493,1071,940,1888,657,496,2696,1998,715,3
448,1843,1498,1071,940,1886,657,499,2574,1998,716,3
449,1853,1497,1071,942,1887,656,500,2564,1998,716,3
450,1859,1498,1071,941,1886,658,500,2648,1999,717,3
451,1857,1490,1072,943,1885,658,498,2754,1999,716,3
452,1858,1506,1070,941,1894,658,500,2790,1998,715,3
453,1859,1507,1074,940,1886,658,502,2770,1999,716,3
454,1892,1504,1070,941,1886,656,501,2641,2000,718,3
455,1856,1489,1072,944,1886,656,500,2553,2000,718,3
456,1862,1500,1070,942,1886,658,501,2584,2001,716,3
457,1856,1496,1072,942,1885,657,502,2699,2001,716,3
458,1852,1490,1070,942,1885,656,501,2773,2002,717,3
459,1863,1503,1071,942,1887,656,501,2792,2002,718,3
460,1858,1499,1071,942,1889,656,501,2726,2002,717,3
461,1857,1504,1071,942,1888,657,501,2594,2002,718,3
462,1832,1501,1072,943,1887,658,502,2550,2003,716,3
463,1865,1503,1072,942,1886,655,502,2626,2004,717,3
464,1849,1501,1072,943,1886,656,502,2726,2003,718,3
465,1862,1513,1071,944,1885,656,504,2786,2004,720,3
466,1858,1486,1073,944,1888,657,502,2790,2004,718,3
467,1836,1499,1072,943,1887,657,504,2665,2004,718,3
468,1875,1499,1072,943,1886,657,502,2566,2006,718,3
469,1821,1501,1072,942,1885,649,503,2570,2006,718,3
470,1859,1500,1073,944,1887,657,502,2672,2006,718,3
471,1851,1502,1072,942,1888,658,506,2762,2005,718,3
472,1854,1516,1070,943,1885,655,504,2795,2005,718,3
473,1858,1502,1071,941,1891,657,504,2747,2008,717,3
474,1859,1500,1071,942,1886,656,503,2618,2006,717,3
475,1858,1480,1071,942,1886,657,504,2542,2007,717,3
476,1854,1498,1071,944,1888,658,504,2607,2006,718,3
477,1853,1489,1072,942,1884,658,505,2721,2008,718,3
478,1856,1499,1073,943,1884,656,503,2777,2008,718,3
479,1848,1502,1071,943,1886,657,505,2792,2007,719,3
480,1858,1500,1071,943,1886,656,504,2698,2006,718,3
481,1841,1498,1081,942,1888,657,504,2578,2009,718,3
482,1858,1502,1071,943,1887,658,504,2565,2008,718,3
483,1830,1500,1070,942,1886,658,505,2646,2010,718,3
484,1857,1486,1072,951,1886,658,504,2754,2009,718,3
485,1862,1508,1071,942,1885,656,506,2790,2008,718,3
486,1853,1503,1073,943,1886,657,504,2771,2009,718,3
487,1856,1496,1070,942,1879,658,504,2646,2009,719,3
488,1842,1502,1078,944,1886,656,505,2552,2011,718,3
489,1856,1490,1073,942,1886,656,504,2590,2010,718,3
490,1860,1511,1072,943,1888,657,503,2693,2010,719,3
491,1857,1506,1071,943,1886,657,504,2771,2011,718,3
492,1862,1499,1071,942,1888,657,504,2799,2010,718,3
493,1862,1502,1070,942,1886,657,502,2719,2011,719,3
494,1851,1501,1073,943,1885,657,504,2594,2011,718,3
495,1857,1499,1071,942,1885,656,505,2554,2011,718,3
496,1864,1506,1070,942,1885,658,501,2624,2011,718,3
497,1858,1496,1071,942,1886,657,502,2738,2010,718,3
498,1860,1502,1070,941,1886,657,505,2787,2011,722,3
499,1858,1507,1072,942,1885,657,505,2786,2011,720,3
500,1858,1481,1072,941,1886,656,504,2659,2011,718,3
501,1875,1499,1072,942,1884,656,504,2568,2013,718,3
502,1862,1506,1070,941,1886,658,503,2571,2011,718,3
503,1853,1502,1071,942,1886,657,504,2669,2012,718,3
504,1857,1495,1072,942,1885,657,504,2765,2012,718,3
505,1860,1494,1070,941,1885,656,505,2798,2011,718,3
506,1862,1502,1072,942,1884,658,502,2747,2011,717,3
507,1856,1494,1072,940,1886,657,504,2619,2011,718,3
508,1873,1499,1074,942,1885,656,504,2550,2013,718,3
509,1858,1499,1072,942,1886,656,504,2605,2014,718,3
510,1844,1499,1069,940,1885,657,504,2714,2012,718,3
511,1859,1499,1070,942,1886,656,504,2779,2013,718,3
512,1862,1499,1070,942,1884,656,504,2795,2011,718,3
513,1858,1497,1072,940,1880,656,504,2697,2013,718,3
514,1861,1507,1071,939,1886,658,506,2575,2012,718,3
515,1856,1505,1071,939,1892,658,502,2555,2014,716,3
516,1853,1491,1071,940,1886,658,503,2650,2012,718,3
517,1853,1498,1069,939,1884,656,504,2753,2013,716,3
518,1857,1513,1071,939,1885,657,504,2800,2014,717,3
519,1862,1504,1069,939,1885,659,501,2770,2014,718,3
520,1858,1502,1072,939,1886,657,502,2635,2012,717,3
521,1856,1490,1072,942,1884,656,502,2554,2013,717,3
522,1858,1499,1072,939,1888,657,503,2590,2013,718,3
523,1857,1495,1070,938,1883,656,504,2699,2014,718,3
524,1862,1511,1070,939,1886,657,505,2766,2012,718,3
525,1858,1501,1070,937,1885,655,504,2792,2014,717,3
526,1858,1502,1071,939,1884,658,503,2722,2013,716,3
527,1894,1504,1072,939,1886,656,503,2598,2012,718,3
528,1866,1498,1067,939,1885,658,501,2552,2014,716,3
529,1862,1501,1070,938,1885,656,502,2624,2013,717,3
530,1862,1507,1071,938,1885,657,506,2728,2014,717,3
531,1864,1502,1072,938,1886,658,498,2786,2013,716,3
532,1856,1506,1072,938,1886,657,503,2786,2012,716,3
533,1859,1502,1070,936,1890,656,502,2658,2014,717,3
534,1858,1506,1071,937,1886,657,502,2557,2012,716,3
535,1874,1498,1074,937,1884,658,501,2570,2013,718,3
536,1872,1502,1068,938,1884,656,502,2670,2013,716,3
537,1856,1518,1072,938,1886,656,502,2766,2013,715,3
538,1856,1511,1072,938,1884,655,504,2800,2012,715,3
539,1858,1512,1072,937,1884,657,502,2753,2010,717,3
540,1839,1497,1069,935,1885,657,502,2610,2014,716,3
541,1842,1498,1076,936,1884,658,502,2543,2012,715,3
542,1856,1499,1070,935,1886,658,501,2596,2011,716,3
543,1856,1507,1070,935,1885,657,501,2711,2014,715,3
544,1858,1506,1071,935,1888,656,502,2776,2013,716,3
545,1849,1497,1070,936,1886,658,502,2794,2013,716,3
546,1848,1499,1071,936,1886,657,502,2696,2011,715,3
547,1856,1499,1070,936,1883,657,500,2578,2013,715,3
548,1860,1497,1072,934,1886,656,499,2554,2012,715,3
549,1863,1502,1069,934,1884,655,501,2643,2012,716,3
550,1856,1493,1070,934,1883,657,500,2750,2012,715,3
551,1856,1499,1071,936,1888,657,500,2796,2010,714,3
552,1862,1503,1070,933,1884,655,501,2771,2011,716,3
553,1856,1507,1070,934,1885,655,501,2634,2013,714,3
554,1858,1514,1071,934,1884,655,502,2550,2012,715,3
555,1860,1501,1072,933,1884,657,499,2578,2011,716,3
556,1862,1503,1070,933,1883,656,500,2690,2011,714,3
557,1846,1500,1070,934,1886,658,499,2767,2011,714,3
558,1859,1497,1072,932,1885,656,501,2795,2011,714,3
559,1864,1501,1070,931,1885,657,499,2718,2011,714,3
560,1843,1499,1072,931,1883,655,500,2587,2011,715,3
561,1822,1498,1071,932,1885,656,499,2543,2010,714,3
562,1850,1498,1072,932,1884,656,499,2614,2008,714,3
563,1839,1497,1070,932,1884,655,498,2726,2011,714,3
564,1864,1504,1071,932,1883,658,495,2780,2009,714,3
565,1843,1497,1074,930,1885,656,500,2782,2010,714,3
566,1866,1500,1070,932,1883,656,496,2659,2011,714,3
567,1844,1499,1069,932,1883,657,498,2555,2010,714,3
568,1831,1496,1070,931,1884,655,497,2560,2011,713,3
569,1860,1510,1070,929,1882,656,499,2659,2010,714,3
570,1862,1502,1069,930,1883,656,495,2750,2009,714,3
571,1857,1508,1071,928,1883,657,498,2802,2008,714,3
572,1859,1499,1069,930,1884,656,494,2744,2010,713,3
573,1857,1512,1071,930,1884,656,498,2617,2010,715,3
574,1856,1498,1070,931,1883,656,498,2540,2009,713,3
575,1853,1494,1072,929,1882,654,497,2594,2009,714,3
576,1854,1499,1071,930,1883,656,495,2709,2008,712,3
577,1851,1498,1070,930,1883,656,495,2777,2009,712,3
578,1866,1497,1072,930,1883,656,496,2794,2009,712,3
579,1850,1498,1070,929,1884,656,504,2698,2008,714,3
580,1890,1502,1072,927,1883,656,495,2572,2008,713,3
581,1856,1490,1070,933,1883,656,495,2539,2008,712,3
582,1850,1498,1070,926,1883,656,494,2635,2007,712,3
583,1854,1501,1070,928,1892,657,495,2738,2008,711,3
584,1845,1502,1069,929,1883,656,494,2785,2008,712,3
585,1850,1502,1070,927,1883,657,495,2769,2007,713,3
586,1865,1500,1070,928,1885,657,494,2634,2006,712,3
587,1824,1495,1070,926,1883,657,494,2540,2006,712,3
588,1856,1509,1070,926,1883,656,495,2574,2008,711,3
589,1858,1498,1070,926,1884,656,495,2680,2006,712,3
590,1859,1496,1071,927,1883,656,493,2764,2006,714,3
591,1884,1501,1070,928,1882,656,494,2792,2008,712,3
592,1876,1502,1068,928,1883,658,493,2726,2006,712,3
593,1852,1490,1069,924,1882,656,494,2584,2006,711,3
594,1852,1496,1067,925,1883,656,494,2534,2006,712,3
595,1850,1501,1070,926,1882,656,494,2600,2006,711,3
596,1860,1500,1070,925,1884,656,492,2718,2004,710,3
597,1867,1499,1069,926,1882,658,492,2778,2005,712,3
598,1853,1496,1070,924,1882,655,493,2787,2006,712,3
599,1870,1499,1059,924,1883,655,494,2667,2006,710,3
600,1865,1499,1064,924,1882,655,494,2558,2007,711,3
601,1849,1488,1070,924,1883,656,493,2557,2005,710,3
602,1851,1488,1071,932,1882,655,492,2647,2005,711,3
603,1847,1498,1069,924,1882,656,492,2746,2006,709,3
604,1858,1506,1069,923,1882,655,493,2784,2005,711,3
605,1858,1505,1069,923,1883,656,494,2746,2004,711,3
606,1851,1495,1070,924,1883,656,492,2616,2004,710,3
607,1856,1498,1068,924,1883,657,492,2538,2003,710,3
608,1848,1491,1070,924,1882,656,491,2584,2006,710,3
609,1851,1499,1069,923,1883,657,492,2696,2004,710,3
610,1854,1500,1069,923,1883,658,491,2767,2003,710,3
611,1857,1503,1070,923,1882,656,493,2787,2003,709,3
612,1859,1503,1068,923,1882,656,493,2696,2004,710,3
613,1856,1498,1070,922,1882,656,491,2576,2004,709,3
614,1851,1488,1070,930,1882,658,491,2542,2003,710,3
615,1856,1486,1070,922,1882,658,492,2618,2003,710,3
616,1837,1496,1074,922,1882,656,492,2731,2002,708,3
617,1830,1497,1070,921,1883,656,490,2785,2002,708,3
618,1850,1495,1068,922,1883,657,491,2778,2003,709,3
619,1841,1496,1070,923,1882,656,492,2642,2002,710,3
620,1845,1496,1069,921,1882,655,494,2547,2003,712,3
621,1851,1499,1070,922,1882,656,489,2563,2002,709,3
622,1847,1498,1067,922,1883,656,491,2668,2002,710,3
623,1850,1510,1068,922,1880,657,491,2762,2003,710,3
624,1871,1500,1071,921,1882,660,489,2787,2003,709,3
625,1846,1498,1071,921,1882,656,491,2731,2001,709,3
626,1850,1500,1069,920,1882,656,490,2591,2002,708,3
627,1848,1498,1067,921,1882,656,490,2531,2002,710,3
628,1851,1510,1069,921,1882,655,490,2600,2002,709,3
629,1875,1501,1069,919,1882,655,490,2714,2002,710,3
630,1848,1495,1070,921,1882,656,496,2781,2000,710,3
631,1848,1499,1070,920,1882,656,489,2786,2002,708,3
632,1842,1494,1075,920,1881,654,489,2671,2000,708,3
633,1851,1493,1068,919,1878,654,490,2563,2002,709,3
634,1848,1496,1068,919,1881,655,492,2550,2001,708,3
635,1850,1490,1070,920,1882,656,488,2643,2000,709,3
636,1835,1494,1068,922,1880,656,490,2743,2001,708,3
637,1859,1500,1068,920,1882,656,482,2786,2000,708,3
638,1857,1500,1070,919,1882,655,490,2763,2001,709,3
639,1851,1488,1068,920,1882,656,489,2615,2001,709,3
640,1854,1499,1069,918,1882,656,490,2531,2000,708,3
641,1856,1501,1069,920,1880,656,489,2573,2000,710,3
642,1853,1518,1069,920,1881,655,488,2693,1999,707,3
643,1849,1497,1067,920,1882,656,491,2768,1999,707,3
644,1850,1498,1068,919,1882,655,488,2782,1998,710,3
645,1835,1495,1068,918,1882,656,490,2704,1999,709,3
646,1850,1494,1067,919,1880,656,488,2581,2000,708,3
647,1861,1498,1062,918,1882,655,488,2539,1998,708,3
648,1854,1501,1068,918,1882,654,487,2609,1999,707,3
649,1858,1506,1067,920,1882,655,490,2722,1999,708,3
650,1851,1496,1066,919,1878,654,488,2785,1998,708,3
651,1850,1495,1069,918,1882,656,488,2782,1998,708,3
652,1852,1495,1067,920,1882,656,488,2647,1998,707,3
653,1858,1502,1066,917,1882,656,489,2544,1999,707,3
654,1860,1495,1066,917,1880,657,488,2554,1999,709,3
655,1847,1496,1070,918,1881,656,495,2661,1999,708,3
656,1846,1496,1067,917,1881,657,488,2750,1998,707,3
657,1862,1499,1067,916,1882,655,482,2785,1996,707,3
658,1859,1500,1066,917,1881,655,487,2741,1998,707,3
659,1850,1498,1067,916,1880,657,487,2598,1998,707,3
660,1840,1496,1077,916,1881,657,488,2527,1997,707,3
661,1856,1497,1068,917,1882,658,487,2589,1995,707,3
662,1871,1500,1066,918,1881,657,485,2707,1996,707,3
663,1851,1499,1069,918,1880,657,487,2769,1998,706,3
664,1849,1515,1068,918,1881,656,488,2791,1997,708,3
665,1852,1496,1067,918,1881,657,488,2686,1997,707,3
666,1852,1499,1067,917,1878,656,486,2563,1996,707,3
667,1844,1498,1067,917,1882,656,487,2537,1995,706,3
668,1851,1494,1068,916,1882,655,487,2632,1995,707,3
669,1849,1481,1067,918,1880,655,486,2734,1997,708,3
670,1852,1496,1067,916,1880,655,488,2785,1994,707,3
671,1853,1494,1067,917,1880,656,485,2771,1995,706,3
672,1861,1501,1062,916,1882,655,485,2634,1995,706,3
673,1848,1498,1067,916,1881,655,485,2535,1997,707,3
674,1852,1519,1067,917,1878,656,488,2569,1998,706,3
675,1858,1496,1066,915,1880,656,486,2675,1995,706,3
676,1850,1501,1067,916,1881,656,486,2758,1995,706,3
677,1831,1496,1066,916,1882,649,487,2786,1995,706,3
678,1851,1494,1067,915,1879,656,485,2720,1996,704,3
679,1851,1499,1067,916,1880,656,486,2582,1995,706,3
680,1833,1496,1067,914,1880,656,487,2530,1996,706,3
681,1857,1498,1067,913,1882,657,484,2601,1995,706,3
682,1849,1491,1066,914,1879,655,485,2720,1994,701,3
683,1831,1495,1067,915,1880,657,486,2773,1995,705,3
684,1857,1496,1067,915,1880,655,486,2776,1994,706,3
685,1846,1490,1067,915,1881,656,485,2665,1994,706,3
686,1831,1495,1066,916,1879,656,484,2550,1995,705,3
687,1852,1491,1067,916,1875,656,486,2550,1994,706,3
688,1846,1484,1066,923,1881,656,484,2641,1993,706,3
689,1856,1498,1067,913,1880,657,486,2742,1994,706,3
690,1850,1493,1067,915,1880,655,485,2788,1993,706,3
691,1850,1504,1067,916,1882,654,484,2747,1994,706,3
692,1836,1494,1064,914,1878,655,485,2609,1995,706,3
693,1848,1498,1066,915,1882,654,485,2534,1994,706,3
694,1852,1500,1068,913,1880,656,486,2574,1994,705,3
695,1862,1496,1067,914,1880,656,483,2690,1993,706,3
696,1864,1492,1068,914,1879,662,484,2770,1993,705,3
697,1850,1485,1067,914,1880,654,484,2785,1992,704,3
698,1851,1503,1066,910,1880,656,485,2696,1994,705,3
699,1847,1490,1067,913,1878,658,485,2572,1994,706,3
700,1849,1496,1066,913,1880,655,485,2531,1993,706,3
701,1850,1491,1066,915,1879,656,484,2620,1993,702,3
702,1869,1496,1066,914,1879,656,485,2732,1993,704,3
703,1836,1495,1068,913,1880,655,485,2780,1993,706,3
704,1853,1494,1067,913,1880,655,485,2778,1992,706,3
705,1847,1485,1067,914,1880,655,484,2643,1993,705,3
706,1854,1494,1065,914,1878,656,485,2539,1992,702,3
707,1848,1496,1067,914,1880,655,484,2557,1991,705,3
708,1849,1498,1065,912,1880,655,485,2660,1992,705,3
709,1850,1493,1066,914,1880,655,484,2758,1992,706,3
710,1877,1496,1068,913,1878,657,486,2790,1992,706,3
711,1828,1494,1067,914,1878,658,485,2730,1992,705,3
712,1850,1515,1066,913,1878,656,484,2598,1992,704,3
713,1846,1479,1066,912,1880,656,483,2523,1993,705,3
714,1850,1506,1067,913,1878,656,484,2590,1991,706,3
715,1862,1494,1057,913,1878,655,483,2710,1992,704,3
716,1841,1493,1066,914,1878,656,483,2773,1992,704,3
717,1854,1501,1066,915,1879,655,485,2790,1992,706,3
718,1846,1486,1065,915,1879,654,483,2680,1992,705,3
719,1853,1498,1066,913,1879,656,485,2554,1991,702,3
720,1854,1494,1066,912,1879,655,483,2542,1991,705,3
