Count,S1,S2,S3,S4,S5,S6,S7,S8,S9,S10,Flag
1,1606,1254,932,927,1497,565,463,2787,1851,670,0
2,1616,1262,934,924,1498,564,464,2727,1851,672,0
3,1616,1259,931,929,1498,564,463,2550,1852,672,0
4,1615,1248,934,926,1498,564,465,2525,1851,670,0
5,1614,1238,931,929,1498,564,463,2666,1851,669,0
6,1616,1263,932,928,1498,566,463,2754,1850,669,0
7,1614,1255,934,927,1497,564,466,2786,1850,670,0
8,1627,1256,934,927,1498,564,463,2670,1850,672,0
9,1611,1243,933,929,1498,563,463,2524,1850,671,0
10,1602,1249,932,929,1499,566,465,2550,1850,671,0
11,1614,1274,934,926,1498,565,464,2698,1850,670,0
12,1632,1254,932,929,1498,565,464,2769,1850,672,0
13,1618,1261,933,928,1496,565,464,2774,1849,670,0
14,1608,1250,932,928,1490,565,464,2639,1850,670,0
15,1614,1249,932,929,1498,566,464,2514,1849,671,0
16,1602,1251,933,928,1498,564,464,2578,1850,670,0
17,1611,1275,931,929,1497,566,463,2726,1849,670,0
18,1615,1235,933,930,1498,564,462,2782,1849,670,0
19,1619,1263,932,927,1498,565,464,2738,1848,668,0
20,1607,1241,932,929,1498,566,462,2591,1849,670,0
21,1616,1251,932,926,1498,557,463,2519,1848,670,1
22,1608,1250,933,926,1490,565,463,2611,1850,670,1
23,1616,1251,932,928,1498,565,462,2746,1847,670,1
24,1610,1258,934,926,1498,565,463,2786,1848,670,1
25,1627,1253,933,928,1496,565,464,2688,1849,674,1
26,1614,1250,934,928,1497,564,463,2556,1854,669,1
27,1621,1254,931,926,1498,564,458,2538,1848,670,1
28,1602,1253,934,928,1497,565,471,2658,1849,667,1
29,1616,1254,934,924,1498,566,462,2762,1848,670,1
30,1609,1255,932,925,1498,566,464,2790,1848,670,1
31,1611,1250,933,926,1497,565,463,2642,1848,670,1
32,1610,1251,934,925,1498,564,463,2529,1847,670,1
33,1608,1250,932,928,1496,566,462,2571,1848,669,1
34,1619,1258,931,927,1498,565,462,2684,1847,669,1
35,1611,1259,933,928,1498,565,462,2782,1847,670,1
36,1616,1258,931,927,1498,564,462,2774,1848,670,1
37,1614,1257,932,927,1498,566,463,2599,1847,669,1
38,1610,1252,934,925,1499,565,464,2514,1847,670,1
39,1610,1262,932,923,1497,566,462,2605,1848,669,1
40,1612,1261,933,928,1496,564,464,2722,1848,670,1
41,1610,1259,934,925,1499,565,463,2786,1848,672,1
42,1595,1254,931,925,1498,565,463,2749,1847,664,1
43,1606,1250,932,926,1497,565,464,2569,1848,670,1
44,1596,1253,932,925,1497,565,463,2515,1848,669,1
45,1635,1254,932,926,1498,566,464,2643,1846,670,1
46,1612,1246,934,927,1499,565,462,2746,1846,670,1
47,1611,1264,933,925,1498,565,462,2784,1846,669,1
48,1640,1257,931,916,1498,565,464,2709,1845,670,1
49,1610,1255,932,925,1498,572,463,2534,1846,670,1
50,1614,1265,931,924,1498,566,463,2530,1844,669,1
51,1614,1237,932,926,1498,566,462,2684,1845,669,1
52,1608,1258,930,926,1498,566,462,2764,1847,670,1
53,1612,1250,931,925,1498,566,462,2777,1845,670,1
54,1608,1250,932,926,1498,566,462,2653,1845,668,1
55,1616,1254,931,925,1499,566,461,2511,1845,669,1
56,1614,1262,930,925,1498,565,464,2557,1845,670,1
57,1611,1245,932,926,1499,564,463,2719,1846,668,1
58,1600,1252,933,925,1498,566,464,2774,1846,670,1
59,1611,1268,932,925,1498,565,463,2753,1846,668,1
60,1622,1255,934,924,1498,566,466,2606,1846,668,1
61,1603,1254,934,926,1498,564,466,2521,1846,667,1
62,1593,1251,932,925,1498,565,464,2597,1847,669,1
63,1620,1254,933,926,1498,564,460,2737,1846,669,1
64,1615,1242,933,925,1498,565,463,2785,1846,670,1
65,1615,1262,933,926,1504,565,463,2708,1846,669,1
66,1614,1263,930,926,1498,565,464,2571,1846,668,1
67,1610,1247,931,927,1497,564,464,2537,1846,669,1
68,1608,1254,933,926,1497,564,463,2634,1846,669,1
69,1618,1256,934,923,1498,566,464,2756,1845,669,1
70,1610,1251,934,926,1497,565,464,2784,1845,668,1
71,1612,1256,931,926,1499,566,465,2666,1846,669,1
72,1614,1256,932,927,1496,567,464,2545,1850,668,1
73,1612,1265,932,926,1496,566,464,2553,1846,668,1
74,1616,1254,930,927,1495,566,463,2670,1846,667,1
75,1606,1245,934,925,1494,566,465,2778,1845,669,1
76,1609,1254,931,928,1497,565,463,2786,1846,667,1
77,1613,1250,934,926,1498,565,463,2613,1839,668,1
78,1627,1254,931,928,1498,565,465,2522,1847,667,1
79,1611,1240,933,927,1498,565,465,2587,1846,670,1
80,1608,1253,931,929,1498,566,464,2712,1846,669,1
81,1612,1250,933,928,1496,565,464,2782,1847,669,1
82,1612,1251,931,928,1497,565,465,2768,1847,666,1
83,1613,1242,932,926,1498,566,465,2586,1846,669,1
84,1606,1252,931,927,1496,566,465,2521,1846,668,1
85,1612,1252,931,929,1498,564,465,2626,1847,667,1
86,1614,1248,934,925,1498,565,464,2735,1847,668,1
87,1614,1246,934,925,1497,565,466,2789,1846,669,1
88,1608,1253,932,926,1498,566,466,2733,1847,669,1
89,1576,1249,931,932,1496,566,465,2556,1848,669,1
90,1614,1250,931,926,1498,566,466,2526,1846,669,1
91,1612,1248,932,926,1497,564,466,2669,1846,669,1
92,1606,1250,931,929,1496,567,466,2760,1846,668,1
93,1596,1254,932,926,1498,563,465,2791,1847,664,1
94,1618,1262,931,927,1497,566,466,2678,1846,670,1
95,1602,1253,931,930,1498,565,466,2535,1846,669,1
96,1637,1256,933,928,1497,565,467,2547,1847,669,1
97,1611,1253,932,929,1497,565,467,2706,1846,668,1
98,1616,1256,932,929,1498,565,464,2769,1848,667,1
99,1611,1247,931,927,1498,566,467,2774,1847,668,1
100,1610,1258,930,929,1495,564,466,2643,1848,668,1
101,1594,1254,932,929,1497,566,466,2536,1846,668,1
102,1596,1251,931,928,1496,566,472,2547,1848,668,1
103,1618,1260,930,928,1498,567,466,2651,1846,668,1
104,1621,1258,931,928,1497,565,466,2746,1846,667,1
105,1613,1275,932,928,1497,566,466,2786,1846,669,1
106,1619,1254,931,930,1496,565,465,2750,1846,668,1
107,1613,1251,932,930,1496,564,466,2599,1846,668,1
108,1646,1253,929,924,1496,566,467,2515,1848,668,1
109,1630,1255,931,928,1497,567,467,2566,1847,667,1
110,1611,1241,932,929,1499,566,466,2696,1847,670,1
111,1612,1257,930,928,1498,565,466,2770,1847,668,1
112,1614,1258,931,930,1495,566,468,2792,1847,668,1
113,1597,1251,931,928,1497,565,475,2708,1848,669,1
114,1609,1256,931,930,1498,565,467,2572,1848,667,1
115,1618,1256,932,939,1496,565,465,2528,1848,669,1
116,1612,1268,929,930,1496,566,466,2604,1846,668,1
117,1618,1264,932,930,1496,565,468,2720,1847,668,1
118,1611,1251,932,929,1498,565,467,2777,1848,668,1
119,1612,1246,932,929,1498,565,466,2782,1847,668,1
120,1622,1254,928,930,1496,565,463,2651,1848,668,1
121,1608,1248,934,930,1496,565,468,2543,1848,669,2
122,1620,1259,936,932,1501,568,468,2538,1847,669,2
123,1620,1260,935,931,1499,568,470,2642,1848,668,2
124,1622,1260,934,931,1500,568,467,2744,1848,670,2
125,1619,1259,934,930,1500,567,466,2788,1849,668,2
126,1621,1258,936,927,1501,565,467,2762,1848,668,2
127,1624,1262,935,930,1501,567,468,2617,1849,669,2
128,1620,1258,936,927,1500,568,466,2522,1848,670,2
129,1622,1258,933,928,1500,566,466,2560,1850,668,2
130,1624,1259,934,929,1499,567,466,2680,1849,670,2
131,1620,1259,934,926,1501,567,466,2763,1847,670,2
132,1623,1259,933,928,1502,567,466,2788,1849,670,2
133,1624,1259,934,927,1499,568,465,2720,1849,668,2
134,1623,1258,934,927,1501,566,466,2578,1849,672,2
135,1626,1258,935,926,1500,567,466,2520,1848,672,2
136,1622,1258,934,925,1502,568,466,2587,1848,672,2
137,1622,1257,934,926,1502,567,464,2712,1848,672,2
138,1626,1260,936,924,1500,568,466,2774,1847,672,2
139,1624,1260,934,923,1501,567,465,2786,1847,670,2
140,1623,1259,933,926,1500,569,463,2670,1848,670,2
141,1621,1262,936,924,1500,567,465,2547,1848,671,2
142,1621,1259,934,924,1502,567,464,2529,1847,672,2
143,1623,1258,934,923,1501,568,462,2620,1846,671,2
144,1626,1258,936,925,1500,568,463,2735,1845,672,2
145,1622,1260,935,924,1502,566,463,2782,1846,671,2
146,1621,1258,935,923,1502,569,460,2766,1843,672,2
147,1624,1259,935,924,1501,567,463,2622,1846,671,2
148,1625,1259,936,923,1500,568,462,2519,1845,672,2
149,1626,1260,934,923,1502,567,462,2545,1845,671,2
150,1624,1256,935,923,1502,568,463,2662,1844,672,2
151,1627,1261,934,924,1500,566,462,2754,1843,671,2
152,1623,1259,933,924,1500,568,461,2786,1843,672,2
153,1621,1257,933,924,1500,567,461,2729,1843,672,2
154,1623,1255,935,923,1501,569,461,2581,1842,674,2
155,1624,1258,932,923,1502,568,461,2510,1842,673,2
156,1626,1258,934,924,1502,568,461,2571,1842,672,2
157,1626,1261,936,924,1502,567,462,2697,1842,673,2
158,1625,1258,934,924,1502,569,461,2767,1842,674,2
159,1625,1257,934,924,1501,569,459,2785,1842,671,2
160,1624,1259,935,924,1502,567,460,2682,1841,671,2
161,1623,1258,936,925,1501,567,461,2550,1840,673,2
162,1622,1258,936,924,1504,566,461,2515,1841,673,2
163,1625,1258,934,923,1501,567,460,2604,1840,673,2
164,1627,1258,936,924,1502,568,462,2723,1840,674,2
165,1623,1258,933,925,1502,566,460,2779,1839,673,2
166,1626,1259,936,926,1502,567,460,2775,1840,673,2
167,1623,1262,935,925,1502,567,459,2635,1839,673,2
168,1624,1259,934,926,1502,566,459,2523,1840,673,2
169,1624,1258,934,926,1501,568,459,2532,1839,675,2
170,1621,1258,935,925,1501,568,459,2645,1838,672,2
171,1622,1257,933,926,1500,567,459,2746,1839,671,2
172,1625,1262,935,926,1502,567,459,2778,1839,671,2
173,1622,1258,936,925,1503,568,461,2743,1837,673,2
174,1623,1260,933,925,1502,568,459,2596,1836,674,2
175,1621,1257,935,926,1501,568,459,2510,1837,672,2
176,1624,1257,935,928,1501,566,459,2557,1838,673,2
177,1627,1262,935,930,1504,567,459,2681,1838,673,2
178,1624,1262,936,927,1503,568,459,2762,1837,673,2
179,1624,1257,935,927,1504,568,460,2785,1836,674,2
180,1627,1259,934,930,1504,567,459,2703,1837,675,2
181,1622,1259,935,930,1502,568,458,2562,1836,671,2
182,1626,1259,934,929,1502,568,458,2511,1835,672,2
183,1623,1258,937,931,1504,567,460,2587,1835,674,2
184,1625,1260,934,930,1504,568,458,2709,1835,674,2
185,1623,1258,937,931,1503,567,460,2774,1834,673,2
186,1625,1257,935,931,1503,567,459,2780,1835,673,2
187,1626,1260,934,931,1502,568,460,2659,1836,674,2
188,1623,1259,936,931,1504,568,460,2534,1835,674,2
189,1624,1260,934,931,1504,567,459,2523,1834,673,2
190,1624,1261,934,935,1502,568,459,2628,1835,674,2
191,1624,1261,938,932,1502,567,461,2738,1835,673,2
192,1625,1259,936,933,1503,569,460,2784,1835,674,2
193,1626,1257,935,935,1504,568,459,2765,1834,674,2
194,1626,1258,936,935,1502,568,459,2616,1834,675,2
195,1626,1262,936,935,1502,567,460,2518,1835,675,2
196,1624,1262,936,934,1505,567,461,2546,1834,674,2
197,1624,1258,934,936,1505,569,460,2662,1834,674,2
198,1626,1258,935,938,1503,568,460,2753,1834,671,2
199,1626,1258,936,938,1501,568,461,2786,1834,675,2
200,1623,1258,936,939,1502,568,460,2730,1834,673,2
201,1621,1259,936,938,1503,569,462,2580,1834,673,2
202,1626,1262,935,938,1504,567,463,2512,1834,675,2
203,1622,1261,935,939,1502,569,460,2571,1834,673,2
204,1624,1261,934,940,1504,568,462,2698,1834,674,2
205,1627,1257,935,940,1506,569,462,2767,1832,675,2
206,1625,1260,936,940,1504,567,462,2786,1834,675,2
207,1626,1259,936,942,1504,566,461,2689,1834,675,2
208,1623,1262,938,940,1503,568,462,2552,1833,675,2
209,1625,1258,936,942,1503,568,463,2517,1832,674,2
210,1626,1259,935,944,1502,567,462,2609,1833,674,2
211,1624,1262,936,942,1506,566,463,2726,1834,675,2
212,1624,1258,935,943,1503,568,462,2779,1833,675,2
213,1627,1262,936,944,1504,568,463,2778,1833,675,2
214,1626,1257,938,946,1502,569,463,2645,1834,675,2
215,1627,1261,936,947,1502,568,461,2533,1834,674,2
216,1626,1259,935,947,1505,568,463,2536,1834,674,2
217,1624,1257,936,945,1504,569,463,2643,1833,676,2
218,1628,1262,936,947,1504,567,464,2746,1833,675,2
219,1626,1259,937,949,1502,569,464,2787,1833,675,2
220,1626,1263,936,949,1503,568,462,2756,1833,674,2
221,1622,1262,939,948,1504,567,465,2612,1834,675,2
222,1624,1258,935,950,1504,567,464,2521,1834,675,2
223,1627,1260,935,951,1502,570,463,2560,1835,674,2
224,1626,1259,936,951,1503,567,465,2681,1834,676,2
225,1626,1261,936,952,1503,568,465,2766,1833,676,2
226,1623,1262,937,952,1506,567,464,2790,1835,675,2
227,1624,1260,936,952,1505,567,466,2722,1834,677,2
228,1626,1258,935,952,1504,569,464,2578,1834,675,2
229,1626,1258,938,955,1504,568,466,2520,1833,675,2
230,1626,1259,936,954,1505,568,466,2588,1834,676,2
231,1628,1261,936,954,1506,569,468,2714,1833,675,2
232,1623,1260,937,955,1504,568,467,2776,1834,676,2
233,1626,1261,934,955,1505,568,467,2789,1835,675,2
234,1626,1259,937,956,1504,568,467,2680,1834,676,2
235,1623,1258,935,958,1505,568,468,2555,1835,677,2
236,1628,1260,936,957,1505,569,468,2534,1834,676,2
237,1626,1258,937,962,1505,568,468,2624,1835,675,2
238,1626,1261,936,960,1505,569,467,2736,1835,677,2
239,1625,1259,938,961,1506,569,468,2786,1835,676,2
240,1624,1260,938,961,1506,567,468,2780,1835,677,2
241,1626,1260,937,964,1505,567,469,2642,1836,677,2
242,1627,1262,937,962,1505,567,470,2538,1835,677,2
243,1625,1260,938,964,1506,568,470,2551,1834,677,2
244,1627,1260,937,963,1504,568,470,2659,1835,678,2
245,1624,1260,937,966,1505,569,470,2755,1835,677,2
246,1627,1263,937,966,1508,567,472,2790,1835,679,2
247,1630,1260,936,966,1507,569,470,2752,1835,678,2
248,1624,1260,936,966,1506,568,472,2607,1836,678,2
249,1626,1262,938,967,1506,568,472,2526,1836,678,2
250,1626,1259,938,968,1506,568,472,2574,1835,678,2
251,1628,1259,936,970,1506,569,470,2694,1837,676,2
252,1626,1262,936,969,1506,568,472,2771,1835,678,2
253,1630,1263,938,970,1505,568,474,2792,1835,678,2
254,1627,1260,939,971,1506,568,473,2716,1836,680,2
255,1626,1262,936,971,1506,570,474,2582,1838,678,2
256,1625,1264,939,971,1505,567,473,2530,1838,679,2
257,1626,1260,936,973,1506,569,474,2604,1836,678,2
258,1629,1264,938,972,1506,569,474,2720,1838,677,2
259,1629,1260,938,974,1506,568,474,2782,1838,678,2
260,1628,1262,938,976,1506,570,474,2791,1839,678,2
261,1625,1262,939,975,1505,567,475,2674,1839,680,2
262,1626,1262,938,976,1506,567,476,2558,1841,679,2
263,1630,1259,938,976,1506,568,476,2542,1838,680,2
264,1628,1261,938,978,1506,568,476,2638,1839,679,2
265,1629,1263,937,980,1506,568,476,2744,1839,678,2
266,1625,1264,939,979,1505,567,476,2790,1840,679,2
267,1627,1263,937,979,1506,567,477,2779,1840,680,2
268,1630,1259,939,979,1505,568,478,2639,1840,681,2
269,1628,1260,938,981,1506,569,480,2540,1840,680,2
270,1625,1261,937,982,1506,568,476,2563,1840,680,2
271,1630,1263,937,980,1506,567,479,2672,1840,680,2
272,1629,1261,938,984,1506,568,478,2763,1840,680,2
273,1626,1261,936,982,1506,568,479,2794,1841,679,2
274,1626,1259,939,985,1508,568,480,2749,1840,681,2
275,1627,1262,937,986,1506,568,480,2610,1841,679,2
276,1628,1263,940,986,1506,569,480,2535,1842,680,2
277,1630,1262,939,986,1508,567,481,2584,1842,680,2
278,1626,1263,938,987,1506,568,482,2704,1843,680,2
279,1626,1260,939,988,1507,568,482,2774,1842,681,2
280,1628,1263,938,990,1504,568,481,2796,1842,680,2
281,1625,1263,940,988,1506,567,482,2714,1843,681,2
282,1626,1261,938,988,1507,568,482,2585,1844,680,2
283,1630,1262,938,991,1507,568,482,2540,1844,683,2
284,1627,1261,939,992,1507,568,484,2615,1842,682,2
285,1629,1264,938,994,1506,567,484,2731,1843,681,2
286,1627,1264,939,992,1507,566,483,2788,1846,683,2
287,1627,1262,938,994,1507,567,485,2794,1844,682,2
288,1630,1264,938,996,1506,568,485,2675,1845,682,2
289,1630,1261,938,996,1505,568,485,2563,1847,680,2
290,1628,1262,939,996,1508,568,486,2554,1846,684,2
291,1630,1262,939,998,1507,568,485,2649,1846,682,2
292,1630,1264,939,997,1507,568,486,2750,1847,683,2
293,1626,1263,938,999,1507,570,486,2793,1846,683,2
294,1626,1261,940,1001,1505,569,487,2782,1847,682,2
295,1626,1262,940,1000,1507,568,488,2648,1846,683,2
296,1629,1263,939,1002,1507,569,486,2547,1846,682,2
297,1630,1262,939,1001,1507,569,487,2571,1848,684,2
298,1627,1262,938,1003,1508,567,491,2679,1847,683,2
299,1626,1262,939,1004,1507,567,489,2765,1848,682,2
300,1629,1263,939,1005,1507,568,490,2798,1848,685,2
301,1626,1262,941,1003,1508,568,490,2755,1849,684,2
302,1627,1263,938,1006,1507,568,491,2617,1850,684,2
303,1625,1263,939,1003,1508,567,489,2544,1850,685,2
304,1624,1265,941,1006,1507,569,491,2590,1850,683,2
305,1627,1264,939,1008,1507,568,491,2711,1850,683,2
306,1627,1263,942,1007,1508,570,491,2780,1850,683,2
307,1627,1266,941,1009,1508,568,491,2798,1849,684,2
308,1630,1263,940,1009,1507,568,493,2722,1850,684,2
309,1625,1266,939,1010,1508,567,494,2594,1852,685,2
310,1628,1262,940,1011,1507,568,493,2547,1852,684,2
311,1626,1262,941,1012,1508,568,494,2622,1851,684,2
312,1625,1263,940,1013,1506,568,494,2734,1853,684,2
313,1627,1260,941,1014,1506,566,493,2792,1854,683,2
314,1627,1263,942,1014,1507,568,495,2796,1854,685,2
315,1626,1264,940,1016,1508,567,496,2683,1856,685,2
316,1626,1263,939,1015,1510,567,496,2574,1854,686,2
317,1626,1266,939,1014,1507,568,495,2563,1854,686,2
318,1626,1263,940,1017,1508,569,496,2656,1857,685,2
319,1629,1263,942,1018,1507,568,495,2756,1856,686,2
320,1626,1263,942,1018,1507,568,498,2798,1856,686,2
321,1627,1264,940,1019,1507,568,497,2787,1858,687,3
322,1626,1256,938,1016,1504,566,497,2651,1856,687,3
323,1611,1258,938,1017,1504,566,496,2562,1857,686,3
324,1622,1275,938,1025,1502,566,499,2585,1858,686,3
325,1614,1260,938,1027,1504,565,499,2689,1859,686,3
326,1608,1261,939,1030,1504,566,500,2770,1858,686,3
327,1624,1262,938,1033,1504,568,500,2804,1858,689,3
328,1611,1263,939,1034,1502,566,499,2759,1859,686,3
329,1616,1250,939,1036,1503,566,501,2624,1859,686,3
330,1620,1260,936,1039,1506,566,503,2552,1860,686,3
331,1618,1248,938,1041,1506,565,503,2602,1860,686,3
332,1630,1258,940,1042,1505,566,503,2716,1860,687,3
333,1616,1259,940,1044,1504,566,503,2788,1862,687,3
334,1620,1255,939,1045,1502,566,504,2802,1862,687,3
335,1621,1266,937,1048,1505,566,503,2728,1862,688,3
336,1609,1263,940,1048,1503,566,505,2602,1862,687,3
337,1614,1256,938,1049,1498,568,507,2558,1863,686,3
338,1615,1257,939,1048,1504,566,506,2633,1864,686,3
339,1619,1258,940,1050,1503,566,507,2742,1864,688,3
340,1588,1258,939,1050,1505,567,514,2794,1864,687,3
341,1606,1260,938,1050,1501,566,509,2798,1864,687,3
342,1600,1260,940,1050,1504,567,508,2690,1865,687,3
343,1620,1266,939,1050,1503,566,506,2585,1864,687,3
344,1648,1263,939,1049,1500,566,508,2572,1867,687,3
345,1610,1259,939,1047,1506,565,508,2664,1866,689,3
346,1623,1252,940,1043,1504,566,506,2765,1866,688,3
347,1620,1266,939,1046,1504,568,507,2802,1866,688,3
348,1622,1269,939,1043,1504,566,506,2784,1866,688,3
349,1646,1263,940,1043,1497,565,507,2654,1867,687,3
350,1622,1262,939,1041,1504,566,507,2566,1867,690,3
351,1622,1264,940,1039,1504,566,506,2590,1867,688,3
352,1629,1259,940,1038,1504,568,503,2696,1868,689,3
353,1622,1256,939,1036,1503,566,505,2775,1869,687,3
354,1625,1264,940,1036,1502,566,505,2802,1868,687,3
355,1619,1266,939,1033,1506,563,507,2753,1869,689,3
356,1624,1259,940,1032,1504,566,506,2618,1868,689,3
357,1624,1258,940,1030,1504,566,498,2552,1869,687,3
358,1620,1247,940,1029,1503,564,505,2613,1870,688,3
359,1610,1262,940,1026,1505,565,505,2726,1870,689,3
360,1626,1259,937,1026,1503,565,506,2787,1870,688,3
361,1605,1260,940,1021,1504,566,503,2804,1870,687,3
362,1621,1259,942,1019,1501,566,504,2712,1870,689,3
363,1626,1266,938,1019,1502,566,505,2592,1871,688,3
364,1622,1254,939,1011,1503,565,504,2562,1872,689,3
365,1643,1263,939,1018,1505,565,504,2643,1871,688,3
366,1626,1261,941,1017,1501,566,504,2743,1871,689,3
367,1622,1267,939,1017,1502,566,504,2794,1872,689,3
368,1623,1274,937,1014,1503,565,504,2795,1872,688,3
369,1626,1261,939,1013,1503,564,501,2674,1874,688,3
370,1615,1274,939,1010,1504,565,501,2566,1874,689,3
371,1631,1259,940,1010,1505,566,502,2577,1872,688,3
372,1646,1262,941,1007,1504,566,502,2674,1872,688,3
373,1620,1262,939,1007,1502,566,499,2768,1872,689,3
374,1601,1257,940,1006,1502,566,500,2798,1873,688,3
375,1622,1260,938,1005,1502,565,501,2771,1874,689,3
376,1616,1262,939,1003,1505,566,499,2641,1873,687,3
377,1620,1270,939,1001,1504,566,500,2550,1873,688,3
378,1618,1268,938,1001,1502,566,502,2592,1873,688,3
379,1621,1268,940,1000,1502,567,498,2702,1874,687,3
380,1619,1263,939,1000,1504,567,499,2779,1873,688,3
381,1622,1261,939,1000,1504,567,498,2803,1874,688,3
382,1625,1260,940,997,1501,565,499,2735,1874,687,3
383,1614,1259,938,996,1504,565,498,2605,1874,688,3
384,1646,1260,940,995,1502,566,498,2544,1874,688,3
385,1619,1258,939,995,1502,565,496,2616,1874,686,3
386,1619,1257,939,995,1502,566,498,2727,1875,690,3
387,1626,1259,940,991,1503,565,497,2792,1874,687,3
388,1624,1260,939,992,1504,565,496,2800,1873,688,3
389,1613,1260,938,992,1505,565,496,2694,1874,688,3
390,1601,1258,938,991,1501,566,495,2574,1880,686,3
391,1624,1261,939,987,1502,565,498,2562,1875,686,3
392,1584,1255,936,988,1504,564,494,2648,1874,687,3
393,1620,1270,938,988,1503,565,494,2754,1873,688,3
394,1619,1269,939,989,1503,566,494,2795,1875,686,3
395,1633,1262,937,987,1501,566,494,2781,1875,685,3
396,1615,1239,939,985,1506,565,495,2655,1874,687,3
397,1614,1261,938,986,1502,565,495,2552,1874,685,3
398,1622,1265,939,986,1502,566,493,2574,1875,686,3
399,1618,1258,937,986,1502,566,494,2675,1874,685,3
400,1618,1237,938,984,1502,567,494,2767,1875,686,3
401,1620,1269,938,984,1501,565,494,2798,1874,686,3
402,1626,1259,938,983,1502,564,493,2754,1874,687,3
403,1608,1262,938,982,1502,566,492,2615,1875,686,3
404,1618,1271,939,982,1504,565,492,2541,1873,685,3
405,1619,1262,937,981,1501,565,493,2593,1874,686,3
406,1616,1258,939,979,1501,564,491,2706,1874,687,3
407,1620,1244,939,981,1498,564,492,2785,1874,686,3
408,1617,1258,939,978,1502,565,491,2794,1873,686,3
409,1618,1263,940,978,1502,566,491,2714,1874,686,3
410,1626,1260,937,978,1500,567,492,2581,1874,686,3
411,1619,1263,939,978,1502,564,490,2545,1874,686,3
412,1614,1251,938,978,1502,564,492,2618,1874,685,3
413,1622,1260,938,977,1504,565,490,2731,1874,686,3
414,1608,1259,938,977,1502,565,490,2791,1874,686,3
415,1617,1245,939,978,1503,564,491,2795,1874,687,3
416,1648,1262,941,978,1502,565,488,2667,1874,686,3
417,1621,1266,937,974,1502,565,488,2562,1874,685,3
418,1595,1261,938,974,1500,566,491,2556,1873,686,3
419,1618,1250,938,974,1500,565,489,2650,1873,684,3
420,1632,1259,938,975,1502,566,481,2749,1873,685,3
421,1630,1263,938,973,1503,565,490,2790,1874,686,3
422,1618,1268,939,971,1504,566,488,2767,1873,686,3
423,1622,1266,938,973,1502,565,488,2637,1874,686,3
424,1611,1257,939,972,1500,563,489,2537,1874,686,3
425,1612,1260,935,972,1499,564,487,2573,1872,684,3
426,1610,1259,939,973,1500,564,489,2690,1873,686,3
427,1618,1246,938,971,1504,564,490,2771,1874,686,3
428,1619,1261,938,971,1503,565,486,2798,1874,686,3
429,1613,1254,938,970,1502,566,490,2737,1874,686,3
430,1610,1249,938,971,1499,565,487,2603,1874,685,3
431,1618,1266,938,971,1501,565,488,2539,1874,686,3
432,1614,1250,940,970,1501,563,489,2594,1874,685,3
433,1616,1263,937,969,1503,566,487,2716,1874,686,3
434,1615,1246,938,970,1504,565,488,2784,1874,686,3
435,1612,1260,938,969,1501,566,487,2795,1875,685,3
436,1582,1255,938,968,1502,565,486,2699,1874,685,3
437,1588,1257,938,970,1499,566,489,2576,1875,684,3
438,1615,1270,938,969,1502,565,486,2539,1874,686,3
439,1616,1270,938,969,1502,566,488,2624,1874,684,3
440,1623,1260,937,969,1501,566,487,2736,1874,685,3
441,1618,1248,939,967,1494,565,490,2792,1875,686,3
442,1615,1237,939,968,1502,566,490,2792,1875,686,3
443,1594,1256,938,970,1501,566,490,2664,1875,686,3
444,1622,1257,938,979,1502,564,486,2553,1874,686,3
445,1616,1258,937,968,1501,566,487,2552,1878,684,3
446,1615,1248,938,968,1491,563,488,2664,1875,685,3
447,1615,1260,938,968,1502,564,488,2758,1876,685,3
448,1623,1266,938,968,1502,565,486,2787,1876,686,3
449,1616,1254,938,968,1502,565,488,2763,1875,685,3
450,1609,1250,937,968,1498,566,488,2630,1876,685,3
451,1594,1258,939,967,1502,564,494,2540,1877,686,3
452,1616,1266,939,968,1511,564,488,2572,1876,686,3
453,1612,1255,938,964,1503,565,490,2691,1876,688,3
454,1616,1262,938,968,1503,565,486,2773,1878,686,3
455,1620,1268,939,967,1501,564,489,2792,1877,686,3
456,1614,1253,938,969,1501,565,488,2737,1877,686,3
457,1614,1258,940,967,1502,564,488,2597,1878,686,3
458,1616,1257,936,967,1502,565,487,2537,1876,686,3
459,1607,1253,939,966,1502,566,490,2600,1876,686,3
460,1586,1258,939,966,1501,566,487,2722,1878,685,3
461,1640,1260,938,967,1502,565,488,2778,1876,686,3
462,1614,1261,938,968,1504,565,488,2794,1878,686,3
463,1616,1255,938,966,1502,565,488,2690,1879,686,3
464,1611,1254,938,968,1502,565,488,2567,1878,686,3
465,1619,1264,938,968,1501,564,488,2540,1878,685,3
466,1613,1251,938,966,1500,565,489,2640,1878,685,3
467,1595,1256,937,967,1502,565,490,2744,1878,686,3
468,1643,1259,939,966,1502,565,490,2786,1877,686,3
469,1610,1259,937,967,1501,565,488,2787,1878,687,3
470,1629,1258,938,966,1501,566,487,2650,1878,685,3
471,1582,1255,939,966,1503,564,488,2550,1878,686,3
472,1619,1258,938,967,1502,564,488,2560,1879,686,3
473,1587,1255,940,966,1502,565,487,2672,1879,686,3
474,1619,1258,938,966,1504,565,488,2757,1878,686,3
475,1584,1257,938,967,1503,565,486,2796,1879,686,3
476,1614,1252,939,966,1499,564,488,2762,1879,686,3
477,1621,1262,938,966,1501,564,488,2619,1879,682,3
478,1617,1245,938,966,1502,565,488,2540,1878,686,3
479,1619,1263,937,968,1501,566,487,2578,1879,686,3
480,1619,1265,938,967,1500,565,488,2703,1880,685,3
481,1628,1261,938,966,1502,565,488,2771,1879,686,3
482,1613,1260,937,968,1502,564,488,2798,1880,686,3
483,1610,1257,939,966,1502,566,488,2715,1880,686,3
484,1622,1262,939,968,1502,565,488,2589,1879,687,3
485,1618,1260,939,967,1502,564,487,2540,1880,685,3
486,1627,1260,937,966,1501,566,486,2609,1880,684,3
487,1608,1257,938,966,1501,565,488,2726,1880,685,3
488,1612,1251,938,965,1495,565,487,2790,1880,686,3
489,1620,1268,938,965,1502,567,486,2788,1879,686,3
490,1609,1259,939,966,1500,563,488,2680,1880,684,3
491,1612,1250,940,968,1498,566,488,2567,1879,686,3
492,1620,1268,938,967,1501,564,488,2546,1880,686,3
493,1610,1258,938,965,1502,565,487,2647,1880,685,3
494,1631,1260,931,965,1502,566,486,2744,1879,686,3
495,1616,1265,937,965,1502,566,487,2788,1880,685,3
496,1589,1258,938,965,1501,565,486,2781,1880,685,3
497,1608,1254,938,952,1502,566,488,2638,1879,684,3
498,1619,1258,938,964,1500,565,487,2542,1879,686,3
499,1607,1257,936,965,1502,566,487,2571,1880,686,3
500,1618,1239,939,964,1501,565,488,2679,1881,685,3
501,1654,1260,938,965,1501,564,489,2762,1880,686,3
502,1621,1263,939,963,1503,565,488,2790,1880,685,3
503,1606,1258,938,964,1501,565,489,2750,1880,686,3
504,1609,1254,940,962,1504,565,488,2603,1880,686,3
505,1617,1256,938,963,1501,558,486,2534,1881,683,3
506,1619,1278,939,963,1501,565,488,2586,1881,686,3
507,1615,1259,941,964,1502,564,488,2710,1880,686,3
508,1615,1244,938,964,1502,565,486,2779,1880,686,3
509,1617,1256,938,964,1503,565,488,2791,1880,684,3
510,1617,1266,937,964,1501,566,486,2703,1881,684,3
511,1622,1260,938,964,1501,566,487,2582,1881,686,3
512,1614,1246,940,962,1503,565,488,2543,1880,686,3
513,1612,1251,939,964,1502,565,488,2619,1880,684,3
514,1615,1268,937,964,1501,566,486,2731,1878,684,3
515,1620,1265,938,964,1504,565,486,2783,1880,684,3
516,1590,1256,937,963,1502,564,486,2790,1880,686,3
517,1615,1244,939,963,1502,564,488,2668,1880,685,3
518,1614,1253,939,963,1502,564,488,2560,1878,685,3
519,1616,1257,937,964,1501,566,485,2552,1878,684,3
520,1617,1272,938,963,1501,566,486,2650,1880,684,3
521,1622,1267,939,963,1502,565,486,2749,1880,685,3
522,1618,1261,940,962,1502,565,486,2794,1880,685,3
523,1618,1263,938,962,1503,566,486,2771,1880,684,3
524,1635,1259,940,962,1502,566,479,2626,1880,684,3
525,1619,1259,939,961,1501,568,485,2534,1880,684,3
526,1622,1258,938,962,1502,565,486,2572,1880,684,3
527,1624,1260,939,960,1503,564,486,2683,1880,686,3
528,1581,1255,939,964,1504,565,485,2773,1879,684,3
529,1619,1265,938,962,1503,565,484,2797,1880,684,3
530,1617,1262,938,962,1499,565,485,2730,1879,685,3
531,1617,1240,937,962,1502,564,485,2598,1880,683,3
532,1631,1259,930,962,1502,566,481,2531,1879,684,3
533,1633,1260,938,962,1502,565,483,2595,1878,684,3
534,1619,1274,938,962,1502,566,485,2714,1878,684,3
535,1620,1272,936,960,1502,566,483,2777,1879,683,3
536,1620,1271,939,960,1503,565,486,2789,1879,684,3
537,1597,1256,940,961,1502,566,491,2692,1878,683,3
538,1602,1255,948,960,1503,565,490,2570,1880,683,3
539,1616,1263,938,961,1503,565,485,2544,1878,684,3
540,1618,1262,938,960,1502,566,484,2633,1878,684,3
541,1618,1262,937,961,1502,565,484,2744,1879,684,3
542,1611,1256,938,958,1502,566,485,2794,1878,683,3
543,1614,1251,939,961,1502,566,485,2786,1878,684,3
544,1624,1256,940,958,1504,566,483,2645,1877,684,3
545,1627,1257,938,960,1502,566,482,2539,1879,682,3
546,1630,1257,933,957,1503,565,475,2550,1877,684,3
547,1618,1255,938,955,1502,566,485,2662,1878,684,3
548,1621,1254,939,958,1504,565,483,2758,1878,682,3
549,1620,1265,938,956,1506,565,481,2792,1878,682,3
550,1619,1274,938,956,1502,564,485,2754,1878,682,3
551,1619,1253,938,956,1502,565,482,2609,1878,683,3
552,1626,1260,939,957,1502,566,482,2526,1877,682,3
553,1621,1266,938,956,1507,565,483,2575,1878,682,3
554,1602,1255,936,955,1502,566,481,2702,1876,680,3
555,1624,1262,937,955,1501,565,482,2774,1878,683,3
556,1623,1263,938,956,1504,566,481,2788,1875,683,3
557,1598,1256,937,955,1502,566,479,2714,1877,682,3
558,1625,1259,938,955,1500,566,481,2574,1876,681,3
559,1610,1256,938,956,1502,566,482,2537,1876,681,3
560,1592,1258,938,954,1502,565,481,2610,1876,681,3
561,1627,1264,938,954,1501,565,482,2720,1875,682,3
562,1601,1256,936,955,1502,566,480,2786,1875,682,3
563,1623,1261,936,958,1502,566,481,2785,1875,682,3
564,1603,1253,946,954,1503,566,481,2672,1875,682,3
565,1595,1258,939,962,1502,565,481,2558,1875,683,3
566,1624,1265,938,952,1500,566,481,2538,1875,682,3
567,1624,1257,938,961,1504,568,480,2642,1875,682,3
568,1622,1266,938,952,1502,567,480,2744,1874,682,3
569,1625,1260,938,952,1501,566,478,2792,1875,681,3
570,1620,1270,937,951,1502,565,480,2771,1874,682,3
571,1618,1256,939,952,1502,566,479,2630,1874,680,3
572,1616,1272,937,952,1502,566,480,2530,1873,681,3
573,1622,1253,939,952,1502,567,479,2562,1872,682,3
574,1617,1250,937,952,1502,566,477,2674,1873,682,3
575,1622,1261,938,951,1504,566,478,2760,1874,682,3
576,1645,1259,936,952,1501,565,480,2788,1874,680,3
577,1628,1262,938,949,1502,566,470,2733,1873,682,3
578,1616,1253,938,953,1502,567,478,2598,1873,682,3
579,1647,1259,938,952,1502,566,480,2524,1872,681,3
580,1617,1247,937,952,1502,566,478,2588,1873,680,3
581,1618,1260,938,950,1502,566,478,2708,1872,680,3
582,1616,1262,937,949,1502,566,476,2778,1872,680,3
583,1608,1256,938,950,1503,566,480,2795,1871,680,3
584,1613,1261,937,951,1502,566,474,2691,1872,682,3
585,1629,1257,937,958,1502,566,477,2568,1873,680,3
586,1620,1273,938,948,1502,566,478,2530,1870,680,3
587,1619,1268,938,948,1501,565,477,2614,1872,680,3
588,1622,1256,938,950,1502,564,478,2730,1870,680,3
589,1618,1256,936,949,1500,565,476,2782,1871,680,3
590,1636,1259,938,950,1501,565,477,2780,1870,680,3
591,1616,1250,937,948,1502,565,478,2652,1871,680,3
592,1616,1250,939,949,1496,567,476,2541,1870,679,3
593,1617,1262,937,949,1502,565,476,2551,1870,680,3
594,1620,1261,938,948,1501,565,476,2656,1870,680,3
595,1592,1258,938,948,1501,566,475,2755,1870,675,3
596,1618,1269,938,948,1503,566,474,2787,1869,679,3
597,1623,1269,938,948,1500,565,475,2755,1870,679,3
598,1621,1257,938,948,1502,567,474,2610,1868,680,3
599,1624,1254,938,948,1501,566,476,2522,1870,680,3
600,1612,1256,937,947,1502,565,475,2574,1870,680,3
601,1619,1260,936,947,1501,566,476,2691,1870,680,3
602,1615,1260,937,947,1500,567,474,2768,1867,679,3
603,1587,1258,937,946,1502,566,474,2795,1869,680,3
604,1587,1257,938,947,1501,566,474,2717,1870,678,3
605,1617,1254,936,946,1501,566,475,2576,1868,679,3
606,1630,1258,940,946,1502,566,476,2522,1868,680,3
607,1631,1260,940,947,1501,567,475,2596,1867,679,3
608,1617,1240,938,947,1502,568,475,2719,1867,678,3
609,1617,1239,938,945,1502,566,474,2784,1866,678,3
610,1601,1256,942,946,1501,566,473,2790,1868,680,3
611,1619,1270,937,945,1501,565,474,2666,1868,680,3
612,1621,1274,938,944,1502,566,475,2546,1867,679,3
613,1633,1259,934,945,1502,566,473,2535,1867,678,3
614,1640,1257,936,946,1501,565,473,2632,1867,679,3
615,1615,1262,936,944,1501,568,474,2744,1866,678,3
616,1594,1252,936,944,1501,566,473,2788,1866,680,3
617,1584,1254,936,944,1502,567,472,2776,1866,678,3
618,1618,1253,937,944,1502,566,474,2627,1867,678,3
619,1620,1254,937,945,1501,565,474,2526,1868,679,3
620,1611,1254,937,944,1501,566,474,2561,1867,678,3
621,1614,1257,938,945,1502,565,473,2673,1866,678,3
622,1614,1256,936,944,1501,567,474,2760,1866,679,3
623,1619,1266,936,944,1502,567,470,2788,1864,677,3
624,1620,1277,936,944,1502,566,474,2734,1864,678,3
625,1641,1258,935,943,1501,568,474,2587,1866,678,3
626,1617,1259,938,944,1502,566,474,2522,1866,679,3
627,1618,1260,936,943,1501,568,474,2580,1866,678,3
628,1621,1264,936,944,1505,566,472,2702,1864,677,3
629,1621,1266,938,942,1502,566,471,2774,1865,677,3
630,1636,1259,939,943,1502,566,472,2787,1864,678,3
631,1617,1260,937,943,1501,565,472,2691,1866,679,3
632,1614,1260,936,943,1502,566,472,2564,1865,678,3
633,1621,1262,936,943,1504,567,471,2526,1864,676,3
634,1617,1270,937,942,1501,566,472,2614,1864,677,3
635,1642,1259,937,944,1500,566,473,2730,1864,678,3
636,1615,1260,936,943,1502,566,471,2786,1863,677,3
637,1614,1258,938,940,1501,566,472,2784,1863,678,3
638,1617,1267,936,942,1502,567,472,2643,1862,678,3
639,1616,1254,935,943,1501,566,471,2534,1864,677,3
640,1614,1252,936,942,1499,568,471,2547,1864,676,3
641,1613,1259,937,942,1501,566,472,2656,1863,678,3
642,1602,1255,938,943,1502,565,472,2754,1862,679,3
643,1616,1256,938,941,1502,567,472,2788,1862,678,3
644,1622,1256,936,941,1501,567,470,2749,1862,678,3
645,1619,1259,937,943,1502,567,471,2608,1862,676,3
646,1611,1257,938,948,1501,566,472,2523,1861,678,3
647,1624,1266,938,942,1499,566,470,2564,1862,677,3
648,1635,1260,938,940,1501,566,472,2688,1862,682,3
649,1614,1251,936,941,1499,565,471,2773,1862,676,3
650,1611,1256,936,940,1502,565,473,2793,1861,679,3
651,1619,1248,938,940,1499,566,472,2706,1862,678,3
652,1618,1256,937,942,1501,566,472,2570,1862,678,3
653,1618,1238,936,941,1501,567,470,2528,1862,678,3
654,1618,1257,937,942,1499,566,470,2603,1861,677,3
655,1620,1267,935,940,1500,568,469,2716,1862,676,3
656,1640,1259,938,942,1501,565,472,2774,1860,677,3
657,1613,1250,936,940,1501,566,472,2787,1860,677,3
658,1600,1255,938,939,1502,567,470,2666,1859,676,3
659,1623,1260,938,940,1506,567,471,2542,1860,675,3
660,1629,1259,935,941,1500,568,470,2532,1861,676,3
661,1618,1262,937,940,1500,565,470,2639,1861,677,3
662,1603,1255,934,939,1501,568,468,2745,1859,676,3
663,1620,1256,936,940,1502,567,471,2786,1859,676,3
664,1636,1259,934,940,1500,566,472,2765,1859,682,3
665,1616,1262,935,939,1500,566,469,2625,1860,676,3
666,1617,1266,936,940,1499,566,470,2522,1860,676,3
667,1618,1256,936,939,1499,566,470,2554,1859,677,3
668,1618,1239,938,940,1502,566,470,2679,1859,675,3
669,1618,1258,937,939,1499,566,469,2764,1859,677,3
670,1620,1279,935,940,1500,566,470,2788,1859,676,3
671,1612,1252,936,938,1500,566,471,2731,1858,677,3
672,1618,1262,938,939,1501,566,470,2586,1862,677,3
673,1621,1262,935,940,1508,568,469,2518,1858,677,3
674,1616,1256,935,939,1500,566,470,2581,1859,676,3
675,1620,1247,936,940,1501,566,469,2710,1859,677,3
676,1607,1257,937,947,1502,565,470,2770,1858,676,3
677,1616,1269,936,939,1502,566,468,2785,1858,676,3
678,1611,1249,936,940,1498,566,470,2685,1858,676,3
679,1614,1259,938,939,1502,566,469,2555,1858,676,3
680,1619,1266,935,939,1500,566,468,2524,1859,675,3
681,1626,1255,937,937,1501,565,470,2626,1858,676,3
682,1616,1242,937,939,1502,565,470,2735,1858,676,3
683,1622,1263,936,938,1506,567,468,2781,1857,676,3
684,1618,1256,936,939,1502,567,468,2774,1858,676,3
685,1614,1241,935,939,1501,566,469,2637,1858,675,3
686,1624,1259,936,939,1502,568,467,2523,1857,676,3
687,1615,1254,936,936,1500,565,470,2543,1858,675,3
688,1618,1244,936,937,1501,567,470,2664,1856,676,3
689,1614,1254,938,938,1502,567,468,2758,1856,675,3
690,1614,1254,936,937,1500,566,469,2786,1856,675,3
691,1617,1243,938,939,1501,566,469,2745,1857,677,3
692,1610,1253,938,939,1502,566,469,2600,1857,676,3
693,1616,1254,936,938,1501,568,468,2518,1853,675,3
694,1636,1259,936,938,1502,566,469,2569,1856,676,3
695,1610,1257,936,938,1500,565,469,2699,1858,675,3
696,1617,1257,936,938,1500,566,469,2766,1854,675,3
697,1652,1259,936,932,1502,564,470,2787,1856,676,3
698,1606,1253,942,938,1500,565,476,2705,1854,676,3
699,1621,1263,936,938,1501,565,468,2563,1853,675,3
700,1612,1250,936,938,1499,566,467,2526,1856,674,3
701,1595,1253,935,938,1501,568,467,2607,1854,674,3
702,1616,1272,936,938,1499,565,469,2722,1856,674,3
703,1615,1247,935,937,1502,567,468,2788,1854,675,3
704,1612,1257,936,937,1500,567,466,2778,1854,675,3
705,1617,1253,937,938,1500,566,467,2648,1854,674,3
706,1614,1231,937,938,1501,566,469,2539,1856,676,3
707,1604,1254,936,937,1502,566,472,2538,1854,676,3
708,1622,1254,938,938,1502,565,470,2642,1853,674,3
709,1612,1253,935,937,1499,565,468,2753,1853,675,3
710,1589,1256,935,938,1502,566,467,2786,1853,674,3
711,1634,1258,937,937,1500,566,469,2757,1853,674,3
712,1618,1242,936,936,1500,566,468,2612,1853,676,3
713,1620,1264,936,938,1500,567,467,2520,1853,675,3
714,1622,1256,936,938,1501,567,468,2558,1852,674,3
715,1613,1260,935,936,1501,567,469,2684,1854,674,3
716,1616,1252,936,937,1500,569,467,2760,1851,674,3
717,1642,1256,936,938,1500,568,468,2785,1852,673,3
718,1598,1254,934,937,1499,566,466,2720,1851,675,3
719,1619,1268,936,937,1502,566,467,2573,1852,675,3
720,1618,1246,936,936,1502,566,467,2521,1853,675,3
