Count,S1,S2,S3,S4,S5,S6,S7,S8,S9,S10,Flag
1,2219,2580,2616,3316,3352,779,3371,3494,3506,2007,0
2,2224,2598,2618,3315,3352,778,3371,3495,3508,2004,0
3,2219,2598,2617,3316,3353,776,3373,3489,3507,2007,0
4,2219,2575,2615,3316,3353,777,3371,3491,3506,2008,0
5,2220,2599,2616,3317,3353,777,3373,3493,3506,2010,0
6,2218,2586,2618,3316,3354,778,3374,3494,3507,2008,0
7,2223,2598,2618,3315,3352,777,3373,3495,3507,2008,0
8,2219,2598,2618,3315,3354,778,3374,3498,3505,2007,0
9,2218,2576,2617,3316,3352,776,3375,3496,3506,2008,0
10,2219,2605,2616,3316,3355,777,3370,3486,3507,2008,0
11,2220,2596,2618,3315,3353,778,3370,3483,3507,2006,0
12,2204,2595,2616,3316,3354,777,3368,3485,3506,2008,0
13,2228,2596,2618,3317,3354,781,3370,3488,3506,2008,0
14,2218,2599,2616,3316,3354,778,3371,3496,3507,2005,0
15,2218,2598,2618,3315,3350,780,3370,3488,3507,2010,0
16,2210,2596,2618,3315,3354,771,3371,3496,3506,2008,0
17,2219,2587,2618,3317,3353,778,3372,3495,3506,2010,0
18,2218,2599,2617,3316,3354,779,3371,3495,3508,2008,0
19,2235,2595,2619,3316,3354,777,3371,3491,3506,2010,0
20,2220,2606,2618,3317,3354,779,3371,3483,3507,2010,0
21,2222,2595,2618,3317,3355,778,3370,3488,3506,2009,1
22,2198,2600,2618,3318,3354,778,3371,3488,3507,2008,1
23,2226,2600,2618,3317,3354,779,3371,3489,3507,2009,1
24,2219,2599,2619,3317,3354,778,3372,3498,3506,2010,1
25,2222,2598,2618,3315,3354,779,3372,3494,3508,2009,1
26,2219,2597,2617,3315,3354,779,3370,3491,3507,2009,1
27,2224,2594,2618,3318,3354,777,3373,3492,3507,2008,1
28,2207,2598,2619,3317,3355,778,3372,3494,3508,2009,1
29,2216,2599,2627,3317,3354,778,3371,3484,3507,2008,1
30,2234,2598,2619,3318,3354,778,3371,3494,3506,2008,1
31,2226,2600,2620,3318,3356,779,3372,3497,3507,2007,1
32,2208,2600,2619,3317,3354,779,3374,3490,3507,2008,1
33,2216,2598,2619,3318,3355,777,3374,3489,3508,2008,1
34,2224,2599,2621,3318,3355,779,3371,3494,3507,2010,1
35,2220,2600,2619,3318,3356,780,3373,3486,3508,2011,1
36,2218,2597,2621,3320,3354,779,3374,3496,3508,2011,1
37,2222,2600,2619,3320,3355,778,3378,3500,3508,2011,1
38,2222,2598,2621,3320,3355,781,3375,3494,3510,2016,1
39,2226,2602,2620,3322,3354,779,3377,3496,3507,2015,1
40,2217,2596,2619,3322,3356,780,3379,3504,3510,2021,1
41,2242,2602,2624,3323,3355,777,3382,3502,3510,2022,1
42,2211,2598,2620,3324,3356,778,3379,3496,3510,2026,1
43,2225,2601,2621,3329,3356,779,3384,3504,3510,2027,1
44,2223,2598,2622,3326,3357,778,3384,3498,3510,2031,1
45,2232,2604,2624,3326,3355,777,3384,3502,3510,2034,1
46,2221,2601,2624,3331,3357,778,3387,3511,3514,2036,1
47,2238,2602,2624,3334,3357,780,3388,3513,3513,2039,1
48,2223,2603,2624,3334,3358,780,3392,3506,3514,2042,1
49,2230,2607,2622,3335,3358,780,3394,3514,3514,2049,1
50,2173,2609,2625,3338,3360,780,3395,3508,3514,2050,1
51,2146,2598,2625,3338,3361,780,3394,3510,3514,2053,1
52,2180,2599,2619,3338,3358,779,3395,3518,3514,2053,1
53,2171,2600,2627,3339,3359,781,3402,3514,3514,2058,1
54,2172,2589,2627,3342,3360,780,3403,3524,3514,2058,1
55,2198,2603,2627,3342,3359,778,3403,3524,3514,2062,1
56,2168,2605,2632,3345,3361,780,3405,3521,3515,2064,1
57,2177,2606,2630,3345,3358,780,3408,3530,3514,2066,1
58,2179,2608,2629,3347,3362,781,3410,3524,3516,2067,1
59,2163,2603,2628,3347,3362,780,3410,3526,3516,2070,1
60,2179,2607,2630,3350,3361,779,3413,3528,3515,2070,1
61,2180,2613,2630,3351,3362,782,3414,3530,3515,2072,1
62,2179,2603,2631,3352,3362,781,3416,3536,3515,2074,1
63,2183,2606,2632,3354,3362,782,3418,3539,3516,2073,1
64,2186,2609,2634,3354,3362,781,3418,3539,3514,2074,1
65,2178,2606,2634,3357,3363,782,3420,3537,3518,2075,1
66,2168,2607,2633,3358,3363,782,3422,3532,3516,2077,1
67,2184,2609,2635,3358,3363,782,3422,3539,3516,2079,1
68,2191,2613,2635,3359,3364,781,3420,3534,3516,2081,1
69,2176,2610,2635,3361,3364,782,3426,3536,3518,2081,1
70,2187,2606,2635,3362,3365,782,3426,3536,3518,2083,1
71,2192,2612,2636,3361,3363,782,3426,3538,3517,2083,1
72,2210,2610,2638,3363,3363,783,3430,3544,3518,2084,1
73,2194,2611,2638,3363,3365,783,3429,3538,3520,2086,1
74,2187,2604,2637,3363,3365,782,3427,3544,3518,2086,1
75,2200,2614,2639,3363,3366,784,3428,3542,3518,2089,1
76,2191,2611,2640,3366,3366,784,3430,3545,3518,2088,1
77,2187,2613,2639,3364,3366,784,3431,3544,3518,2090,1
78,2181,2614,2642,3364,3368,784,3432,3539,3520,2088,1
79,2193,2618,2642,3365,3368,784,3433,3547,3518,2091,1
80,2196,2616,2642,3366,3368,784,3434,3539,3520,2090,1
81,2193,2615,2641,3366,3368,782,3435,3548,3518,2091,1
82,2192,2615,2642,3366,3366,784,3434,3538,3520,2091,1
83,2167,2615,2642,3369,3366,785,3436,3539,3517,2091,1
84,2194,2616,2642,3370,3374,786,3438,3547,3522,2090,1
85,2201,2619,2643,3363,3370,783,3435,3542,3518,2092,1
86,2214,2618,2643,3369,3369,784,3439,3548,3520,2090,1
87,2197,2613,2643,3370,3369,786,3439,3541,3520,2090,1
88,2193,2617,2646,3368,3369,784,3439,3547,3516,2090,1
89,2200,2617,2646,3370,3368,784,3440,3549,3520,2088,1
90,2198,2618,2647,3369,3370,782,3440,3548,3516,2088,1
91,2215,2621,2644,3371,3369,784,3439,3546,3520,2087,1
92,2200,2622,2648,3371,3370,784,3439,3542,3516,2087,1
93,2195,2616,2646,3370,3371,786,3440,3548,3517,2086,1
94,2186,2624,2648,3368,3371,784,3438,3539,3520,2085,1
95,2196,2624,2646,3370,3370,784,3440,3546,3517,2082,1
96,2203,2622,2648,3370,3369,787,3438,3538,3520,2081,1
97,2198,2626,2647,3370,3370,784,3439,3541,3515,2080,1
98,2200,2629,2647,3371,3372,785,3443,3535,3517,2075,1
99,2193,2624,2648,3370,3371,786,3439,3531,3517,2074,1
100,2195,2617,2650,3369,3372,784,3437,3538,3514,2073,1
101,2201,2620,2649,3370,3370,784,3438,3534,3515,2070,1
102,2196,2628,2650,3368,3372,785,3438,3538,3515,2070,1
103,2214,2626,2650,3370,3371,786,3435,3532,3515,2068,1
104,2198,2626,2649,3368,3371,784,3434,3531,3514,2065,1
105,2196,2620,2651,3365,3373,779,3432,3526,3514,2062,1
106,2194,2625,2651,3365,3373,785,3432,3520,3514,2059,1
107,2198,2618,2651,3367,3371,784,3428,3523,3513,2059,1
108,2182,2624,2651,3362,3372,786,3426,3515,3514,2055,1
109,2197,2627,2651,3363,3373,786,3426,3522,3512,2054,1
110,2203,2627,2651,3361,3374,788,3424,3514,3511,2051,1
111,2200,2624,2651,3359,3373,784,3426,3520,3512,2046,1
112,2254,2630,2650,3358,3374,785,3419,3507,3512,2044,1
113,2250,2626,2650,3358,3373,784,3418,3504,3511,2042,1
114,2251,2625,2650,3354,3374,785,3416,3503,3512,2042,1
115,2237,2627,2651,3352,3373,784,3414,3502,3510,2039,1
116,2251,2624,2651,3350,3371,786,3411,3501,3511,2038,1
117,2259,2629,2649,3350,3373,785,3411,3502,3510,2034,1
118,2251,2625,2648,3347,3374,785,3409,3502,3509,2034,1
119,2254,2630,2649,3346,3373,785,3409,3499,3509,2031,1
120,2257,2622,2650,3343,3372,786,3405,3500,3507,2028,1
121,2250,2643,2649,3341,3371,783,3404,3490,3507,2026,2
122,2253,2630,2650,3339,3374,786,3401,3490,3507,2025,2
123,2257,2634,2651,3335,3372,786,3398,3490,3507,2024,2
124,2256,2629,2650,3334,3373,785,3395,3489,3507,2022,2
125,2257,2630,2650,3331,3373,786,3394,3489,3506,2019,2
126,2254,2628,2650,3324,3373,785,3386,3486,3506,2018,2
127,2255,2630,2649,3323,3373,784,3381,3483,3507,2014,2
128,2252,2627,2648,3319,3371,786,3377,3476,3505,2014,2
129,2253,2628,2648,3317,3374,785,3373,3470,3503,2009,2
130,2251,2627,2646,3314,3373,784,3370,3468,3503,2004,2
131,2250,2626,2646,3310,3373,785,3364,3466,3501,2002,2
132,2246,2625,2646,3307,3371,783,3360,3466,3502,1998,2
133,2249,2626,2644,3303,3371,784,3355,3467,3501,1996,2
134,2246,2620,2644,3299,3371,783,3347,3464,3501,1992,2
135,2248,2624,2642,3298,3371,783,3345,3459,3499,1990,2
136,2248,2622,2642,3293,3371,782,3338,3451,3498,1986,2
137,2243,2619,2643,3290,3371,781,3334,3445,3497,1980,2
138,2244,2618,2640,3286,3368,779,3330,3442,3496,1978,2
139,2242,2619,2640,3283,3368,780,3320,3444,3496,1974,2
140,2243,2619,2639,3279,3370,781,3319,3446,3496,1970,2
141,2240,2618,2638,3278,3367,780,3312,3448,3494,1966,2
142,2237,2617,2637,3274,3368,780,3307,3443,3494,1963,2
143,2234,2616,2638,3270,3368,780,3302,3439,3491,1958,2
144,2234,2616,2635,3266,3368,779,3298,3433,3492,1956,2
145,2234,2614,2634,3261,3368,780,3290,3428,3490,1953,2
146,2231,2612,2633,3258,3366,780,3283,3426,3490,1947,2
147,2229,2616,2632,3254,3367,780,3279,3426,3491,1944,2
148,2229,2612,2631,3250,3366,779,3274,3429,3490,1939,2
149,2229,2610,2630,3248,3366,777,3270,3431,3488,1939,2
150,2228,2609,2629,3246,3366,778,3267,3432,3489,1934,2
151,2223,2610,2628,3241,3363,778,3257,3423,3488,1932,2
152,2226,2606,2628,3238,3363,778,3251,3418,3488,1929,2
153,2223,2607,2625,3235,3363,778,3248,3412,3486,1926,2
154,2222,2606,2625,3234,3364,777,3245,3409,3486,1922,2
155,2221,2603,2621,3227,3363,776,3235,3414,3485,1918,2
156,2218,2602,2621,3225,3363,779,3229,3417,3483,1916,2
157,2219,2603,2619,3221,3363,776,3226,3420,3482,1911,2
158,2216,2605,2617,3218,3362,776,3219,3419,3483,1910,2
159,2214,2598,2618,3215,3361,774,3216,3410,3481,1907,2
160,2216,2598,2616,3213,3359,774,3211,3400,3482,1903,2
161,2214,2598,2614,3208,3361,776,3205,3395,3481,1902,2
162,2210,2597,2612,3206,3358,775,3202,3394,3479,1898,2
163,2212,2594,2611,3203,3358,776,3195,3403,3480,1896,2
164,2211,2595,2611,3201,3357,774,3191,3408,3480,1893,2
165,2210,2595,2611,3195,3355,774,3188,3412,3479,1887,2
166,2208,2592,2609,3194,3356,774,3182,3407,3479,1889,2
167,2205,2594,2606,3190,3355,775,3178,3396,3478,1887,2
168,2202,2588,2606,3188,3356,772,3175,3387,3478,1882,2
169,2206,2591,2605,3185,3355,772,3169,3382,3478,1879,2
170,2201,2590,2603,3183,3355,772,3160,3383,3475,1879,2
171,2200,2590,2602,3179,3355,772,3158,3392,3476,1876,2
172,2200,2589,2601,3177,3353,770,3151,3394,3476,1873,2
173,2203,2585,2600,3174,3354,772,3152,3401,3475,1874,2
174,2195,2586,2599,3174,3353,774,3146,3395,3475,1870,2
175,2198,2584,2597,3169,3352,772,3142,3383,3474,1869,2
176,2195,2579,2595,3166,3352,772,3138,3375,3474,1865,2
177,2199,2581,2595,3163,3350,771,3131,3370,3473,1864,2
178,2193,2579,2593,3162,3351,772,3126,3374,3474,1862,2
179,2195,2583,2594,3158,3350,770,3124,3382,3472,1862,2
180,2190,2579,2590,3155,3349,770,3119,3388,3472,1859,2
181,2194,2578,2591,3154,3347,770,3115,3392,3470,1857,2
182,2189,2576,2589,3153,3348,769,3110,3384,3472,1852,2
183,2191,2578,2587,3149,3347,768,3106,3374,3472,1853,2
184,2185,2574,2586,3147,3346,769,3105,3364,3471,1850,2
185,2190,2575,2585,3146,3346,770,3099,3360,3470,1848,2
186,2186,2574,2586,3142,3345,768,3094,3366,3471,1846,2
187,2187,2573,2582,3142,3346,768,3090,3374,3470,1846,2
188,2184,2573,2582,3138,3345,770,3088,3382,3470,1843,2
189,2182,2572,2579,3138,3345,766,3080,3380,3467,1843,2
190,2180,2572,2577,3138,3344,768,3078,3374,3468,1839,2
191,2183,2570,2579,3132,3343,765,3076,3364,3467,1838,2
192,2181,2570,2577,3131,3342,764,3072,3354,3467,1836,2
193,2178,2568,2575,3127,3341,764,3066,3352,3467,1834,2
194,2178,2568,2575,3124,3340,764,3062,3360,3467,1832,2
195,2176,2563,2574,3125,3342,764,3059,3370,3467,1833,2
196,2177,2565,2573,3123,3339,764,3055,3374,3467,1829,2
197,2173,2565,2571,3121,3339,764,3051,3374,3466,1831,2
198,2173,2565,2571,3119,3340,764,3046,3368,3466,1827,2
199,2174,2563,2568,3118,3339,764,3042,3355,3465,1827,2
200,2171,2561,2568,3117,3339,764,3041,3346,3466,1827,2
201,2176,2562,2567,3115,3338,763,3040,3344,3465,1824,2
202,2170,2554,2566,3112,3338,763,3034,3349,3465,1821,2
203,2173,2554,2565,3110,3336,763,3032,3363,3464,1822,2
204,2169,2555,2563,3110,3337,763,3027,3368,3464,1819,2
205,2170,2554,2562,3107,3336,762,3026,3369,3466,1816,2
206,2166,2553,2562,3107,3336,763,3020,3360,3464,1817,2
207,2170,2550,2560,3104,3336,761,3019,3344,3464,1815,2
208,2166,2550,2555,3105,3334,763,3012,3336,3464,1814,2
209,2169,2550,2556,3101,3334,762,3016,3338,3463,1813,2
210,2164,2549,2555,3098,3334,763,3008,3342,3463,1812,2
211,2164,2547,2554,3098,3333,761,3008,3357,3461,1810,2
212,2163,2547,2553,3094,3333,761,3005,3363,3462,1810,2
213,2164,2550,2550,3095,3330,762,2999,3362,3461,1809,2
214,2162,2546,2551,3094,3331,760,2995,3355,3462,1808,2
215,2162,2548,2550,3091,3330,762,2995,3339,3462,1807,2
216,2160,2545,2549,3090,3330,762,2992,3333,3462,1806,2
217,2158,2544,2548,3090,3330,760,2990,3330,3460,1804,2
218,2161,2543,2547,3090,3330,762,2987,3339,3461,1803,2
219,2157,2543,2547,3090,3330,761,2986,3353,3459,1802,2
220,2156,2539,2546,3086,3328,760,2982,3358,3459,1802,2
221,2157,2539,2545,3086,3328,759,2978,3357,3459,1800,2
222,2157,2538,2545,3085,3329,758,2974,3347,3459,1798,2
223,2157,2539,2543,3083,3325,759,2974,3330,3458,1798,2
224,2154,2539,2542,3082,3325,761,2970,3323,3459,1797,2
225,2155,2539,2541,3081,3325,759,2966,3324,3459,1798,2
226,2155,2536,2540,3078,3322,759,2963,3335,3458,1795,2
227,2153,2538,2539,3079,3323,758,2964,3350,3459,1792,2
228,2152,2534,2538,3076,3322,758,2962,3354,3459,1793,2
229,2153,2537,2538,3075,3323,758,2955,3347,3458,1794,2
230,2154,2533,2538,3074,3322,760,2955,3338,3458,1790,2
231,2152,2531,2534,3073,3322,758,2952,3323,3458,1788,2
232,2150,2533,2534,3072,3321,759,2950,3318,3458,1789,2
233,2150,2530,2533,3073,3321,760,2947,3320,3458,1787,2
234,2151,2529,2534,3068,3319,760,2944,3330,3458,1786,2
235,2150,2531,2531,3068,3320,759,2942,3347,3456,1783,2
236,2150,2530,2531,3067,3319,756,2941,3348,3456,1784,2
237,2149,2528,2529,3067,3317,758,2938,3346,3456,1784,2
238,2149,2523,2529,3064,3317,760,2936,3335,3456,1784,2
239,2148,2526,2528,3064,3316,758,2934,3320,3456,1783,2
240,2144,2527,2526,3062,3317,759,2931,3315,3454,1782,2
241,2149,2522,2525,3062,3315,757,2930,3318,3453,1780,2
242,2145,2522,2523,3058,3316,759,2928,3330,3454,1781,2
243,2146,2521,2523,3060,3315,757,2926,3342,3456,1779,2
244,2142,2524,2523,3059,3315,759,2923,3344,3453,1780,2
245,2145,2524,2522,3058,3314,756,2922,3338,3452,1778,2
246,2139,2523,2520,3056,3314,758,2920,3328,3455,1777,2
247,2143,2517,2520,3056,3314,757,2917,3312,3453,1775,2
248,2138,2517,2519,3054,3313,756,2914,3309,3454,1774,2
249,2140,2518,2519,3054,3313,757,2914,3315,3452,1772,2
250,2139,2520,2518,3052,3312,758,2910,3323,3454,1775,2
251,2139,2518,2517,3054,3310,755,2912,3339,3451,1774,2
252,2139,2518,2517,3051,3310,756,2909,3343,3450,1771,2
253,2138,2516,2515,3052,3310,756,2906,3333,3451,1774,2
254,2137,2516,2516,3050,3309,758,2904,3323,3453,1771,2
255,2136,2514,2513,3049,3310,755,2902,3307,3451,1771,2
256,2137,2511,2514,3048,3309,757,2902,3305,3450,1770,2
257,2137,2515,2511,3049,3307,754,2896,3312,3451,1771,2
258,2134,2511,2511,3048,3307,756,2898,3322,3450,1771,2
259,2136,2511,2509,3045,3308,756,2895,3335,3450,1770,2
260,2137,2510,2510,3046,3307,755,2893,3336,3451,1769,2
261,2134,2511,2509,3044,3304,755,2891,3326,3450,1768,2
262,2132,2511,2508,3042,3306,756,2888,3318,3451,1767,2
263,2134,2510,2508,3046,3306,754,2888,3302,3450,1766,2
264,2133,2508,2506,3042,3304,754,2889,3301,3450,1763,2
265,2133,2507,2506,3042,3304,756,2882,3307,3450,1765,2
266,2133,2505,2504,3042,3306,755,2882,3317,3450,1762,2
267,2133,2506,2505,3040,3304,755,2883,3331,3450,1764,2
268,2130,2507,2503,3039,3303,755,2878,3336,3450,1761,2
269,2131,2504,2503,3040,3302,755,2880,3322,3449,1763,2
270,2132,2504,2502,3037,3303,756,2874,3316,3450,1761,2
271,2131,2504,2500,3038,3301,753,2872,3300,3448,1762,2
272,2133,2506,2502,3036,3302,754,2872,3298,3448,1760,2
273,2131,2504,2501,3034,3301,754,2872,3308,3449,1761,2
274,2131,2500,2500,3034,3299,755,2868,3318,3449,1759,2
275,2129,2502,2498,3034,3300,754,2870,3333,3449,1760,2
276,2128,2498,2498,3034,3301,754,2867,3334,3450,1758,2
277,2130,2503,2497,3031,3298,754,2862,3319,3447,1758,2
278,2127,2499,2497,3031,3299,754,2863,3310,3449,1757,2
279,2128,2498,2498,3032,3298,754,2866,3298,3448,1755,2
280,2125,2497,2493,3030,3298,753,2862,3294,3448,1755,2
281,2127,2501,2493,3030,3296,750,2860,3304,3447,1755,2
282,2125,2497,2492,3027,3298,754,2858,3314,3448,1755,2
283,2126,2498,2491,3030,3295,752,2858,3329,3446,1754,2
284,2123,2494,2491,3028,3296,753,2852,3330,3447,1754,2
285,2124,2493,2490,3027,3294,752,2856,3315,3447,1754,2
286,2123,2492,2488,3025,3296,752,2850,3306,3447,1753,2
287,2123,2491,2489,3024,3294,752,2851,3291,3446,1754,2
288,2123,2491,2488,3024,3294,752,2848,3292,3447,1752,2
289,2125,2488,2488,3024,3293,754,2848,3302,3446,1753,2
290,2125,2493,2485,3024,3292,752,2844,3312,3447,1752,2
291,2122,2488,2485,3023,3291,752,2846,3323,3446,1750,2
292,2123,2488,2486,3022,3292,752,2843,3326,3446,1751,2
293,2120,2484,2486,3023,3292,751,2846,3316,3446,1748,2
294,2120,2486,2484,3023,3292,752,2843,3304,3446,1748,2
295,2122,2485,2483,3022,3290,751,2838,3289,3446,1750,2
296,2124,2485,2483,3020,3290,752,2842,3290,3446,1748,2
297,2120,2486,2482,3019,3288,750,2835,3302,3446,1749,2
298,2121,2488,2482,3019,3290,751,2836,3312,3447,1747,2
299,2120,2490,2482,3019,3288,750,2834,3322,3445,1747,2
300,2120,2485,2480,3018,3289,750,2832,3321,3446,1745,2
301,2121,2486,2480,3018,3286,750,2832,3310,3444,1746,2
302,2120,2484,2480,3018,3287,751,2830,3295,3444,1746,2
303,2119,2482,2478,3017,3286,750,2831,3286,3445,1746,2
304,2119,2483,2478,3018,3286,751,2829,3285,3446,1742,2
305,2118,2480,2477,3018,3285,749,2827,3300,3443,1743,2
306,2115,2483,2477,3014,3286,751,2828,3310,3445,1744,2
307,2119,2479,2477,3016,3285,750,2828,3318,3443,1743,2
308,2117,2481,2475,3014,3283,751,2827,3319,3446,1744,2
309,2117,2478,2475,3014,3285,750,2824,3304,3444,1742,2
310,2115,2480,2475,3012,3283,751,2820,3292,3445,1743,2
311,2112,2478,2474,3014,3284,750,2822,3283,3443,1743,2
312,2115,2479,2476,3013,3282,750,2818,3283,3444,1741,2
313,2110,2476,2473,3012,3284,751,2822,3301,3446,1742,2
314,2112,2478,2472,3011,3282,748,2819,3310,3442,1742,2
315,2113,2475,2470,3011,3281,749,2820,3317,3443,1742,2
316,2112,2475,2473,3010,3280,750,2812,3317,3443,1741,2
317,2108,2475,2472,3012,3281,749,2817,3302,3443,1739,2
318,2107,2471,2471,3009,3282,748,2812,3293,3442,1738,2
319,2110,2473,2470,3010,3280,750,2811,3285,3443,1738,2
320,2108,2470,2469,3008,3280,749,2812,3285,3444,1738,2
321,2110,2474,2467,3006,3279,747,2809,3299,3443,1738,3
322,2099,2481,2462,3008,3277,744,2810,3307,3443,1736,3
323,2078,2469,2465,3012,3277,746,2811,3314,3443,1739,3
324,2095,2470,2463,3019,3278,747,2811,3314,3444,1741,3
325,2090,2466,2466,3027,3277,746,2818,3302,3442,1742,3
326,2091,2469,2464,3035,3278,747,2823,3294,3444,1744,3
327,2099,2471,2465,3043,3275,746,2830,3291,3445,1746,3
328,2101,2467,2467,3055,3275,750,2840,3306,3447,1750,3
329,2108,2480,2467,3066,3269,747,2848,3317,3448,1753,3
330,2107,2469,2467,3079,3277,749,2858,3323,3450,1756,3
331,2106,2474,2470,3092,3275,747,2873,3334,3450,1758,3
332,2112,2448,2469,3106,3277,750,2884,3336,3451,1761,3
333,2134,2472,2472,3120,3279,748,2897,3338,3450,1762,3
334,2112,2475,2472,3133,3278,750,2907,3336,3451,1766,3
335,2100,2477,2477,3146,3278,749,2916,3328,3453,1769,3
336,2120,2466,2477,3158,3278,748,2922,3331,3454,1770,3
337,2122,2483,2479,3166,3279,750,2929,3347,3452,1771,3
338,2130,2479,2482,3175,3278,748,2935,3354,3456,1772,3
339,2130,2486,2482,3178,3278,748,2944,3356,3454,1773,3
340,2130,2482,2483,3183,3282,749,2946,3354,3456,1774,3
341,2134,2466,2488,3185,3280,750,2955,3346,3454,1775,3
342,2134,2486,2488,3185,3282,750,2954,3339,3458,1777,3
343,2130,2487,2490,3186,3282,750,2962,3348,3457,1776,3
344,2127,2489,2490,3184,3280,749,2966,3350,3457,1777,3
345,2139,2488,2491,3183,3287,750,2962,3349,3458,1779,3
346,2137,2490,2491,3182,3280,749,2967,3363,3458,1782,3
347,2142,2492,2492,3179,3280,749,2970,3360,3459,1782,3
348,2143,2488,2491,3177,3282,751,2972,3357,3458,1786,3
349,2155,2491,2494,3173,3281,748,2973,3351,3458,1786,3
350,2139,2493,2496,3171,3280,750,2977,3352,3459,1790,3
351,2180,2492,2496,3170,3280,750,2977,3343,3459,1792,3
352,2154,2496,2494,3167,3278,750,2977,3344,3462,1795,3
353,2126,2491,2494,3163,3281,751,2985,3361,3461,1798,3
354,2142,2493,2494,3161,3280,750,2987,3367,3462,1800,3
355,2140,2496,2496,3160,3279,745,2988,3370,3462,1804,3
356,2142,2496,2496,3158,3280,749,2993,3371,3463,1806,3
357,2106,2496,2496,3158,3280,750,3000,3366,3464,1810,3
358,2158,2492,2496,3155,3278,750,3000,3355,3464,1813,3
359,2134,2496,2498,3154,3282,751,3006,3357,3466,1814,3
360,2142,2499,2496,3155,3278,750,3015,3363,3466,1818,3
361,2141,2490,2498,3155,3279,750,3016,3366,3466,1820,3
362,2142,2496,2497,3155,3279,750,3022,3377,3467,1820,3
363,2161,2491,2497,3156,3280,750,3025,3375,3467,1826,3
364,2147,2496,2496,3157,3279,750,3030,3376,3470,1828,3
365,2133,2493,2498,3158,3279,752,3036,3378,3470,1830,3
366,2137,2491,2498,3160,3279,754,3038,3371,3470,1834,3
367,2134,2494,2499,3161,3280,754,3045,3369,3471,1835,3
368,2138,2498,2496,3162,3282,754,3054,3382,3471,1837,3
369,2159,2493,2500,3165,3280,751,3057,3381,3470,1839,3
370,2137,2497,2499,3168,3280,750,3063,3393,3472,1842,3
371,2138,2490,2499,3171,3280,751,3065,3399,3474,1846,3
372,2142,2490,2499,3173,3280,752,3074,3395,3472,1845,3
373,2148,2497,2502,3176,3283,750,3077,3393,3472,1845,3
374,2133,2496,2500,3177,3280,752,3081,3382,3474,1848,3
375,2139,2491,2503,3179,3282,751,3088,3392,3474,1850,3
376,2138,2491,2502,3183,3280,752,3090,3386,3474,1851,3
377,2153,2498,2503,3183,3282,752,3097,3394,3474,1853,3
378,2139,2507,2504,3186,3282,752,3098,3395,3475,1853,3
379,2157,2493,2504,3188,3283,752,3104,3400,3475,1858,3
380,2142,2492,2504,3189,3282,754,3107,3400,3476,1858,3
381,2141,2496,2506,3191,3282,755,3112,3403,3474,1857,3
382,2140,2502,2504,3193,3282,754,3118,3401,3478,1858,3
383,2110,2499,2506,3193,3283,753,3119,3400,3475,1859,3
384,2150,2504,2507,3195,3282,754,3123,3405,3477,1862,3
385,2142,2505,2507,3197,3282,753,3128,3402,3475,1861,3
386,2140,2498,2507,3198,3282,754,3126,3411,3477,1864,3
387,2149,2499,2509,3202,3283,754,3128,3408,3476,1863,3
388,2160,2501,2509,3202,3283,756,3131,3405,3477,1864,3
389,2152,2502,2509,3203,3283,755,3133,3402,3475,1864,3
390,2154,2498,2510,3203,3283,754,3136,3398,3475,1865,3
391,2154,2504,2511,3203,3283,754,3139,3397,3476,1864,3
392,2168,2504,2511,3206,3282,754,3139,3408,3477,1866,3
393,2150,2502,2510,3205,3285,754,3146,3406,3477,1864,3
394,2149,2497,2512,3206,3283,750,3148,3414,3478,1867,3
395,2142,2504,2510,3206,3286,754,3147,3418,3478,1867,3
396,2155,2504,2511,3209,3286,754,3150,3406,3478,1868,3
397,2126,2504,2514,3208,3286,754,3152,3414,3480,1868,3
398,2145,2507,2515,3208,3285,757,3154,3411,3479,1869,3
399,2142,2506,2515,3209,3286,758,3155,3413,3478,1870,3
400,2152,2510,2514,3210,3286,755,3156,3405,3478,1870,3
401,2152,2519,2514,3211,3286,757,3158,3409,3478,1870,3
402,2146,2509,2514,3210,3286,757,3162,3419,3479,1871,3
403,2128,2509,2514,3210,3286,755,3160,3419,3480,1873,3
404,2148,2491,2515,3210,3287,755,3162,3418,3480,1873,3
405,2150,2510,2515,3210,3286,755,3164,3415,3479,1874,3
406,2147,2505,2515,3210,3286,756,3166,3413,3479,1874,3
407,2149,2511,2517,3212,3286,756,3168,3412,3479,1875,3
408,2150,2498,2516,3215,3287,757,3168,3415,3480,1876,3
409,2134,2507,2518,3213,3286,758,3168,3418,3480,1878,3
410,2150,2510,2520,3213,3288,757,3173,3422,3481,1877,3
411,2152,2520,2518,3213,3287,758,3173,3417,3480,1880,3
412,2157,2514,2518,3215,3286,757,3175,3416,3481,1882,3
413,2170,2512,2521,3214,3288,758,3178,3412,3482,1884,3
414,2162,2514,2520,3215,3286,755,3178,3410,3481,1886,3
415,2150,2511,2519,3213,3287,757,3182,3418,3482,1886,3
416,2151,2510,2520,3215,3288,757,3181,3419,3482,1889,3
417,2155,2512,2520,3215,3288,758,3183,3418,3482,1890,3
418,2155,2512,2528,3216,3288,758,3184,3430,3483,1893,3
419,2147,2512,2522,3216,3288,757,3189,3431,3483,1894,3
420,2132,2511,2520,3217,3290,757,3189,3422,3483,1896,3
421,2147,2507,2522,3218,3289,758,3192,3428,3483,1898,3
422,2154,2502,2521,3218,3290,759,3195,3426,3485,1900,3
423,2155,2509,2523,3222,3288,756,3200,3418,3486,1900,3
424,2166,2515,2523,3222,3288,756,3202,3427,3486,1903,3
425,2161,2514,2522,3224,3288,756,3203,3426,3488,1906,3
426,2157,2509,2523,3223,3290,759,3206,3430,3488,1907,3
427,2148,2510,2524,3225,3289,758,3209,3435,3487,1907,3
428,2161,2521,2524,3223,3290,758,3212,3430,3489,1912,3
429,2155,2515,2525,3227,3288,760,3215,3435,3490,1914,3
430,2158,2516,2524,3229,3290,759,3217,3432,3490,1917,3
431,2156,2515,2529,3232,3291,758,3221,3438,3488,1916,3
432,2158,2524,2527,3234,3291,758,3223,3435,3489,1921,3
433,2150,2515,2532,3236,3290,757,3230,3444,3490,1920,3
434,2162,2514,2529,3236,3292,760,3226,3440,3490,1923,3
435,2166,2516,2528,3240,3291,761,3232,3442,3491,1928,3
436,2170,2517,2529,3240,3291,760,3235,3451,3491,1928,3
437,2162,2518,2531,3243,3291,760,3237,3439,3491,1930,3
438,2158,2508,2531,3243,3293,758,3238,3445,3493,1930,3
439,2153,2518,2534,3245,3291,759,3242,3446,3494,1932,3
440,2149,2518,2532,3248,3291,758,3247,3442,3494,1931,3
441,2163,2518,2534,3247,3293,760,3247,3451,3493,1934,3
442,2166,2516,2534,3249,3294,760,3246,3447,3492,1935,3
443,2164,2517,2534,3252,3294,760,3251,3451,3494,1938,3
444,2167,2504,2534,3253,3295,760,3256,3459,3494,1938,3
445,2165,2514,2534,3254,3297,759,3258,3456,3492,1939,3
446,2171,2528,2536,3255,3294,761,3258,3448,3495,1941,3
447,2170,2525,2537,3256,3296,763,3261,3449,3494,1942,3
448,2169,2517,2538,3258,3298,761,3264,3458,3494,1944,3
449,2168,2518,2538,3260,3298,761,3266,3460,3494,1943,3
450,2170,2523,2538,3261,3298,761,3267,3463,3496,1945,3
451,2173,2548,2538,3264,3295,761,3271,3458,3494,1947,3
452,2169,2529,2538,3264,3298,763,3271,3463,3496,1948,3
453,2173,2528,2541,3266,3298,761,3276,3462,3496,1948,3
454,2180,2527,2541,3266,3299,762,3274,3462,3494,1950,3
455,2198,2528,2542,3266,3299,762,3274,3458,3494,1952,3
456,2176,2531,2543,3268,3299,762,3277,3457,3496,1950,3
457,2173,2530,2543,3272,3299,762,3280,3461,3496,1954,3
458,2168,2531,2545,3270,3298,762,3285,3470,3496,1954,3
459,2159,2530,2544,3273,3299,762,3286,3463,3496,1955,3
460,2172,2522,2544,3273,3299,761,3289,3467,3496,1956,3
461,2177,2532,2546,3273,3299,762,3291,3466,3496,1956,3
462,2190,2530,2546,3274,3302,763,3287,3466,3497,1959,3
463,2176,2528,2547,3276,3301,762,3290,3465,3496,1959,3
464,2177,2531,2547,3275,3300,762,3291,3462,3497,1960,3
465,2202,2536,2547,3276,3301,762,3292,3470,3496,1960,3
466,2178,2530,2549,3278,3302,762,3291,3466,3497,1960,3
467,2189,2534,2546,3278,3302,762,3298,3467,3497,1961,3
468,2178,2541,2550,3277,3302,762,3298,3467,3496,1962,3
469,2184,2531,2550,3279,3304,763,3298,3462,3498,1963,3
470,2184,2540,2552,3279,3301,762,3300,3464,3497,1963,3
471,2185,2534,2553,3280,3303,762,3301,3462,3498,1963,3
472,2184,2539,2552,3280,3302,764,3301,3466,3499,1966,3
473,2187,2538,2553,3281,3303,763,3304,3467,3498,1966,3
474,2184,2560,2553,3282,3304,764,3306,3470,3498,1964,3
475,2194,2539,2554,3283,3304,764,3306,3475,3498,1966,3
476,2185,2538,2554,3284,3306,763,3307,3466,3498,1969,3
477,2182,2537,2554,3283,3304,764,3309,3472,3496,1968,3
478,2194,2539,2555,3283,3305,765,3311,3474,3499,1968,3
479,2184,2520,2554,3286,3306,766,3310,3471,3497,1967,3
480,2179,2539,2555,3283,3306,766,3312,3475,3498,1968,3
481,2184,2538,2557,3286,3306,768,3312,3478,3498,1971,3
482,2184,2544,2557,3286,3306,766,3311,3471,3498,1970,3
483,2192,2541,2560,3288,3307,766,3315,3475,3498,1971,3
484,2170,2539,2558,3286,3306,764,3315,3473,3499,1970,3
485,2188,2538,2560,3286,3306,766,3313,3470,3499,1971,3
486,2184,2555,2560,3287,3310,766,3318,3471,3499,1973,3
487,2180,2542,2562,3286,3308,766,3318,3478,3499,1973,3
488,2200,2543,2562,3288,3306,764,3317,3478,3499,1976,3
489,2188,2544,2562,3287,3307,768,3320,3480,3500,1971,3
490,2187,2547,2562,3289,3308,769,3322,3482,3500,1974,3
491,2190,2546,2563,3289,3307,766,3320,3475,3499,1974,3
492,2193,2541,2563,3288,3309,776,3320,3475,3499,1973,3
493,2202,2543,2564,3290,3309,769,3320,3479,3501,1974,3
494,2198,2543,2564,3292,3308,766,3322,3478,3500,1975,3
495,2187,2545,2566,3291,3310,766,3325,3480,3499,1975,3
496,2189,2546,2565,3291,3308,768,3323,3480,3499,1978,3
497,2188,2542,2566,3290,3310,768,3324,3475,3502,1976,3
498,2189,2545,2566,3291,3311,769,3323,3476,3500,1976,3
499,2189,2537,2567,3298,3311,770,3329,3482,3499,1978,3
500,2188,2536,2567,3293,3310,766,3329,3480,3502,1978,3
501,2198,2545,2566,3292,3313,765,3326,3475,3499,1976,3
502,2194,2547,2567,3293,3314,769,3326,3475,3500,1976,3
503,2190,2546,2567,3294,3311,768,3332,3478,3499,1977,3
504,2186,2542,2570,3294,3310,770,3332,3478,3500,1979,3
505,2200,2547,2568,3293,3312,768,3331,3475,3499,1978,3
506,2193,2552,2570,3294,3313,771,3334,3478,3501,1979,3
507,2187,2546,2570,3294,3313,763,3336,3482,3502,1980,3
508,2186,2542,2570,3298,3313,769,3333,3482,3501,1981,3
509,2198,2550,2570,3296,3314,769,3333,3474,3500,1978,3
510,2193,2563,2570,3295,3314,770,3334,3472,3502,1981,3
511,2194,2536,2571,3295,3313,768,3337,3478,3499,1981,3
512,2194,2553,2572,3296,3314,769,3336,3478,3501,1981,3
513,2193,2549,2570,3296,3314,770,3336,3476,3501,1981,3
514,2197,2553,2572,3296,3322,770,3334,3477,3501,1981,3
515,2190,2550,2572,3298,3315,770,3338,3488,3501,1981,3
516,2167,2552,2573,3297,3315,770,3337,3478,3500,1981,3
517,2223,2551,2574,3297,3314,770,3338,3481,3500,1984,3
518,2192,2547,2575,3298,3314,771,3339,3478,3503,1984,3
519,2200,2560,2574,3298,3316,771,3339,3473,3502,1986,3
520,2192,2550,2574,3297,3317,768,3338,3474,3502,1984,3
521,2194,2554,2575,3297,3314,770,3339,3483,3500,1982,3
522,2178,2554,2574,3297,3316,771,3338,3479,3502,1984,3
523,2231,2555,2576,3299,3315,769,3342,3486,3501,1986,3
524,2194,2547,2576,3298,3315,772,3340,3484,3502,1986,3
525,2197,2550,2576,3298,3315,770,3338,3475,3501,1987,3
526,2194,2552,2577,3299,3318,770,3339,3474,3502,1988,3
527,2185,2555,2578,3299,3318,771,3343,3474,3502,1986,3
528,2198,2555,2577,3299,3318,772,3341,3475,3504,1987,3
529,2200,2535,2577,3300,3318,771,3344,3486,3502,1987,3
530,2195,2556,2579,3300,3318,770,3342,3480,3502,1986,3
531,2213,2555,2579,3301,3317,770,3345,3489,3500,1986,3
532,2198,2552,2579,3304,3318,772,3344,3487,3502,1986,3
533,2199,2554,2579,3301,3318,772,3342,3476,3502,1986,3
534,2211,2560,2578,3301,3318,772,3343,3483,3502,1989,3
535,2206,2557,2579,3300,3318,771,3344,3478,3502,1988,3
536,2200,2555,2580,3302,3318,771,3343,3474,3502,1988,3
537,2199,2560,2578,3300,3318,771,3344,3488,3502,1988,3
538,2204,2558,2580,3300,3321,771,3345,3483,3503,1988,3
539,2202,2536,2582,3301,3319,773,3349,3488,3503,1989,3
540,2195,2544,2582,3300,3320,772,3345,3490,3502,1987,3
541,2192,2563,2583,3302,3318,770,3347,3486,3502,1987,3
542,2200,2566,2582,3302,3318,771,3347,3486,3504,1990,3
543,2210,2562,2578,3300,3321,772,3346,3483,3503,1990,3
544,2201,2550,2581,3301,3322,772,3346,3486,3502,1990,3
545,2202,2561,2584,3300,3322,772,3346,3481,3503,1990,3
546,2197,2562,2584,3302,3322,773,3347,3483,3502,1990,3
547,2200,2582,2585,3302,3321,771,3347,3483,3502,1988,3
548,2216,2557,2584,3301,3322,774,3348,3490,3503,1990,3
549,2206,2566,2584,3302,3321,774,3350,3481,3503,1990,3
550,2202,2561,2584,3304,3322,771,3350,3488,3503,1991,3
551,2209,2562,2584,3302,3322,774,3350,3479,3503,1990,3
552,2200,2564,2584,3304,3323,771,3350,3480,3503,1992,3
553,2168,2560,2586,3302,3322,771,3350,3482,3502,1990,3
554,2198,2562,2585,3304,3322,772,3350,3482,3503,1992,3
555,2186,2564,2586,3302,3323,774,3349,3483,3503,1991,3
556,2198,2566,2584,3303,3324,771,3351,3485,3503,1993,3
557,2188,2563,2586,3304,3323,772,3350,3481,3505,1990,3
558,2198,2557,2586,3304,3323,772,3353,3480,3503,1992,3
559,2191,2563,2586,3304,3324,771,3350,3478,3503,1992,3
560,2198,2562,2586,3304,3325,771,3350,3480,3502,1992,3
561,2191,2565,2587,3304,3324,772,3354,3482,3504,1992,3
562,2199,2564,2587,3306,3326,771,3352,3483,3503,1992,3
563,2190,2562,2587,3305,3325,771,3352,3484,3504,1992,3
564,2200,2564,2587,3306,3325,771,3350,3483,3503,1992,3
565,2178,2566,2587,3306,3325,772,3350,3483,3504,1994,3
566,2200,2565,2587,3305,3328,773,3354,3482,3503,1995,3
567,2208,2568,2590,3306,3324,774,3354,3480,3503,1994,3
568,2202,2566,2588,3306,3325,773,3354,3489,3503,1995,3
569,2208,2570,2590,3306,3325,771,3354,3482,3504,1994,3
570,2217,2570,2590,3305,3328,773,3354,3490,3504,1996,3
571,2208,2578,2590,3304,3328,774,3352,3483,3506,1995,3
572,2198,2565,2589,3307,3326,772,3355,3492,3504,1995,3
573,2203,2567,2589,3306,3325,772,3353,3482,3504,1995,3
574,2204,2565,2592,3307,3328,774,3356,3489,3504,1995,3
575,2208,2570,2592,3306,3329,776,3354,3488,3502,1994,3
576,2206,2571,2590,3307,3330,773,3355,3489,3504,1995,3
577,2223,2567,2594,3306,3327,771,3355,3489,3502,1995,3
578,2204,2572,2592,3306,3330,773,3354,3491,3505,1994,3
579,2204,2564,2593,3306,3329,772,3358,3491,3505,1996,3
580,2184,2568,2592,3309,3330,772,3355,3488,3505,1997,3
581,2208,2572,2594,3306,3329,773,3356,3490,3504,1996,3
582,2209,2573,2591,3307,3330,773,3355,3483,3503,1996,3
583,2202,2571,2593,3304,3329,772,3356,3480,3504,1996,3
584,2208,2568,2594,3306,3330,773,3355,3482,3504,1998,3
585,2211,2570,2594,3307,3330,771,3356,3484,3504,1996,3
586,2222,2570,2594,3308,3330,770,3360,3490,3504,1998,3
587,2208,2568,2594,3306,3330,773,3355,3483,3505,1994,3
588,2205,2565,2594,3307,3332,773,3355,3494,3504,1997,3
589,2216,2570,2596,3307,3331,771,3355,3491,3504,1997,3
590,2202,2574,2593,3307,3331,772,3357,3491,3504,1998,3
591,2206,2569,2595,3307,3330,774,3358,3486,3504,1997,3
592,2210,2570,2594,3307,3331,774,3357,3482,3504,1998,3
593,2207,2573,2597,3309,3326,772,3358,3492,3502,1997,3
594,2206,2570,2595,3307,3331,773,3356,3484,3505,1997,3
595,2216,2572,2594,3308,3330,776,3362,3486,3506,1997,3
596,2223,2571,2596,3307,3331,774,3356,3492,3506,1998,3
597,2210,2570,2596,3308,3331,775,3360,3482,3506,1998,3
598,2205,2562,2595,3307,3333,773,3360,3483,3505,1996,3
599,2204,2573,2597,3309,3332,772,3361,3490,3504,1997,3
600,2192,2573,2596,3307,3334,773,3362,3483,3504,1998,3
601,2207,2574,2598,3309,3334,773,3361,3491,3504,1997,3
602,2209,2568,2596,3310,3335,775,3361,3485,3505,1998,3
603,2216,2574,2598,3308,3333,774,3361,3487,3506,1998,3
604,2233,2577,2598,3310,3331,774,3361,3491,3505,1999,3
605,2206,2571,2598,3309,3336,772,3358,3484,3504,1998,3
606,2206,2578,2597,3309,3334,774,3362,3494,3505,1999,3
607,2203,2571,2600,3309,3334,774,3358,3488,3505,1999,3
608,2215,2575,2598,3310,3334,774,3360,3482,3506,1998,3
609,2202,2574,2600,3308,3334,775,3358,3482,3506,1998,3
610,2209,2574,2598,3310,3334,774,3362,3494,3505,1999,3
611,2212,2571,2598,3309,3334,774,3358,3483,3504,2000,3
612,2208,2566,2596,3309,3336,774,3362,3495,3504,2000,3
613,2206,2574,2600,3309,3334,773,3359,3492,3504,1999,3
614,2177,2574,2598,3310,3336,773,3362,3486,3505,2000,3
615,2211,2576,2600,3310,3334,774,3362,3481,3506,2000,3
616,2210,2574,2599,3310,3335,773,3359,3481,3505,2000,3
617,2212,2595,2601,3310,3335,773,3363,3483,3504,1998,3
618,2207,2567,2599,3310,3336,775,3362,3491,3504,1999,3
619,2210,2576,2601,3310,3335,776,3362,3491,3506,2000,3
620,2219,2578,2598,3310,3335,773,3363,3489,3505,1999,3
621,2204,2578,2600,3310,3334,774,3362,3486,3506,1999,3
622,2211,2579,2602,3310,3335,774,3363,3496,3506,2001,3
623,2212,2575,2600,3310,3334,774,3363,3482,3506,1999,3
624,2208,2578,2601,3310,3334,774,3363,3490,3506,2002,3
625,2212,2574,2602,3314,3334,774,3363,3489,3506,2000,3
626,2212,2580,2602,3310,3336,775,3362,3485,3506,2000,3
627,2221,2580,2603,3310,3336,774,3363,3486,3506,2002,3
628,2210,2578,2602,3310,3338,773,3363,3495,3505,2001,3
629,2222,2578,2595,3311,3335,773,3363,3494,3507,2000,3
630,2202,2578,2602,3311,3337,774,3362,3492,3504,2000,3
631,2210,2580,2603,3310,3337,774,3364,3490,3506,2002,3
632,2211,2578,2602,3311,3337,773,3363,3483,3505,2002,3
633,2210,2576,2603,3311,3338,773,3362,3483,3504,2001,3
634,2211,2582,2603,3311,3338,776,3363,3491,3505,2002,3
635,2211,2573,2603,3312,3336,776,3366,3493,3506,2002,3
636,2214,2587,2601,3311,3338,775,3363,3488,3504,2000,3
637,2215,2579,2604,3312,3338,775,3366,3490,3506,2000,3
638,2210,2579,2604,3310,3338,776,3362,3492,3507,2001,3
639,2203,2582,2604,3311,3338,776,3365,3489,3506,2002,3
640,2216,2580,2603,3311,3338,778,3366,3483,3506,2001,3
641,2198,2580,2604,3310,3338,776,3363,3482,3506,2001,3
642,2234,2581,2604,3311,3339,776,3365,3491,3506,2002,3
643,2220,2582,2604,3312,3338,776,3366,3494,3505,2002,3
644,2198,2580,2602,3312,3339,774,3364,3490,3505,2002,3
645,2210,2580,2605,3312,3338,776,3363,3488,3507,2001,3
646,2218,2580,2604,3312,3339,776,3364,3494,3506,2002,3
647,2218,2576,2606,3312,3339,776,3364,3492,3506,2000,3
648,2205,2581,2603,3312,3339,776,3366,3483,3505,2000,3
649,2210,2584,2604,3311,3338,774,3365,3482,3506,2003,3
650,2218,2579,2606,3314,3339,778,3367,3494,3506,2002,3
651,2216,2580,2605,3312,3338,775,3366,3496,3505,2002,3
652,2210,2580,2604,3311,3339,775,3367,3489,3504,2001,3
653,2213,2583,2605,3312,3339,775,3366,3486,3506,2003,3
654,2218,2582,2606,3312,3340,776,3363,3495,3505,2002,3
655,2214,2583,2606,3314,3339,776,3364,3492,3506,2002,3
656,2208,2586,2606,3313,3340,773,3366,3490,3506,2003,3
657,2212,2584,2606,3311,3339,775,3366,3482,3506,2002,3
658,2222,2582,2607,3312,3342,775,3363,3491,3506,2004,3
659,2218,2583,2606,3312,3339,776,3364,3491,3506,2003,3
660,2202,2581,2606,3314,3342,776,3366,3489,3506,2003,3
661,2204,2583,2607,3312,3340,776,3368,3488,3506,2003,3
662,2234,2586,2606,3312,3342,776,3367,3495,3506,2004,3
663,2227,2586,2608,3314,3342,773,3368,3492,3504,2002,3
664,2222,2584,2607,3314,3341,775,3365,3486,3506,2004,3
665,2177,2583,2607,3312,3342,776,3367,3483,3506,2003,3
666,2211,2584,2607,3313,3342,776,3367,3490,3506,2004,3
667,2211,2585,2607,3312,3341,774,3366,3491,3506,2003,3
668,2218,2592,2607,3312,3342,777,3363,3489,3506,2004,3
669,2216,2592,2607,3312,3342,776,3368,3490,3507,2004,3
670,2214,2590,2606,3313,3342,775,3370,3496,3506,2004,3
671,2214,2592,2608,3312,3342,776,3368,3492,3506,2002,3
672,2212,2583,2606,3312,3343,776,3365,3484,3506,2005,3
673,2214,2581,2609,3312,3343,777,3366,3481,3507,2004,3
674,2210,2586,2606,3313,3343,776,3367,3483,3505,2004,3
675,2212,2584,2607,3312,3343,776,3367,3485,3506,2002,3
676,2224,2586,2606,3313,3343,776,3368,3495,3507,2004,3
677,2230,2586,2610,3313,3344,774,3366,3494,3506,2004,3
678,2218,2588,2609,3314,3342,774,3366,3489,3506,2003,3
679,2220,2585,2609,3312,3344,775,3366,3486,3507,2002,3
680,2214,2574,2608,3314,3343,775,3368,3491,3506,2006,3
681,2214,2572,2610,3314,3343,776,3367,3490,3507,2006,3
682,2216,2585,2608,3314,3343,776,3367,3483,3505,2004,3
683,2215,2586,2610,3314,3343,776,3366,3483,3507,2004,3
684,2211,2584,2608,3314,3344,777,3369,3488,3506,2006,3
685,2208,2586,2618,3312,3344,776,3366,3488,3507,2004,3
686,2252,2587,2608,3313,3343,777,3370,3496,3505,2005,3
687,2210,2587,2610,3312,3343,770,3368,3492,3506,2003,3
688,2219,2591,2610,3314,3343,775,3370,3486,3506,2003,3
689,2216,2598,2610,3312,3345,775,3368,3484,3506,2003,3
690,2212,2590,2610,3313,3344,777,3369,3492,3506,2005,3
691,2216,2589,2610,3312,3339,778,3370,3494,3507,2003,3
692,2222,2586,2608,3312,3344,776,3369,3494,3506,2006,3
693,2230,2586,2611,3314,3343,778,3370,3494,3507,2004,3
694,2218,2590,2610,3313,3346,776,3369,3490,3505,2004,3
695,2221,2593,2612,3312,3344,776,3368,3485,3507,2002,3
696,2216,2594,2611,3314,3344,778,3370,3490,3506,2000,3
697,2218,2592,2613,3314,3345,778,3369,3490,3507,2003,3
698,2222,2587,2610,3314,3346,776,3367,3491,3507,2004,3
699,2231,2587,2610,3314,3346,774,3369,3492,3506,2003,3
700,2222,2590,2610,3314,3346,776,3369,3486,3505,2006,3
701,2222,2588,2611,3314,3345,778,3368,3488,3507,2002,3
702,2217,2590,2612,3313,3345,777,3369,3495,3506,2004,3
703,2218,2592,2611,3314,3344,778,3370,3494,3506,2003,3
704,2232,2590,2611,3315,3346,775,3370,3492,3507,2003,3
705,2245,2588,2614,3312,3345,776,3368,3489,3506,2003,3
706,2220,2597,2612,3314,3346,776,3368,3483,3506,2004,3
707,2218,2611,2611,3314,3346,777,3368,3483,3504,2003,3
708,2216,2591,2611,3314,3346,776,3370,3486,3506,2005,3
709,2212,2590,2612,3313,3347,776,3369,3489,3507,2003,3
710,2211,2591,2612,3314,3346,775,3370,3494,3505,2003,3
711,2216,2586,2612,3318,3345,777,3365,3493,3506,2003,3
712,2214,2587,2613,3312,3346,777,3366,3484,3507,2005,3
713,2219,2592,2612,3313,3349,778,3369,3482,3507,2006,3
714,2187,2592,2611,3315,3347,777,3367,3483,3506,2004,3
715,2222,2592,2614,3314,3347,778,3369,3488,3506,2004,3
716,2216,2586,2613,3314,3347,776,3370,3494,3506,2006,3
717,2218,2592,2614,3314,3348,776,3368,3496,3506,2005,3
718,2225,2590,2613,3314,3347,776,3369,3496,3507,2004,3
719,2257,2594,2614,3314,3347,777,3369,3491,3506,2005,3
720,2217,2599,2611,3314,3347,776,3370,3494,3506,2000,3
