Count,S1,S2,S3,S4,S5,S6,S7,S8,S9,S10,Flag
1,2283,2554,2582,3349,3340,788,3379,3490,3498,2025,0
2,2268,2557,2581,3348,3342,790,3375,3486,3498,2025,0
3,2277,2555,2581,3349,3341,794,3375,3476,3498,2026,0
4,2271,2555,2580,3350,3340,789,3375,3474,3498,2026,0
5,2270,2554,2580,3349,3342,790,3376,3483,3498,2025,0
6,2281,2550,2582,3349,3342,788,3375,3482,3498,2026,0
7,2270,2555,2583,3347,3342,790,3378,3488,3498,2026,0
8,2280,2553,2582,3349,3342,790,3376,3482,3496,2026,0
9,2270,2554,2580,3351,3342,790,3375,3477,3498,2024,0
10,2266,2554,2581,3349,3342,790,3376,3482,3498,2026,0
11,2274,2554,2582,3348,3342,789,3374,3474,3499,2025,0
12,2252,2555,2582,3350,3343,790,3376,3478,3498,2026,0
13,2270,2554,2582,3348,3342,790,3377,3480,3498,2026,0
14,2269,2563,2581,3348,3343,790,3375,3480,3497,2024,0
15,2279,2554,2582,3348,3342,789,3377,3488,3499,2026,0
16,2269,2551,2584,3348,3343,788,3376,3490,3498,2024,0
17,2267,2545,2582,3348,3342,790,3378,3483,3498,2024,0
18,2261,2552,2582,3349,3342,790,3380,3482,3498,2026,0
19,2265,2554,2582,3348,3343,790,3378,3475,3499,2026,0
20,2266,2555,2584,3350,3343,789,3378,3486,3498,2026,0
21,2273,2557,2583,3350,3343,787,3376,3480,3497,2025,1
22,2244,2555,2583,3350,3344,790,3375,3480,3498,2027,1
23,2269,2555,2582,3350,3344,790,3379,3482,3498,2026,1
24,2267,2566,2583,3348,3344,790,3376,3480,3498,2025,1
25,2275,2552,2583,3349,3343,790,3382,3484,3498,2025,1
26,2268,2550,2583,3347,3344,788,3378,3484,3499,2025,1
27,2276,2554,2578,3349,3342,790,3378,3482,3498,2025,1
28,2266,2553,2583,3350,3344,790,3376,3478,3499,2024,1
29,2273,2555,2582,3350,3344,790,3378,3486,3498,2025,1
30,2270,2562,2584,3351,3344,789,3378,3482,3499,2025,1
31,2268,2554,2584,3350,3344,790,3378,3482,3498,2026,1
32,2268,2555,2583,3350,3344,790,3378,3482,3496,2025,1
33,2268,2566,2584,3350,3346,790,3379,3480,3498,2026,1
34,2265,2556,2584,3352,3344,791,3380,3478,3498,2026,1
35,2238,2554,2584,3352,3346,790,3379,3478,3499,2026,1
36,2268,2563,2584,3350,3346,791,3378,3486,3499,2028,1
37,2267,2560,2584,3351,3346,790,3382,3493,3500,2030,1
38,2299,2562,2585,3354,3345,790,3384,3494,3500,2031,1
39,2266,2552,2585,3355,3346,789,3379,3494,3499,2032,1
40,2268,2556,2584,3355,3346,790,3386,3486,3499,2035,1
41,2274,2555,2585,3355,3346,790,3386,3491,3499,2038,1
42,2274,2562,2586,3354,3346,790,3386,3485,3501,2040,1
43,2277,2562,2585,3357,3347,792,3393,3486,3500,2042,1
44,2270,2562,2586,3358,3346,792,3390,3495,3502,2044,1
45,2271,2555,2586,3361,3346,790,3392,3490,3502,2049,1
46,2244,2560,2587,3361,3347,790,3394,3498,3503,2053,1
47,2216,2555,2587,3363,3347,790,3397,3499,3502,2054,1
48,2218,2552,2587,3363,3348,790,3394,3494,3503,2059,1
49,2219,2555,2587,3364,3347,792,3399,3491,3504,2067,1
50,2214,2556,2588,3365,3347,794,3400,3493,3503,2064,1
51,2211,2561,2589,3367,3349,792,3403,3497,3504,2066,1
52,2216,2560,2590,3369,3347,791,3405,3506,3504,2066,1
53,2216,2555,2588,3370,3348,792,3407,3507,3506,2069,1
54,2222,2555,2590,3370,3347,791,3408,3503,3503,2072,1
55,2220,2555,2590,3373,3349,792,3410,3505,3506,2073,1
56,2219,2560,2592,3371,3350,792,3411,3506,3507,2076,1
57,2218,2560,2592,3374,3347,791,3414,3507,3506,2078,1
58,2248,2558,2592,3375,3350,792,3414,3512,3506,2080,1
59,2252,2562,2592,3378,3350,793,3415,3513,3506,2082,1
60,2227,2565,2593,3377,3350,794,3418,3510,3507,2082,1
61,2227,2570,2595,3379,3351,793,3419,3512,3507,2086,1
62,2224,2564,2594,3382,3352,793,3422,3522,3507,2088,1
63,2226,2567,2596,3382,3350,792,3424,3522,3507,2086,1
64,2225,2562,2595,3384,3358,792,3423,3523,3508,2090,1
65,2228,2566,2598,3385,3354,791,3426,3521,3507,2091,1
66,2217,2560,2597,3386,3353,793,3427,3515,3507,2091,1
67,2218,2564,2598,3386,3354,793,3429,3515,3507,2091,1
68,2230,2564,2598,3386,3353,794,3429,3523,3507,2094,1
69,2259,2571,2598,3387,3354,792,3429,3526,3508,2095,1
70,2236,2572,2599,3387,3353,795,3429,3520,3508,2096,1
71,2227,2568,2600,3388,3354,794,3433,3520,3507,2097,1
72,2233,2554,2602,3391,3354,793,3433,3526,3507,2098,1
73,2230,2563,2601,3390,3353,794,3434,3524,3508,2099,1
74,2235,2568,2602,3392,3355,795,3435,3517,3507,2100,1
75,2233,2570,2602,3392,3354,794,3435,3517,3507,2099,1
76,2234,2572,2603,3395,3355,794,3435,3528,3509,2100,1
77,2230,2574,2604,3394,3355,796,3437,3528,3507,2102,1
78,2237,2572,2603,3395,3356,794,3435,3530,3510,2103,1
79,2236,2574,2605,3395,3362,795,3438,3520,3510,2103,1
80,2229,2571,2603,3395,3356,795,3440,3523,3509,2104,1
81,2234,2573,2605,3395,3358,795,3439,3522,3510,2104,1
82,2244,2576,2606,3395,3357,794,3442,3529,3510,2105,1
83,2248,2575,2607,3395,3358,795,3441,3531,3509,2105,1
84,2218,2577,2607,3395,3358,796,3443,3531,3509,2102,1
85,2229,2575,2606,3395,3358,796,3443,3528,3508,2106,1
86,2266,2573,2608,3396,3360,795,3443,3532,3510,2105,1
87,2258,2574,2608,3398,3358,795,3444,3531,3507,2106,1
88,2244,2579,2608,3398,3358,796,3442,3528,3510,2104,1
89,2213,2575,2609,3398,3361,796,3444,3526,3509,2105,1
90,2234,2576,2610,3398,3359,794,3445,3528,3508,2104,1
91,2276,2578,2610,3397,3360,798,3446,3531,3509,2102,1
92,2244,2579,2609,3398,3360,798,3444,3524,3508,2100,1
93,2247,2579,2610,3398,3360,797,3445,3526,3510,2101,1
94,2235,2576,2611,3400,3360,798,3446,3532,3508,2101,1
95,2235,2577,2611,3398,3362,798,3444,3530,3508,2099,1
96,2245,2580,2610,3399,3361,798,3445,3523,3508,2095,1
97,2245,2581,2611,3398,3362,804,3444,3522,3507,2096,1
98,2237,2574,2612,3398,3362,797,3443,3523,3507,2096,1
99,2235,2576,2613,3398,3362,795,3445,3524,3507,2092,1
100,2260,2579,2613,3398,3362,795,3445,3523,3506,2090,1
101,2252,2578,2614,3398,3362,798,3444,3524,3506,2089,1
102,2221,2577,2614,3396,3362,798,3442,3517,3506,2086,1
103,2231,2579,2613,3399,3363,798,3442,3514,3506,2085,1
104,2263,2583,2614,3395,3363,796,3438,3514,3506,2082,1
105,2252,2582,2615,3396,3362,798,3440,3514,3506,2078,1
106,2223,2580,2615,3394,3362,798,3436,3505,3506,2078,1
107,2232,2582,2615,3394,3363,795,3438,3506,3506,2074,1
108,2260,2581,2614,3392,3363,794,3435,3510,3503,2074,1
109,2251,2582,2614,3392,3362,796,3434,3510,3504,2070,1
110,2226,2581,2614,3390,3364,795,3432,3503,3502,2069,1
111,2236,2582,2614,3388,3363,795,3430,3501,3502,2066,1
112,2254,2582,2614,3386,3363,795,3426,3503,3503,2065,1
113,2250,2582,2615,3386,3362,796,3426,3499,3501,2064,1
114,2230,2583,2616,3384,3363,795,3422,3494,3500,2061,1
115,2237,2582,2613,3382,3364,796,3424,3493,3502,2058,1
116,2242,2579,2614,3379,3363,795,3419,3494,3502,2058,1
117,2244,2579,2614,3379,3362,794,3418,3499,3499,2058,1
118,2231,2582,2618,3376,3363,795,3416,3491,3502,2052,1
119,2239,2582,2612,3376,3363,794,3418,3488,3500,2053,1
120,2246,2580,2607,3374,3363,795,3410,3493,3499,2051,1
121,2238,2582,2611,3372,3363,797,3411,3491,3499,2049,2
122,2246,2587,2615,3370,3364,797,3408,3484,3499,2045,2
123,2304,2586,2615,3370,3363,797,3407,3482,3499,2043,2
124,2298,2588,2614,3366,3363,798,3402,3482,3499,2041,2
125,2301,2587,2615,3361,3366,798,3399,3483,3498,2041,2
126,2296,2589,2614,3358,3364,798,3396,3480,3498,2037,2
127,2301,2588,2613,3354,3363,795,3390,3475,3496,2036,2
128,2296,2585,2613,3353,3363,795,3387,3471,3496,2035,2
129,2299,2584,2611,3350,3363,795,3380,3466,3496,2031,2
130,2295,2585,2611,3347,3363,796,3377,3466,3495,2027,2
131,2297,2584,2612,3344,3362,796,3374,3464,3494,2026,2
132,2295,2585,2609,3342,3363,796,3368,3465,3494,2023,2
133,2294,2582,2610,3338,3362,796,3363,3466,3492,2018,2
134,2292,2583,2610,3334,3362,795,3355,3459,3491,2014,2
135,2292,2580,2608,3331,3362,796,3351,3452,3490,2012,2
136,2291,2581,2607,3330,3362,795,3348,3448,3490,2007,2
137,2291,2582,2607,3323,3362,794,3342,3442,3488,2006,2
138,2290,2580,2605,3322,3361,794,3338,3441,3488,2001,2
139,2289,2578,2604,3319,3362,794,3331,3443,3486,1998,2
140,2287,2579,2603,3316,3359,794,3326,3449,3488,1992,2
141,2287,2577,2603,3311,3359,792,3321,3450,3486,1992,2
142,2286,2577,2603,3309,3358,794,3315,3445,3483,1987,2
143,2285,2574,2601,3306,3358,793,3309,3434,3484,1984,2
144,2284,2574,2602,3302,3360,792,3300,3428,3485,1979,2
145,2284,2571,2600,3299,3358,791,3298,3426,3484,1976,2
146,2283,2570,2599,3297,3358,791,3293,3426,3483,1970,2
147,2282,2571,2597,3291,3358,791,3290,3433,3482,1970,2
148,2281,2571,2595,3290,3356,790,3283,3437,3482,1966,2
149,2279,2571,2595,3286,3356,791,3277,3432,3480,1963,2
150,2279,2566,2592,3283,3355,792,3273,3427,3479,1958,2
151,2277,2569,2593,3280,3356,791,3266,3419,3478,1956,2
152,2278,2565,2592,3275,3353,792,3260,3413,3478,1952,2
153,2276,2564,2590,3274,3354,792,3257,3411,3477,1950,2
154,2276,2565,2588,3272,3353,790,3251,3415,3478,1947,2
155,2275,2568,2588,3267,3354,790,3247,3419,3474,1946,2
156,2274,2563,2586,3266,3353,789,3242,3421,3475,1940,2
157,2272,2567,2585,3261,3352,787,3235,3423,3474,1939,2
158,2273,2560,2583,3259,3352,788,3231,3416,3474,1936,2
159,2269,2562,2584,3255,3352,788,3226,3406,3473,1934,2
160,2269,2560,2582,3253,3350,789,3221,3400,3473,1931,2
161,2267,2558,2582,3249,3351,790,3214,3394,3472,1928,2
162,2269,2556,2579,3246,3349,790,3210,3399,3472,1925,2
163,2266,2555,2579,3245,3347,788,3207,3408,3472,1923,2
164,2265,2554,2577,3242,3348,787,3200,3411,3471,1922,2
165,2263,2550,2576,3239,3347,785,3196,3413,3471,1916,2
166,2263,2553,2574,3237,3347,786,3193,3406,3471,1914,2
167,2260,2550,2574,3234,3346,787,3185,3392,3470,1914,2
168,2262,2553,2573,3230,3346,787,3182,3383,3467,1911,2
169,2258,2550,2572,3227,3346,785,3179,3384,3469,1906,2
170,2256,2549,2569,3226,3347,786,3171,3388,3468,1906,2
171,2260,2550,2568,3223,3344,785,3170,3402,3467,1902,2
172,2256,2546,2568,3219,3344,786,3165,3403,3467,1902,2
173,2258,2548,2568,3217,3343,786,3157,3402,3467,1899,2
174,2254,2544,2566,3214,3342,784,3152,3393,3467,1896,2
175,2256,2545,2564,3213,3343,786,3151,3376,3466,1895,2
176,2250,2541,2563,3211,3342,786,3146,3371,3466,1893,2
177,2255,2542,2563,3210,3342,783,3143,3373,3465,1891,2
178,2250,2540,2561,3206,3342,784,3138,3379,3466,1888,2
179,2253,2541,2560,3206,3339,783,3133,3395,3463,1885,2
180,2247,2540,2557,3202,3340,784,3130,3397,3464,1883,2
181,2251,2539,2555,3202,3338,782,3124,3394,3462,1883,2
182,2246,2538,2555,3197,3339,782,3122,3383,3462,1881,2
183,2249,2535,2553,3195,3338,782,3116,3365,3463,1880,2
184,2244,2534,2553,3192,3338,781,3114,3363,3462,1877,2
185,2249,2534,2552,3190,3337,781,3111,3368,3461,1875,2
186,2244,2534,2551,3190,3338,782,3104,3374,3462,1875,2
187,2246,2531,2549,3188,3336,781,3101,3386,3461,1872,2
188,2243,2532,2549,3185,3336,782,3098,3388,3460,1870,2
189,2243,2532,2546,3184,3334,781,3094,3382,3459,1870,2
190,2240,2528,2546,3180,3334,782,3088,3371,3462,1868,2
191,2240,2530,2545,3182,3333,781,3084,3355,3459,1866,2
192,2238,2530,2544,3178,3334,781,3081,3353,3459,1866,2
193,2238,2526,2544,3176,3332,781,3078,3358,3459,1864,2
194,2238,2524,2543,3176,3332,780,3076,3368,3458,1862,2
195,2235,2525,2540,3174,3332,780,3074,3378,3458,1859,2
196,2235,2525,2539,3171,3331,780,3067,3383,3458,1859,2
197,2235,2523,2538,3170,3331,781,3062,3375,3458,1858,2
198,2234,2520,2538,3168,3331,780,3058,3365,3456,1856,2
199,2234,2520,2536,3167,3330,781,3054,3346,3458,1853,2
200,2231,2520,2534,3163,3329,779,3051,3343,3458,1852,2
201,2235,2521,2533,3163,3329,779,3051,3352,3456,1850,2
202,2231,2520,2534,3162,3328,782,3046,3361,3457,1850,2
203,2233,2518,2532,3160,3329,779,3043,3374,3456,1849,2
204,2230,2516,2531,3158,3326,779,3041,3376,3458,1848,2
205,2232,2517,2530,3158,3325,777,3038,3368,3454,1845,2
206,2228,2514,2530,3156,3326,779,3034,3355,3456,1843,2
207,2230,2514,2528,3155,3324,780,3027,3340,3454,1843,2
208,2225,2513,2525,3151,3323,779,3026,3337,3454,1843,2
209,2229,2511,2525,3151,3324,779,3022,3345,3453,1840,2
210,2227,2511,2525,3149,3323,778,3019,3354,3452,1840,2
211,2226,2511,2522,3150,3322,779,3019,3367,3454,1839,2
212,2223,2509,2522,3147,3322,779,3013,3368,3451,1838,2
213,2222,2508,2522,3147,3321,778,3010,3356,3452,1835,2
214,2221,2505,2520,3146,3321,778,3010,3346,3453,1834,2
215,2221,2507,2519,3144,3320,775,3009,3331,3451,1834,2
216,2222,2506,2518,3142,3319,777,3003,3333,3451,1834,2
217,2222,2507,2516,3142,3320,777,2998,3342,3451,1832,2
218,2222,2503,2516,3139,3318,778,3000,3354,3450,1832,2
219,2219,2506,2515,3139,3318,776,2994,3365,3450,1830,2
220,2218,2502,2514,3138,3318,776,2994,3366,3450,1828,2
221,2218,2504,2514,3138,3317,776,2991,3349,3450,1828,2
222,2218,2500,2512,3133,3315,776,2986,3337,3450,1828,2
223,2218,2500,2512,3136,3316,777,2987,3325,3450,1825,2
224,2216,2498,2510,3130,3315,776,2981,3323,3450,1824,2
225,2219,2501,2510,3131,3315,776,2980,3340,3449,1822,2
226,2216,2497,2509,3129,3314,776,2977,3349,3450,1824,2
227,2217,2496,2508,3130,3314,775,2978,3359,3448,1823,2
228,2214,2493,2506,3128,3314,775,2973,3358,3448,1821,2
229,2215,2496,2506,3127,3312,774,2970,3343,3448,1822,2
230,2215,2493,2506,3126,3312,776,2966,3330,3448,1820,2
231,2215,2492,2504,3124,3311,775,2966,3321,3447,1818,2
232,2214,2491,2505,3122,3311,776,2962,3321,3450,1818,2
233,2212,2488,2503,3123,3311,774,2962,3338,3448,1815,2
234,2214,2492,2502,3121,3311,774,2959,3346,3446,1816,2
235,2211,2488,2500,3122,3310,773,2956,3352,3447,1815,2
236,2211,2490,2500,3118,3309,773,2951,3351,3448,1815,2
237,2210,2488,2499,3119,3309,775,2952,3335,3447,1814,2
238,2210,2488,2498,3118,3308,773,2949,3322,3446,1814,2
239,2210,2487,2498,3116,3308,776,2947,3314,3446,1812,2
240,2206,2486,2494,3115,3308,775,2944,3315,3446,1811,2
241,2210,2483,2496,3116,3307,775,2946,3333,3446,1810,2
242,2206,2486,2496,3114,3306,773,2939,3345,3446,1811,2
243,2210,2484,2493,3113,3305,772,2937,3352,3443,1810,2
244,2205,2483,2492,3112,3306,773,2938,3349,3446,1807,2
245,2208,2482,2491,3114,3305,773,2933,3332,3446,1806,2
246,2203,2483,2491,3112,3304,771,2933,3317,3443,1805,2
247,2209,2482,2490,3110,3304,772,2931,3310,3445,1807,2
248,2202,2478,2488,3108,3304,772,2926,3314,3445,1806,2
249,2208,2479,2488,3107,3304,773,2926,3330,3444,1802,2
250,2202,2481,2487,3106,3302,772,2924,3342,3446,1805,2
251,2202,2478,2486,3106,3302,771,2922,3347,3443,1804,2
252,2201,2477,2486,3106,3302,772,2920,3342,3443,1803,2
253,2201,2477,2485,3106,3300,772,2920,3324,3443,1802,2
254,2200,2477,2483,3102,3300,773,2916,3311,3443,1800,2
255,2200,2477,2484,3104,3300,772,2916,3304,3443,1800,2
256,2199,2475,2482,3102,3299,771,2914,3313,3443,1801,2
257,2200,2475,2482,3102,3298,771,2910,3328,3443,1800,2
258,2198,2472,2482,3100,3299,771,2910,3341,3443,1798,2
259,2199,2475,2480,3101,3298,770,2907,3344,3443,1797,2
260,2198,2472,2481,3098,3298,770,2905,3336,3442,1797,2
261,2198,2470,2480,3099,3297,770,2907,3320,3442,1796,2
262,2198,2473,2478,3097,3298,770,2903,3307,3442,1797,2
263,2197,2470,2477,3098,3296,771,2902,3304,3442,1795,2
264,2196,2469,2477,3096,3296,771,2896,3312,3443,1795,2
265,2195,2472,2475,3096,3294,771,2898,3328,3442,1795,2
266,2196,2468,2474,3094,3294,771,2895,3336,3442,1793,2
267,2195,2469,2475,3094,3294,770,2894,3338,3442,1793,2
268,2193,2466,2473,3093,3293,770,2890,3330,3441,1794,2
269,2194,2470,2473,3093,3291,770,2894,3310,3442,1792,2
270,2195,2465,2474,3091,3291,770,2890,3300,3442,1789,2
271,2194,2464,2472,3091,3290,770,2890,3298,3442,1792,2
272,2195,2466,2472,3091,3292,769,2888,3307,3440,1788,2
273,2193,2462,2471,3091,3291,770,2886,3326,3440,1787,2
274,2193,2465,2470,3090,3291,770,2882,3336,3442,1787,2
275,2193,2462,2469,3089,3290,770,2882,3334,3440,1787,2
276,2191,2460,2470,3088,3290,770,2876,3328,3442,1787,2
277,2191,2459,2468,3088,3288,770,2878,3308,3440,1787,2
278,2192,2458,2468,3087,3289,768,2875,3298,3439,1786,2
279,2191,2458,2467,3087,3288,770,2874,3298,3440,1784,2
280,2189,2458,2466,3086,3288,770,2870,3308,3440,1785,2
281,2190,2459,2465,3087,3288,769,2874,3326,3438,1783,2
282,2188,2457,2464,3083,3286,769,2871,3336,3441,1785,2
283,2189,2456,2463,3086,3286,770,2870,3334,3440,1784,2
284,2190,2455,2462,3082,3287,770,2867,3323,3440,1783,2
285,2188,2454,2464,3083,3286,766,2867,3304,3439,1782,2
286,2187,2456,2462,3082,3286,768,2863,3291,3438,1780,2
287,2187,2452,2462,3082,3284,770,2862,3294,3439,1782,2
288,2186,2457,2459,3080,3285,768,2859,3304,3439,1781,2
289,2185,2454,2460,3080,3283,768,2864,3326,3438,1780,2
290,2188,2452,2458,3080,3284,768,2858,3331,3438,1779,2
291,2186,2454,2458,3080,3283,768,2858,3331,3438,1778,2
292,2187,2451,2457,3078,3282,766,2858,3318,3440,1778,2
293,2187,2454,2457,3080,3282,764,2862,3298,3438,1779,2
294,2184,2450,2458,3078,3282,764,2853,3290,3438,1779,2
295,2184,2451,2456,3079,3282,766,2852,3294,3438,1778,2
296,2184,2448,2454,3075,3281,769,2852,3307,3438,1776,2
297,2185,2451,2455,3077,3280,766,2853,3323,3438,1777,2
298,2183,2449,2454,3075,3282,768,2850,3330,3439,1777,2
299,2184,2446,2455,3075,3280,764,2850,3326,3437,1774,2
300,2184,2448,2454,3075,3279,765,2846,3311,3435,1775,2
301,2184,2446,2453,3075,3280,765,2846,3293,3438,1774,2
302,2183,2444,2453,3074,3278,765,2844,3289,3439,1774,2
303,2184,2448,2451,3074,3278,764,2843,3294,3437,1774,2
304,2182,2445,2451,3072,3278,766,2843,3306,3438,1774,2
305,2185,2443,2450,3074,3277,766,2840,3323,3435,1771,2
306,2180,2442,2450,3070,3277,766,2838,3325,3437,1773,2
307,2183,2446,2449,3070,3275,766,2838,3320,3437,1773,2
308,2180,2442,2448,3067,3275,764,2838,3310,3437,1773,2
309,2183,2443,2448,3069,3274,763,2836,3289,3438,1773,2
310,2180,2443,2448,3067,3275,766,2835,3286,3436,1771,2
311,2179,2440,2448,3069,3275,764,2834,3294,3435,1771,2
312,2180,2441,2447,3066,3274,768,2832,3305,3437,1769,2
313,2178,2440,2446,3067,3274,764,2836,3322,3436,1771,2
314,2179,2440,2446,3066,3274,764,2831,3323,3435,1769,2
315,2177,2438,2445,3066,3272,764,2830,3314,3435,1771,2
316,2179,2439,2444,3066,3273,763,2829,3304,3437,1769,2
317,2177,2438,2444,3066,3272,764,2830,3286,3435,1770,2
318,2174,2435,2445,3065,3271,764,2829,3282,3435,1768,2
319,2173,2438,2443,3065,3270,763,2830,3292,3437,1768,2
320,2171,2435,2443,3064,3271,765,2826,3302,3436,1768,2
321,2176,2436,2442,3064,3270,766,2825,3319,3435,1766,3
322,2179,2430,2439,3064,3266,762,2828,3330,3436,1766,3
323,2166,2427,2438,3068,3269,760,2827,3317,3434,1768,3
324,2183,2429,2438,3076,3267,762,2829,3306,3435,1770,3
325,2167,2424,2439,3082,3268,763,2833,3287,3437,1769,3
326,2149,2427,2438,3090,3266,760,2840,3288,3436,1773,3
327,2166,2434,2438,3100,3267,757,2852,3304,3437,1774,3
328,2169,2427,2440,3109,3266,762,2858,3314,3438,1778,3
329,2157,2432,2441,3121,3267,762,2866,3331,3441,1780,3
330,2163,2434,2440,3131,3268,763,2874,3343,3442,1784,3
331,2156,2432,2443,3146,3267,762,2889,3329,3442,1785,3
332,2176,2433,2443,3158,3270,763,2902,3338,3442,1788,3
333,2160,2434,2446,3172,3270,762,2914,3324,3444,1790,3
334,2206,2439,2448,3184,3270,762,2926,3323,3444,1795,3
335,2179,2439,2450,3196,3271,762,2931,3337,3445,1795,3
336,2184,2419,2451,3208,3270,762,2941,3344,3446,1797,3
337,2193,2443,2454,3215,3271,763,2947,3350,3446,1800,3
338,2187,2426,2456,3223,3270,763,2954,3360,3447,1801,3
339,2186,2425,2458,3226,3271,766,2962,3352,3448,1801,3
340,2196,2444,2459,3230,3272,764,2967,3346,3448,1803,3
341,2190,2441,2461,3232,3272,765,2968,3339,3448,1803,3
342,2193,2446,2462,3233,3274,763,2971,3341,3448,1806,3
343,2196,2456,2462,3233,3272,764,2979,3353,3448,1806,3
344,2206,2450,2463,3232,3274,764,2978,3354,3448,1806,3
345,2198,2453,2466,3230,3274,763,2984,3368,3448,1808,3
346,2199,2438,2466,3228,3275,765,2987,3363,3449,1809,3
347,2198,2452,2467,3225,3273,763,2990,3366,3450,1810,3
348,2222,2451,2467,3223,3274,765,2997,3355,3450,1812,3
349,2199,2455,2467,3222,3273,764,2992,3354,3450,1814,3
350,2198,2451,2467,3220,3272,766,2996,3346,3451,1817,3
351,2200,2460,2468,3217,3273,766,2995,3361,3451,1818,3
352,2197,2452,2468,3216,3274,765,3000,3361,3451,1821,3
353,2173,2453,2468,3213,3272,764,3002,3371,3451,1824,3
354,2198,2452,2468,3211,3274,763,3006,3367,3452,1826,3
355,2201,2459,2469,3210,3272,763,3011,3366,3451,1828,3
356,2194,2450,2468,3208,3274,765,3013,3354,3453,1832,3
357,2200,2447,2468,3206,3272,763,3017,3356,3456,1833,3
358,2196,2450,2468,3205,3274,763,3020,3354,3456,1838,3
359,2194,2455,2469,3203,3271,765,3024,3363,3458,1840,3
360,2201,2454,2467,3204,3272,763,3027,3370,3458,1843,3
361,2198,2444,2470,3205,3272,766,3032,3381,3459,1845,3
362,2196,2448,2468,3203,3273,763,3040,3384,3459,1852,3
363,2198,2457,2469,3204,3272,764,3045,3370,3458,1850,3
364,2197,2453,2469,3206,3272,772,3048,3367,3462,1853,3
365,2190,2453,2469,3208,3272,766,3054,3371,3465,1856,3
366,2200,2459,2470,3210,3272,766,3060,3370,3462,1856,3
367,2191,2454,2470,3211,3273,765,3066,3383,3462,1861,3
368,2200,2453,2470,3213,3272,766,3070,3384,3462,1863,3
369,2198,2459,2472,3212,3272,766,3077,3383,3465,1864,3
370,2192,2451,2471,3216,3273,763,3080,3386,3464,1866,3
371,2196,2452,2471,3218,3274,765,3085,3392,3464,1870,3
372,2195,2454,2472,3219,3274,765,3091,3382,3465,1870,3
373,2202,2457,2472,3222,3274,768,3094,3379,3466,1872,3
374,2202,2456,2473,3224,3274,768,3102,3388,3465,1874,3
375,2201,2456,2472,3226,3275,768,3101,3392,3466,1875,3
376,2202,2459,2475,3228,3273,770,3112,3394,3466,1878,3
377,2214,2459,2475,3231,3274,766,3110,3398,3466,1877,3
378,2198,2456,2475,3232,3275,768,3115,3396,3466,1880,3
379,2200,2461,2476,3233,3275,770,3122,3402,3466,1880,3
380,2198,2460,2476,3235,3275,768,3125,3400,3468,1882,3
381,2206,2457,2477,3237,3275,768,3132,3394,3468,1883,3
382,2211,2462,2477,3240,3275,770,3130,3393,3468,1882,3
383,2171,2459,2478,3240,3276,770,3138,3406,3468,1885,3
384,2200,2474,2478,3239,3278,770,3138,3402,3468,1884,3
385,2199,2460,2479,3243,3275,770,3143,3411,3468,1886,3
386,2202,2468,2479,3245,3275,770,3144,3402,3467,1886,3
387,2194,2462,2479,3245,3276,770,3148,3403,3468,1888,3
388,2202,2461,2479,3247,3275,770,3148,3395,3469,1888,3
389,2206,2468,2480,3247,3277,771,3150,3394,3469,1888,3
390,2201,2465,2481,3247,3275,770,3154,3406,3469,1891,3
391,2218,2462,2482,3249,3278,768,3158,3406,3469,1888,3
392,2184,2463,2482,3249,3278,770,3162,3414,3470,1891,3
393,2191,2463,2488,3250,3278,770,3162,3416,3469,1890,3
394,2202,2466,2483,3251,3276,771,3166,3416,3471,1891,3
395,2199,2466,2483,3250,3278,771,3169,3414,3470,1890,3
396,2204,2467,2484,3251,3277,772,3166,3407,3469,1893,3
397,2206,2462,2485,3251,3278,771,3169,3402,3471,1893,3
398,2212,2468,2485,3252,3279,771,3171,3402,3470,1894,3
399,2210,2490,2484,3253,3278,772,3172,3408,3470,1894,3
400,2182,2466,2484,3252,3280,770,3172,3419,3470,1894,3
401,2209,2462,2486,3254,3279,771,3174,3413,3470,1896,3
402,2210,2467,2485,3254,3280,771,3176,3409,3472,1897,3
403,2210,2466,2488,3254,3278,771,3175,3406,3470,1896,3
404,2204,2464,2486,3254,3280,771,3178,3403,3469,1898,3
405,2206,2466,2488,3254,3278,771,3179,3409,3472,1898,3
406,2244,2468,2488,3255,3278,770,3182,3414,3472,1898,3
407,2202,2468,2488,3254,3279,772,3182,3416,3471,1899,3
408,2200,2469,2488,3254,3275,771,3186,3424,3472,1900,3
409,2208,2467,2490,3256,3280,771,3185,3418,3472,1902,3
410,2214,2467,2489,3255,3282,771,3187,3416,3473,1903,3
411,2200,2470,2490,3256,3275,774,3192,3417,3472,1904,3
412,2186,2467,2490,3257,3280,772,3194,3406,3474,1906,3
413,2202,2470,2488,3257,3282,773,3193,3417,3473,1907,3
414,2210,2458,2490,3260,3280,772,3196,3418,3474,1911,3
415,2210,2467,2491,3258,3282,771,3195,3418,3474,1910,3
416,2221,2472,2491,3258,3281,773,3200,3419,3475,1913,3
417,2214,2475,2491,3258,3282,771,3202,3421,3475,1913,3
418,2211,2470,2492,3259,3282,774,3203,3418,3476,1916,3
419,2184,2468,2492,3260,3281,773,3204,3413,3475,1917,3
420,2211,2466,2491,3264,3281,772,3208,3413,3475,1920,3
421,2191,2472,2494,3262,3282,771,3211,3414,3475,1923,3
422,2212,2472,2494,3262,3282,773,3215,3419,3477,1924,3
423,2215,2474,2492,3264,3282,775,3213,3423,3477,1926,3
424,2215,2474,2493,3266,3283,773,3216,3427,3476,1931,3
425,2211,2485,2496,3267,3283,774,3216,3428,3480,1930,3
426,2210,2474,2497,3269,3283,773,3223,3434,3480,1933,3
427,2218,2474,2497,3270,3286,773,3225,3422,3478,1933,3
428,2214,2476,2497,3271,3283,773,3230,3430,3481,1937,3
429,2214,2462,2498,3273,3283,774,3228,3429,3480,1937,3
430,2216,2479,2498,3274,3283,774,3234,3427,3480,1938,3
431,2222,2474,2498,3276,3283,775,3237,3432,3482,1942,3
432,2200,2474,2499,3277,3283,773,3239,3442,3481,1944,3
433,2232,2475,2499,3278,3285,774,3243,3444,3480,1943,3
434,2192,2474,2499,3279,3286,776,3246,3441,3482,1945,3
435,2203,2478,2504,3281,3285,775,3246,3430,3482,1948,3
436,2240,2478,2500,3283,3286,775,3250,3441,3482,1949,3
437,2242,2477,2502,3285,3285,776,3251,3442,3483,1951,3
438,2220,2479,2504,3286,3287,775,3255,3439,3483,1952,3
439,2223,2482,2503,3288,3286,779,3258,3443,3483,1955,3
440,2221,2484,2502,3288,3287,776,3259,3450,3482,1956,3
441,2219,2483,2505,3290,3287,775,3263,3451,3483,1956,3
442,2226,2482,2505,3292,3286,774,3265,3443,3484,1958,3
443,2245,2483,2507,3291,3287,776,3266,3444,3486,1960,3
444,2223,2490,2506,3296,3286,776,3269,3438,3484,1962,3
445,2222,2482,2507,3296,3288,776,3270,3439,3485,1962,3
446,2205,2482,2506,3297,3289,777,3272,3442,3485,1962,3
447,2224,2487,2509,3298,3289,785,3274,3446,3486,1963,3
448,2221,2485,2507,3299,3290,777,3279,3456,3485,1966,3
449,2200,2484,2509,3302,3289,778,3282,3449,3486,1965,3
450,2220,2486,2510,3303,3290,777,3282,3456,3485,1967,3
451,2218,2483,2510,3304,3290,779,3284,3443,3486,1967,3
452,2224,2472,2511,3306,3290,778,3282,3450,3486,1970,3
453,2222,2486,2510,3305,3290,776,3288,3456,3486,1970,3
454,2226,2475,2512,3308,3291,776,3290,3456,3486,1972,3
455,2219,2487,2513,3308,3291,778,3291,3451,3486,1974,3
456,2226,2490,2513,3307,3290,777,3296,3462,3485,1974,3
457,2204,2487,2514,3309,3291,778,3294,3453,3487,1974,3
458,2226,2491,2514,3310,3292,777,3299,3459,3487,1975,3
459,2231,2490,2515,3310,3291,776,3294,3449,3486,1976,3
460,2211,2488,2515,3311,3294,778,3300,3450,3488,1976,3
461,2232,2489,2517,3312,3294,777,3302,3454,3488,1977,3
462,2230,2498,2517,3314,3294,776,3304,3453,3488,1978,3
463,2246,2490,2518,3312,3294,778,3304,3466,3486,1979,3
464,2230,2492,2518,3314,3299,778,3304,3458,3489,1980,3
465,2230,2475,2519,3315,3296,778,3307,3464,3486,1980,3
466,2228,2491,2518,3316,3294,778,3306,3457,3490,1980,3
467,2213,2492,2520,3317,3295,778,3308,3451,3490,1981,3
468,2222,2491,2525,3315,3297,778,3311,3451,3489,1985,3
469,2232,2491,2520,3317,3296,777,3311,3456,3488,1984,3
470,2232,2492,2520,3318,3296,778,3313,3460,3489,1985,3
471,2232,2490,2522,3318,3296,779,3314,3469,3488,1985,3
472,2231,2492,2521,3318,3296,779,3315,3470,3490,1986,3
473,2247,2498,2524,3320,3297,779,3313,3463,3490,1986,3
474,2241,2502,2523,3319,3298,780,3315,3462,3490,1988,3
475,2247,2497,2524,3320,3298,780,3320,3466,3491,1986,3
476,2252,2499,2525,3322,3298,780,3318,3466,3490,1987,3
477,2229,2499,2527,3321,3298,778,3319,3459,3490,1987,3
478,2220,2498,2525,3322,3296,781,3321,3464,3490,1987,3
479,2240,2498,2526,3322,3300,778,3322,3475,3490,1990,3
480,2245,2502,2526,3323,3299,779,3322,3474,3490,1990,3
481,2224,2499,2530,3322,3300,778,3324,3464,3491,1991,3
482,2210,2498,2526,3323,3300,780,3322,3464,3490,1991,3
483,2254,2502,2530,3324,3300,778,3325,3470,3490,1992,3
484,2230,2501,2529,3323,3302,772,3329,3466,3491,1992,3
485,2246,2502,2530,3324,3299,781,3326,3463,3491,1993,3
486,2238,2511,2530,3323,3299,782,3333,3463,3491,1994,3
487,2238,2488,2531,3324,3302,782,3332,3472,3490,1992,3
488,2233,2502,2531,3325,3302,782,3330,3472,3491,1992,3
489,2234,2502,2530,3325,3302,780,3330,3465,3491,1994,3
490,2250,2500,2531,3326,3302,780,3331,3470,3491,1995,3
491,2203,2502,2532,3325,3302,781,3331,3462,3490,1994,3
492,2242,2510,2532,3330,3302,781,3334,3467,3491,1994,3
493,2240,2508,2533,3326,3303,782,3336,3469,3490,1995,3
494,2238,2506,2533,3330,3304,782,3336,3474,3491,1995,3
495,2250,2506,2534,3328,3303,781,3336,3474,3491,1996,3
496,2236,2504,2534,3329,3302,782,3337,3472,3492,1998,3
497,2241,2525,2534,3329,3303,782,3336,3465,3490,1995,3
498,2242,2504,2534,3329,3306,779,3337,3467,3492,1998,3
499,2218,2507,2534,3329,3304,781,3338,3462,3491,1998,3
500,2240,2520,2536,3330,3304,782,3336,3462,3490,1996,3
501,2243,2509,2535,3330,3304,784,3338,3471,3491,1999,3
502,2215,2507,2537,3331,3305,782,3339,3466,3492,1998,3
503,2238,2505,2538,3331,3306,782,3341,3475,3491,1998,3
504,2238,2514,2537,3331,3298,780,3342,3474,3492,1999,3
505,2262,2508,2538,3331,3306,781,3342,3473,3492,2000,3
506,2242,2514,2537,3331,3306,782,3343,3471,3494,1999,3
507,2246,2506,2539,3332,3305,781,3342,3462,3491,1999,3
508,2238,2509,2538,3331,3306,783,3344,3470,3491,1999,3
509,2244,2508,2539,3332,3307,780,3341,3466,3491,2002,3
510,2240,2511,2539,3332,3306,780,3344,3475,3493,2001,3
511,2246,2525,2538,3332,3307,779,3344,3472,3491,2002,3
512,2265,2511,2540,3333,3306,782,3345,3478,3494,2000,3
513,2250,2516,2539,3333,3307,780,3350,3470,3491,2002,3
514,2256,2512,2541,3334,3307,782,3346,3474,3494,2002,3
515,2251,2518,2542,3331,3307,780,3345,3467,3491,2003,3
516,2256,2515,2542,3335,3308,781,3346,3474,3494,2001,3
517,2251,2516,2543,3333,3309,782,3348,3471,3492,2001,3
518,2257,2513,2542,3333,3307,782,3346,3471,3493,2003,3
519,2250,2522,2542,3334,3309,782,3352,3474,3491,2002,3
520,2255,2515,2542,3335,3308,784,3350,3478,3494,2004,3
521,2248,2530,2542,3336,3309,782,3348,3470,3493,2004,3
522,2268,2518,2543,3335,3308,784,3350,3474,3494,2004,3
523,2246,2514,2543,3336,3310,783,3348,3467,3494,2004,3
524,2242,2514,2544,3334,3311,783,3350,3470,3494,2003,3
525,2250,2514,2546,3336,3311,782,3349,3470,3493,2005,3
526,2247,2507,2545,3337,3310,782,3351,3480,3493,2003,3
527,2258,2514,2543,3336,3311,785,3350,3482,3493,2006,3
528,2246,2515,2546,3336,3311,783,3350,3480,3494,2003,3
529,2240,2516,2546,3336,3310,783,3352,3478,3492,2005,3
530,2243,2518,2546,3336,3311,782,3354,3468,3493,2005,3
531,2250,2504,2547,3336,3311,783,3354,3474,3492,2005,3
532,2254,2519,2546,3336,3311,782,3352,3469,3493,2006,3
533,2249,2519,2548,3336,3312,782,3352,3478,3493,2007,3
534,2250,2515,2548,3336,3312,782,3354,3475,3493,2005,3
535,2221,2517,2547,3338,3312,783,3354,3475,3494,2008,3
536,2255,2519,2548,3337,3312,782,3354,3482,3494,2007,3
537,2252,2541,2548,3336,3313,781,3354,3471,3494,2007,3
538,2248,2515,2548,3337,3312,782,3351,3474,3494,2008,3
539,2257,2522,2550,3337,3313,781,3354,3475,3494,2008,3
540,2251,2522,2549,3337,3312,782,3353,3475,3494,2008,3
541,2250,2518,2550,3342,3315,782,3353,3478,3494,2009,3
542,2255,2520,2549,3339,3314,788,3355,3474,3495,2009,3
543,2248,2521,2550,3338,3314,782,3356,3475,3493,2008,3
544,2251,2520,2549,3338,3314,784,3355,3474,3494,2010,3
545,2254,2529,2550,3338,3314,783,3361,3472,3494,2010,3
546,2248,2518,2550,3339,3315,783,3355,3475,3497,2008,3
547,2256,2521,2547,3338,3316,783,3359,3478,3494,2010,3
548,2250,2522,2550,3338,3314,784,3355,3467,3494,2010,3
549,2254,2526,2552,3338,3315,782,3360,3479,3494,2010,3
550,2250,2530,2552,3338,3314,784,3360,3474,3494,2010,3
551,2258,2518,2552,3339,3316,783,3357,3476,3492,2011,3
552,2273,2525,2552,3339,3314,784,3360,3479,3494,2010,3
553,2255,2524,2553,3339,3316,783,3360,3480,3494,2010,3
554,2249,2523,2553,3339,3314,782,3363,3478,3496,2011,3
555,2252,2503,2552,3339,3318,783,3361,3478,3496,2011,3
556,2251,2531,2554,3341,3316,782,3360,3472,3495,2010,3
557,2258,2522,2553,3339,3316,788,3361,3474,3496,2011,3
558,2244,2521,2554,3341,3319,782,3360,3481,3495,2011,3
559,2262,2526,2552,3341,3318,783,3361,3483,3496,2011,3
560,2242,2522,2554,3339,3318,782,3362,3475,3496,2012,3
561,2252,2523,2555,3340,3318,782,3363,3479,3494,2010,3
562,2248,2523,2554,3339,3319,784,3361,3471,3496,2010,3
563,2254,2522,2555,3340,3318,781,3362,3470,3494,2012,3
564,2250,2530,2554,3341,3318,782,3363,3478,3494,2013,3
565,2254,2519,2555,3342,3319,783,3356,3480,3496,2010,3
566,2254,2532,2555,3342,3318,783,3368,3476,3495,2011,3
567,2258,2526,2556,3341,3318,782,3361,3476,3494,2012,3
568,2246,2525,2555,3339,3320,782,3363,3482,3494,2012,3
569,2281,2529,2555,3341,3318,784,3362,3482,3496,2013,3
570,2259,2526,2557,3342,3320,783,3364,3473,3495,2012,3
571,2240,2527,2556,3341,3320,785,3366,3472,3496,2011,3
572,2290,2531,2558,3341,3319,784,3364,3478,3495,2014,3
573,2264,2531,2558,3342,3320,783,3364,3482,3494,2014,3
574,2232,2526,2557,3342,3320,784,3365,3478,3495,2015,3
575,2246,2530,2568,3341,3322,784,3364,3478,3494,2014,3
576,2272,2531,2560,3343,3320,782,3363,3482,3495,2017,3
577,2264,2531,2560,3342,3320,783,3365,3480,3496,2016,3
578,2232,2529,2560,3342,3318,781,3367,3472,3495,2014,3
579,2246,2530,2560,3342,3319,784,3366,3472,3496,2014,3
580,2282,2532,2561,3343,3321,782,3367,3482,3496,2014,3
581,2269,2530,2562,3343,3321,783,3368,3482,3496,2016,3
582,2261,2531,2563,3342,3322,783,3363,3479,3496,2014,3
583,2232,2531,2562,3343,3321,783,3366,3477,3496,2016,3
584,2253,2528,2562,3342,3322,783,3366,3482,3496,2017,3
585,2253,2531,2562,3343,3321,779,3368,3478,3496,2016,3
586,2259,2534,2563,3343,3322,784,3372,3474,3496,2015,3
587,2262,2536,2562,3338,3322,784,3363,3473,3496,2016,3
588,2256,2511,2563,3344,3323,784,3368,3480,3495,2016,3
589,2258,2514,2562,3344,3323,786,3368,3482,3496,2016,3
590,2254,2530,2562,3343,3323,783,3366,3479,3496,2018,3
591,2258,2529,2562,3344,3323,784,3366,3476,3494,2017,3
592,2252,2532,2563,3343,3323,785,3365,3475,3496,2017,3
593,2255,2531,2563,3344,3323,782,3368,3474,3496,2017,3
594,2276,2533,2564,3344,3323,783,3367,3478,3496,2019,3
595,2282,2531,2563,3344,3323,782,3366,3479,3495,2017,3
596,2260,2534,2563,3344,3323,785,3366,3474,3496,2014,3
597,2263,2534,2566,3345,3323,783,3368,3477,3496,2018,3
598,2256,2536,2564,3342,3323,783,3368,3483,3496,2018,3
599,2259,2535,2565,3345,3324,784,3369,3486,3495,2018,3
600,2261,2533,2564,3345,3323,786,3368,3484,3496,2018,3
601,2261,2535,2566,3344,3323,785,3368,3480,3496,2018,3
602,2227,2536,2565,3344,3326,784,3366,3475,3496,2018,3
603,2267,2536,2564,3344,3326,784,3366,3473,3496,2017,3
604,2258,2522,2565,3345,3326,785,3369,3482,3497,2018,3
605,2262,2544,2566,3344,3325,786,3368,3483,3498,2019,3
606,2259,2535,2568,3346,3331,785,3368,3483,3496,2018,3
607,2262,2535,2566,3345,3324,786,3368,3483,3498,2018,3
608,2265,2534,2567,3345,3328,784,3370,3478,3497,2019,3
609,2261,2535,2566,3345,3326,784,3366,3474,3496,2019,3
610,2256,2539,2565,3346,3326,786,3371,3481,3498,2018,3
611,2260,2538,2568,3344,3326,786,3369,3479,3498,2019,3
612,2265,2535,2568,3344,3328,787,3370,3483,3496,2019,3
613,2282,2535,2567,3346,3330,786,3371,3484,3496,2019,3
614,2259,2542,2568,3345,3329,786,3370,3480,3497,2018,3
615,2259,2555,2566,3346,3330,786,3368,3478,3496,2019,3
616,2254,2537,2566,3346,3328,786,3369,3474,3496,2018,3
617,2250,2536,2569,3345,3329,786,3370,3473,3496,2020,3
618,2254,2535,2568,3344,3330,786,3370,3480,3496,2019,3
619,2260,2524,2570,3345,3329,786,3370,3479,3495,2019,3
620,2258,2538,2567,3346,3331,785,3374,3478,3496,2018,3
621,2270,2540,2570,3346,3329,784,3373,3485,3496,2019,3
622,2262,2541,2568,3346,3328,786,3370,3478,3496,2021,3
623,2261,2550,2569,3345,3329,786,3371,3477,3496,2019,3
624,2255,2540,2568,3347,3331,784,3374,3478,3498,2019,3
625,2246,2536,2569,3345,3330,786,3373,3474,3496,2018,3
626,2256,2530,2569,3345,3330,786,3370,3480,3498,2021,3
627,2261,2542,2570,3346,3330,785,3373,3482,3496,2019,3
628,2267,2539,2569,3346,3331,786,3369,3482,3496,2020,3
629,2254,2538,2570,3346,3331,779,3371,3485,3496,2021,3
630,2259,2534,2570,3346,3330,786,3369,3476,3496,2021,3
631,2258,2536,2569,3346,3332,787,3370,3478,3497,2021,3
632,2266,2540,2570,3345,3331,786,3370,3478,3498,2020,3
633,2261,2543,2570,3345,3331,786,3371,3475,3498,2022,3
634,2257,2543,2570,3346,3328,786,3374,3482,3497,2021,3
635,2246,2538,2571,3346,3331,786,3371,3474,3496,2020,3
636,2258,2531,2571,3346,3331,786,3374,3482,3497,2022,3
637,2259,2542,2570,3346,3331,786,3374,3486,3496,2020,3
638,2284,2539,2570,3346,3330,786,3374,3484,3497,2021,3
639,2258,2536,2571,3349,3331,785,3366,3483,3496,2022,3
640,2259,2538,2570,3346,3331,786,3373,3485,3497,2022,3
641,2277,2539,2572,3346,3331,787,3372,3479,3499,2022,3
642,2259,2558,2571,3347,3331,787,3371,3474,3497,2020,3
643,2264,2540,2572,3346,3334,789,3371,3474,3498,2022,3
644,2264,2540,2570,3346,3331,792,3371,3478,3497,2022,3
645,2261,2561,2571,3345,3331,785,3372,3478,3496,2022,3
646,2263,2542,2570,3347,3332,787,3375,3487,3498,2022,3
647,2268,2542,2573,3346,3332,787,3372,3477,3498,2022,3
648,2258,2543,2571,3346,3334,787,3371,3483,3497,2021,3
649,2253,2541,2574,3346,3333,789,3373,3475,3498,2021,3
650,2261,2525,2571,3347,3334,788,3374,3482,3497,2021,3
651,2259,2544,2573,3346,3334,789,3373,3475,3498,2021,3
652,2259,2541,2573,3347,3334,788,3377,3482,3497,2022,3
653,2262,2545,2573,3347,3334,786,3376,3488,3496,2021,3
654,2278,2544,2574,3347,3334,787,3373,3486,3497,2024,3
655,2259,2534,2574,3346,3333,787,3372,3484,3498,2022,3
656,2265,2542,2574,3346,3335,787,3371,3483,3497,2023,3
657,2258,2541,2574,3347,3335,786,3374,3482,3496,2021,3
658,2262,2542,2574,3347,3335,787,3371,3474,3496,2022,3
659,2278,2544,2575,3346,3334,788,3374,3481,3498,2023,3
660,2262,2540,2574,3346,3336,787,3372,3475,3498,2026,3
661,2267,2541,2568,3346,3334,788,3373,3485,3498,2022,3
662,2262,2555,2574,3349,3334,788,3372,3478,3496,2023,3
663,2262,2542,2574,3346,3335,787,3375,3483,3498,2022,3
664,2265,2548,2574,3346,3336,787,3374,3478,3498,2023,3
665,2263,2542,2575,3347,3336,786,3374,3474,3496,2023,3
666,2269,2547,2575,3348,3334,788,3372,3474,3498,2023,3
667,2262,2542,2574,3346,3335,787,3372,3475,3498,2023,3
668,2270,2544,2574,3347,3337,789,3373,3478,3498,2023,3
669,2261,2542,2575,3346,3334,788,3372,3479,3498,2022,3
670,2232,2544,2575,3347,3336,786,3374,3482,3496,2023,3
671,2263,2565,2576,3346,3336,787,3371,3478,3499,2022,3
672,2234,2541,2576,3348,3336,786,3374,3478,3497,2022,3
673,2266,2557,2574,3347,3338,786,3373,3474,3497,2023,3
674,2240,2543,2577,3348,3336,787,3376,3475,3497,2024,3
675,2266,2554,2577,3347,3336,787,3375,3475,3498,2022,3
676,2248,2544,2575,3347,3338,786,3376,3480,3497,2022,3
677,2267,2553,2574,3348,3338,786,3371,3479,3497,2023,3
678,2248,2543,2576,3348,3337,787,3375,3488,3499,2024,3
679,2267,2557,2576,3347,3338,786,3375,3478,3497,2023,3
680,2248,2546,2575,3347,3338,786,3376,3481,3497,2022,3
681,2263,2562,2576,3347,3337,787,3375,3474,3498,2021,3
682,2248,2548,2576,3348,3336,786,3375,3474,3497,2023,3
683,2264,2562,2578,3347,3338,786,3375,3475,3498,2021,3
684,2235,2544,2577,3347,3339,786,3376,3481,3498,2024,3
685,2265,2543,2577,3347,3338,786,3377,3482,3498,2024,3
686,2275,2548,2576,3347,3338,787,3376,3483,3498,2022,3
687,2262,2546,2577,3346,3339,787,3375,3478,3498,2024,3
688,2270,2547,2577,3349,3338,785,3374,3476,3498,2025,3
689,2264,2544,2578,3347,3338,787,3375,3474,3498,2024,3
690,2266,2552,2578,3348,3338,786,3374,3474,3498,2024,3
691,2266,2548,2578,3347,3338,786,3376,3486,3498,2023,3
692,2263,2561,2578,3347,3339,787,3374,3478,3498,2025,3
693,2268,2548,2579,3348,3339,786,3375,3486,3499,2026,3
694,2262,2546,2578,3347,3339,787,3374,3480,3498,2024,3
695,2278,2550,2579,3346,3338,787,3378,3488,3498,2022,3
696,2262,2550,2579,3347,3339,786,3375,3475,3497,2024,3
697,2296,2550,2578,3348,3339,788,3378,3483,3498,2024,3
698,2266,2549,2578,3350,3338,787,3378,3483,3498,2022,3
699,2260,2544,2579,3352,3338,787,3371,3481,3498,2023,3
700,2278,2550,2578,3347,3339,788,3375,3485,3498,2024,3
701,2267,2530,2578,3348,3338,790,3377,3489,3498,2023,3
702,2260,2546,2579,3348,3339,788,3374,3486,3498,2024,3
703,2263,2552,2578,3347,3340,787,3378,3488,3497,2023,3
704,2272,2547,2572,3347,3339,788,3376,3483,3499,2023,3
705,2265,2550,2579,3348,3339,785,3375,3474,3497,2024,3
706,2265,2550,2579,3350,3340,788,3379,3484,3498,2023,3
707,2247,2549,2578,3347,3339,787,3377,3480,3497,2022,3
708,2265,2550,2579,3348,3342,787,3376,3479,3498,2024,3
709,2270,2552,2579,3348,3340,785,3376,3482,3497,2023,3
710,2251,2546,2579,3347,3339,788,3376,3486,3498,2024,3
711,2267,2547,2581,3349,3339,786,3377,3479,3498,2024,3
712,2267,2550,2579,3349,3341,788,3378,3480,3498,2024,3
713,2267,2547,2581,3347,3339,787,3378,3483,3498,2024,3
714,2264,2570,2579,3347,3339,788,3375,3474,3498,2024,3
715,2283,2550,2582,3348,3340,784,3376,3483,3498,2022,3
716,2266,2552,2580,3350,3343,786,3375,3485,3497,2024,3
717,2264,2548,2581,3347,3342,787,3374,3486,3498,2025,3
718,2281,2551,2581,3348,3342,788,3376,3490,3498,2024,3
719,2267,2554,2581,3348,3341,786,3376,3486,3498,2024,3
720,2262,2546,2580,3348,3340,787,3378,3483,3497,2024,3
