Time,NO2,C2H5CH,VOC,CO,Temperature,Pressure,Humidity,Gas Resistance
0,136,109,363,428,15.96,1014.65,40.38,495.08
1,136,109,362,428,15.96,1014.66,40.39,495.08
2,136,109,363,429,15.96,1014.65,40.39,492.90
3,136,109,363,428,15.96,1014.67,40.37,493.63
4,135,110,362,428,15.96,1014.65,40.38,493.63
5,136,110,363,428,15.96,1014.65,40.38,493.26
6,136,109,362,428,15.96,1014.65,40.37,493.99
7,136,109,362,428,15.96,1014.64,40.37,494.35
8,136,109,362,428,15.96,1014.65,40.37,492.54
9,136,109,362,428,15.96,1014.64,40.37,494.35
10,136,109,362,428,15.96,1014.66,40.37,496.55
11,136,110,361,428,15.96,1014.63,40.37,494.72
12,136,109,361,427,15.96,1014.66,40.37,492.54
13,136,109,362,428,15.96,1014.64,40.37,495.08
14,136,109,361,428,15.96,1014.65,40.36,497.28
15,136,109,361,428,15.96,1014.65,40.37,495.08
16,136,109,361,427,15.96,1014.64,40.36,493.99
17,136,108,360,427,15.96,1014.66,40.38,493.63
18,136,109,361,428,15.96,1014.65,40.37,495.81
19,136,108,361,428,15.96,1014.66,40.36,494.72
20,136,109,360,427,15.96,1014.64,40.37,495.45
21,136,109,361,427,15.96,1014.65,40.38,496.55
22,136,109,360,428,15.96,1014.64,40.38,495.08
23,136,109,360,428,15.96,1014.65,40.38,495.45
24,136,109,360,428,15.96,1014.65,40.38,496.55
25,135,109,360,427,15.96,1014.65,40.38,495.45
26,136,109,360,427,15.96,1014.66,40.38,497.28
27,135,108,360,427,15.96,1014.64,40.38,493.99
28,136,108,360,427,15.96,1014.66,40.38,495.08
29,135,109,360,428,15.96,1014.64,40.38,495.45
30,136,109,359,427,15.96,1014.66,40.38,496.18
31,135,109,359,428,15.96,1014.64,40.38,494.35
32,135,109,359,428,15.96,1014.66,40.38,495.45
33,135,108,359,428,15.96,1014.64,40.39,496.55
34,136,109,358,427,15.96,1014.65,40.39,495.45
35,135,109,358,427,15.96,1014.64,40.39,496.55
36,135,108,359,428,15.96,1014.64,40.39,495.45
37,135,108,358,427,15.96,1014.65,40.38,495.81
38,135,108,358,427,15.96,1014.64,40.38,496.18
39,135,108,358,427,15.96,1014.66,40.39,496.55
40,135,108,358,427,15.96,1014.65,40.38,494.72
41,135,108,358,428,15.96,1014.66,40.39,496.91
42,134,108,358,427,15.96,1014.64,40.38,498.76
43,135,108,357,427,15.96,1014.65,40.39,496.55
44,135,108,358,427,15.96,1014.65,40.39,496.91
45,134,108,357,427,15.96,1014.65,40.39,497.28
46,134,108,358,427,15.96,1014.65,40.39,497.28
47,135,108,357,426,15.96,1014.64,40.38,500.24
48,135,108,358,426,15.96,1014.65,40.38,498.02
49,135,108,357,427,15.96,1014.64,40.39,496.91
50,135,108,357,426,15.96,1014.65,40.38,498.76
51,135,108,357,427,15.96,1014.63,40.39,499.50
52,135,107,357,427,15.96,1014.66,40.40,497.28
53,135,107,357,427,15.96,1014.65,40.39,500.62
54,135,108,356,426,15.96,1014.65,40.39,497.28
55,135,107,356,427,15.96,1014.66,40.38,499.50
56,135,107,356,426,15.96,1014.64,40.38,498.02
57,134,108,356,427,15.96,1014.66,40.38,498.02
58,135,107,355,427,15.96,1014.64,40.38,497.65
59,134,108,356,427,15.96,1014.65,40.38,497.28
60,135,107,356,427,15.96,1014.65,40.38,496.18
61,135,107,356,427,15.96,1014.66,40.37,498.02
62,134,107,355,427,15.96,1014.66,40.36,498.02
63,134,107,356,427,15.96,1014.65,40.38,496.55
64,134,107,355,427,15.97,1014.67,40.37,498.02
65,135,107,355,426,15.96,1014.65,40.36,496.55
66,134,107,355,427,15.96,1014.66,40.37,498.02
67,134,107,355,427,15.96,1014.64,40.36,498.02
68,134,107,355,427,15.97,1014.64,40.36,498.02
69,134,107,355,426,15.96,1014.64,40.36,496.55
70,134,107,355,426,15.97,1014.63,40.36,495.81
71,135,107,355,426,15.96,1014.65,40.36,500.99
72,134,107,354,427,15.96,1014.63,40.36,497.28
73,134,107,354,427,15.96,1014.64,40.35,497.28
74,134,107,354,427,15.97,1014.63,40.35,495.81
75,134,107,354,427,15.97,1014.64,40.35,498.39
76,134,107,355,427,15.97,1014.65,40.35,500.24
77,134,107,354,427,15.97,1014.65,40.35,498.02
78,135,107,353,426,15.97,1014.65,40.33,500.24
79,135,107,353,427,15.97,1014.64,40.33,499.13
80,134,107,354,426,15.97,1014.65,40.34,499.50
81,133,107,353,426,15.97,1014.64,40.34,500.24
82,134,107,354,427,15.97,1014.65,40.34,498.76
83,134,106,353,426,15.97,1014.64,40.33,498.76
84,134,107,353,426,15.97,1014.65,40.33,501.74
85,134,106,353,426,15.97,1014.66,40.33,499.50
86,134,106,353,426,15.97,1014.64,40.32,500.62
87,134,106,353,426,15.97,1014.66,40.31,497.28
88,134,107,352,427,15.97,1014.64,40.33,502.49
89,134,107,353,426,15.97,1014.65,40.33,499.87
90,133,107,353,426,15.97,1014.64,40.30,498.39
91,133,106,352,425,15.97,1014.64,40.32,500.24
92,133,106,353,426,15.97,1014.64,40.33,499.50
93,133,107,352,427,15.97,1014.64,40.32,501.74
94,134,106,352,426,15.97,1014.64,40.31,502.87
95,134,106,353,426,15.97,1014.63,40.32,500.24
96,134,106,352,426,15.97,1014.65,40.31,500.24
97,134,106,351,427,15.97,1014.63,40.32,498.76
98,133,106,352,426,15.97,1014.65,40.30,498.02
99,133,106,351,427,15.97,1014.63,40.31,499.50
100,134,106,352,427,15.97,1014.64,40.32,498.76
101,134,106,352,427,15.97,1014.64,40.31,499.13
102,133,106,352,427,15.97,1014.63,40.30,500.62
103,133,106,351,427,15.97,1014.64,40.31,499.13
104,133,106,351,426,15.97,1014.63,40.32,499.13
105,133,106,351,427,15.97,1014.65,40.32,501.36
106,133,106,351,425,15.97,1014.63,40.31,502.49
107,134,106,351,426,15.97,1014.64,40.31,500.62
108,133,106,350,427,15.97,1014.64,40.31,501.36
109,133,106,350,426,15.97,1014.64,40.31,500.24
110,133,106,351,426,15.97,1014.65,40.30,499.13
111,134,106,351,426,15.97,1014.63,40.30,503.24
112,133,106,351,426,15.97,1014.65,40.30,499.87
113,134,105,350,426,15.97,1014.64,40.30,500.62
114,133,105,350,426,15.97,1014.63,40.31,502.49
115,133,105,350,426,15.97,1014.64,40.30,501.74
116,133,106,350,426,15.97,1014.63,40.31,500.99
117,133,105,350,426,15.97,1014.64,40.30,501.36
118,133,106,350,426,15.97,1014.63,40.30,501.36
119,133,105,350,426,15.97,1014.64,40.29,500.24
120,133,105,349,425,15.97,1014.65,40.29,500.62
121,133,106,350,426,15.97,1014.63,40.30,504.00
122,133,105,350,426,15.97,1014.65,40.29,499.13
123,134,106,350,430,15.97,1014.63,40.30,476.14
124,138,107,353,441,15.97,1014.64,40.31,401.57
125,145,108,356,455,15.97,1014.64,40.30,313.77
126,153,111,359,471,15.97,1014.63,40.32,242.79
127,161,112,362,487,15.97,1014.65,40.36,194.16
128,168,114,367,503,15.98,1014.63,40.42,162.13
129,176,116,370,519,15.98,1014.64,40.51,138.37
130,183,117,373,532,15.98,1014.64,40.65,121.65
131,188,118,376,544,15.98,1014.63,40.78,109.81
132,192,120,378,555,15.98,1014.65,40.94,101.89
133,196,121,382,562,15.99,1014.63,41.13,96.29
134,198,122,385,571,15.99,1014.65,41.33,93.27
135,201,123,386,576,15.99,1014.66,41.54,90.27
136,202,125,389,582,15.99,1014.64,41.80,87.82
137,203,125,390,586,15.99,1014.66,42.04,85.58
138,204,127,392,588,15.99,1014.65,42.30,84.46
139,205,128,393,590,15.99,1014.66,42.55,83.71
140,204,130,395,591,15.99,1014.72,42.81,83.79
141,205,130,396,590,16.00,1014.80,43.08,83.71
142,204,131,396,590,16.00,1014.87,43.35,83.79
143,205,132,397,588,16.00,1014.92,43.61,84.04
144,205,132,398,588,16.00,1014.95,43.86,83.96
145,204,134,399,588,16.01,1014.97,44.12,83.87
146,205,134,400,587,16.01,1015.00,44.36,83.62
147,206,135,400,586,16.01,1015.01,44.60,83.21
148,205,136,401,585,16.02,1015.02,44.82,83.37
149,207,137,402,585,16.02,1015.02,45.02,82.80
150,207,137,402,585,16.03,1015.02,45.24,82.23
151,207,138,403,584,16.04,1015.03,45.42,81.67
152,207,139,405,584,16.04,1015.03,45.61,81.44
153,207,139,405,583,16.05,1015.04,45.78,80.97
154,208,139,406,583,16.05,1015.05,45.95,80.12
155,208,141,406,582,16.06,1015.05,46.11,79.59
156,208,141,407,582,16.06,1015.04,46.26,79.36
157,209,141,407,581,16.07,1015.05,46.40,78.32
158,209,143,408,581,16.07,1015.05,46.53,77.75
159,209,143,409,581,16.08,1015.05,46.65,77.10
160,209,144,410,581,16.08,1015.05,46.76,76.54
161,209,144,411,580,16.09,1015.06,46.88,75.92
162,210,145,411,579,16.09,1015.05,46.98,75.58
163,210,146,412,580,16.09,1015.05,47.07,74.77
164,210,146,412,579,16.10,1015.06,47.17,74.11
165,211,147,413,579,16.10,1015.05,47.26,73.59
166,211,147,413,579,16.11,1015.05,47.33,72.83
167,210,147,414,578,16.11,1015.05,47.39,72.26
168,210,148,414,578,16.11,1015.06,47.46,71.89
169,211,148,416,578,16.12,1015.06,47.52,71.28
170,211,149,416,577,16.12,1015.07,47.59,70.80
171,211,150,416,578,16.12,1015.07,47.63,70.27
172,211,150,417,577,16.13,1015.07,47.70,69.63
173,211,150,417,577,16.13,1015.07,47.73,69.23
174,211,151,418,576,16.13,1015.06,47.78,68.78
175,211,151,418,575,16.14,1015.06,47.80,68.27
176,211,151,419,575,16.14,1015.06,47.85,68.00
177,211,151,419,576,16.14,1015.06,47.87,67.13
178,211,152,420,575,16.15,1015.06,47.90,66.65
179,211,152,420,575,16.15,1015.07,47.93,66.18
180,211,153,421,575,16.15,1015.07,47.95,65.71
181,211,153,421,575,16.15,1015.07,47.96,65.46
182,211,153,421,574,16.16,1015.07,47.99,64.90
183,212,153,421,574,16.16,1015.07,48.00,64.50
184,211,154,421,574,16.16,1015.07,48.00,64.01
185,211,154,422,573,16.16,1015.07,48.00,63.58
186,211,155,423,573,16.17,1015.06,48.02,63.19
187,211,155,423,574,16.17,1015.06,48.03,62.91
188,211,155,424,573,16.17,1015.06,48.02,62.53
189,211,155,424,572,16.17,1015.05,48.03,62.03
190,211,156,425,573,16.17,1015.05,48.02,61.62
191,211,156,424,572,16.18,1015.06,48.04,61.44
192,211,156,425,571,16.18,1015.06,48.03,60.90
193,211,156,426,571,16.18,1015.06,48.02,60.51
194,211,156,426,571,16.18,1015.07,48.01,60.08
195,211,157,426,571,16.18,1015.07,48.01,59.95
196,211,157,427,571,16.19,1015.07,47.99,59.36
197,211,157,427,570,16.19,1015.07,47.98,58.94
198,211,157,427,570,16.19,1015.07,47.97,58.73
199,210,158,427,569,16.19,1015.08,47.96,58.17
200,211,158,427,569,16.19,1015.08,47.96,58.04
201,211,158,427,570,16.19,1015.08,47.94,57.65
202,210,158,428,569,16.20,1015.07,47.92,57.53
203,210,158,428,569,16.20,1015.08,47.91,57.02
204,211,159,428,569,16.20,1015.07,47.90,56.67
205,210,159,429,568,16.20,1015.07,47.87,56.45
206,210,159,429,568,16.20,1015.07,47.86,56.03
207,210,159,429,568,16.20,1015.08,47.83,55.92
208,210,160,429,568,16.20,1015.08,47.83,55.44
209,210,159,429,567,16.20,1015.07,47.80,55.26
210,210,159,430,567,16.20,1015.07,47.78,55.01
211,210,159,430,567,16.21,1015.06,47.76,54.79
212,209,159,431,567,16.21,1015.07,47.75,54.33
213,210,160,430,567,16.21,1015.06,47.73,53.95
214,210,160,430,566,16.21,1015.07,47.71,53.88
215,210,161,430,566,16.21,1015.06,47.70,53.50
216,209,160,431,566,16.21,1015.06,47.67,53.30
217,210,160,431,566,16.21,1015.06,47.66,53.13
218,210,161,432,565,16.21,1015.06,47.61,52.80
219,209,160,432,565,16.22,1015.06,47.58,52.53
220,210,161,432,565,16.22,1015.06,47.57,52.40
221,210,161,432,564,16.22,1015.06,47.54,52.14
222,210,161,431,565,16.22,1015.06,47.53,51.72
223,210,161,433,565,16.22,1015.06,47.49,51.53
224,209,162,432,564,16.22,1015.06,47.47,51.28
225,208,162,433,564,16.22,1015.06,47.45,51.09
226,209,162,433,563,16.22,1015.06,47.44,50.82
227,208,161,433,563,16.22,1015.06,47.41,50.63
228,209,162,433,563,16.23,1015.07,47.38,50.45
229,209,162,433,563,16.23,1015.07,47.36,50.21
230,209,162,434,563,16.23,1015.07,47.33,49.97
231,209,162,433,563,16.23,1015.08,47.32,49.73
232,208,162,434,562,16.23,1015.07,47.29,49.67
233,208,162,433,562,16.23,1015.08,47.27,49.50
234,209,162,433,562,16.23,1015.08,47.25,49.21
235,209,163,433,562,16.23,1015.07,47.22,49.01
236,207,162,435,562,16.23,1015.07,47.19,48.70
237,209,162,434,560,16.23,1015.07,47.17,48.58
238,208,162,435,561,16.23,1015.07,47.16,48.42
239,208,162,435,560,16.23,1015.07,47.14,48.22
240,208,163,435,560,16.24,1015.07,47.10,47.95
241,208,163,434,561,16.24,1015.07,47.08,47.81
242,207,163,435,560,16.24,1015.07,47.06,47.57
243,208,163,436,561,16.24,1015.07,47.04,47.43
244,207,163,435,559,16.24,1015.06,47.01,47.35
245,207,163,435,560,16.24,1015.06,46.99,47.22
246,208,163,436,560,16.24,1015.06,46.96,47.11
247,208,163,435,559,16.24,1015.06,46.94,46.85
248,208,162,436,559,16.24,1015.06,46.93,46.70
249,207,163,436,559,16.24,1015.07,46.90,46.54
250,207,163,435,559,16.24,1015.07,46.88,46.39
251,207,164,436,559,16.25,1015.07,46.85,46.08
252,206,164,436,559,16.25,1015.07,46.83,46.13
253,207,163,435,558,16.25,1015.08,46.80,45.88
254,207,164,436,558,16.25,1015.08,46.78,45.78
255,207,164,437,558,16.25,1015.08,46.77,45.58
256,207,163,436,558,16.25,1015.08,46.75,45.39
257,207,163,436,558,16.25,1015.08,46.73,45.39
258,207,164,436,557,16.25,1015.07,46.69,45.09
259,206,164,436,557,16.25,1015.07,46.67,44.90
260,207,164,437,557,16.25,1015.07,46.64,44.85
261,207,164,436,556,16.25,1015.06,46.63,44.71
262,206,164,436,556,16.25,1015.07,46.62,44.57
263,207,164,436,557,16.25,1015.08,46.59,44.29
264,206,164,437,556,16.25,1015.07,46.57,44.19
265,206,164,437,556,16.26,1015.08,46.55,44.15
266,206,164,437,556,16.26,1015.08,46.52,43.87
267,206,164,436,556,16.26,1015.08,46.51,43.78
268,206,163,437,555,16.26,1015.09,46.50,43.64
269,206,164,437,555,16.26,1015.09,46.48,43.42
270,206,165,438,555,16.26,1015.09,46.44,43.37
271,205,164,438,555,16.26,1015.08,46.42,43.28
272,206,164,438,555,16.26,1015.08,46.41,43.15
273,206,164,438,555,16.26,1015.07,46.39,43.02
274,206,164,437,554,16.26,1015.08,46.37,42.89
275,205,164,437,554,16.26,1015.08,46.35,42.76
276,206,164,437,554,16.26,1015.08,46.33,42.71
277,206,164,437,553,16.26,1015.07,46.31,42.67
278,205,164,438,554,16.26,1015.07,46.28,42.41
279,205,164,438,554,16.26,1015.08,46.27,42.28
280,205,164,437,554,16.26,1015.07,46.24,42.03
281,205,165,438,553,16.26,1015.07,46.22,42.03
282,205,164,438,553,16.26,1015.08,46.22,41.95
283,205,164,438,553,16.26,1015.08,46.19,41.86
284,204,165,438,553,16.26,1015.08,46.17,41.66
285,205,164,438,552,16.27,1015.08,46.15,41.57
286,205,164,437,552,16.27,1015.08,46.13,41.33
287,205,164,437,553,16.27,1015.07,46.12,41.37
288,204,164,438,552,16.27,1015.08,46.11,41.37
289,205,164,438,552,16.27,1015.07,46.08,41.29
290,205,164,438,552,16.27,1015.08,46.07,41.05
291,205,164,438,552,16.27,1015.08,46.04,40.97
292,205,164,438,552,16.27,1015.08,46.01,40.73
293,205,164,438,552,16.27,1015.08,46.00,40.73
294,205,165,438,551,16.27,1015.08,45.98,40.61
295,204,164,438,552,16.27,1015.08,45.97,40.49
296,204,165,438,550,16.27,1015.08,45.94,40.49
297,204,165,438,550,16.27,1015.08,45.93,40.34
298,204,164,439,550,16.27,1015.07,45.91,40.22
299,204,165,439,551,16.27,1015.07,45.90,40.15
300,204,165,438,550,16.27,1015.07,45.88,40.03
301,204,164,438,550,16.27,1015.07,45.86,39.92
302,204,164,438,550,16.27,1015.08,45.85,39.88
303,204,164,439,549,16.27,1015.08,45.83,39.69
304,204,164,438,549,16.27,1015.08,45.81,39.69
305,204,164,439,550,16.27,1015.07,45.80,39.65
306,204,165,438,549,16.27,1015.08,45.79,39.47
307,204,165,438,549,16.27,1015.07,45.77,39.36
308,204,164,439,548,16.28,1015.06,45.76,39.21
309,203,164,438,549,16.28,1015.07,45.74,39.17
310,204,165,438,549,16.28,1015.08,45.73,39.21
311,204,165,438,549,16.27,1015.08,45.71,39.07
312,204,164,439,549,16.27,1015.08,45.70,38.99
313,203,165,438,549,16.27,1015.08,45.67,38.81
314,203,164,438,548,16.27,1015.08,45.64,38.74
315,203,164,438,548,16.28,1015.09,45.65,38.63
316,203,164,439,547,16.28,1015.09,45.63,38.56
317,203,164,439,547,16.28,1015.09,45.62,38.60
318,202,165,438,548,16.28,1015.08,45.60,38.42
319,203,164,439,547,16.28,1015.08,45.58,38.28
320,203,164,439,547,16.28,1015.08,45.57,38.25
321,203,164,439,547,16.28,1015.08,45.56,38.21
322,203,164,439,547,16.28,1015.08,45.54,38.08
323,203,165,438,547,16.28,1015.07,45.53,38.01
324,203,165,439,547,16.28,1015.07,45.51,37.94
325,203,165,439,546,16.28,1015.07,45.50,37.94
326,203,164,439,546,16.28,1015.07,45.49,37.84
327,203,165,439,546,16.28,1015.06,45.47,37.77
328,202,164,439,546,16.28,1015.06,45.47,37.73
329,202,164,439,546,16.28,1015.06,45.45,37.67
330,202,164,438,546,16.28,1015.07,45.42,37.60
331,202,164,439,544,16.28,1015.07,45.42,37.47
332,202,165,438,545,16.28,1015.07,45.40,37.40
333,202,164,439,545,16.28,1015.07,45.39,37.27
334,202,165,438,545,16.28,1015.07,45.39,37.20
335,202,164,439,545,16.28,1015.07,45.36,37.17
336,202,164,439,544,16.28,1015.06,45.36,37.04
337,202,165,439,545,16.28,1015.05,45.33,37.07
338,202,165,439,545,16.28,1015.06,45.33,36.94
339,202,164,438,544,16.28,1015.07,45.31,36.91
340,202,164,438,544,16.28,1015.07,45.30,36.91
341,202,164,438,544,16.28,1015.06,45.29,36.81
342,202,164,439,544,16.28,1015.06,45.28,36.78
343,202,164,439,544,16.28,1015.07,45.25,36.68
344,202,164,439,543,16.28,1015.06,45.24,36.49
345,202,164,439,543,16.28,1015.07,45.23,36.49
346,201,164,439,543,16.29,1015.07,45.22,36.52
347,201,164,438,543,16.29,1015.07,45.21,36.49
348,201,164,439,543,16.29,1015.07,45.19,36.30
349,202,164,439,542,16.29,1015.06,45.18,36.24
350,201,164,438,543,16.29,1015.07,45.16,36.18
351,201,164,439,543,16.29,1015.08,45.16,36.15
352,201,164,438,542,16.29,1015.07,45.14,36.11
353,201,164,438,543,16.29,1015.08,45.12,35.99
354,201,164,439,542,16.29,1015.07,45.12,35.93
355,201,164,438,542,16.29,1015.07,45.11,35.90
356,201,164,439,542,16.29,1015.07,45.09,35.87
357,201,164,439,542,16.29,1015.07,45.09,35.72
358,201,164,439,542,16.29,1015.07,45.07,35.72
359,201,164,439,541,16.29,1015.06,45.06,35.75
360,201,164,438,541,16.29,1015.06,45.05,35.56
361,201,164,438,541,16.29,1015.06,45.04,35.60
362,201,164,439,540,16.29,1015.06,45.02,35.50
363,201,163,439,541,16.29,1015.06,45.01,35.45
364,201,164,439,540,16.29,1015.07,45.00,35.35
365,201,164,438,540,16.29,1015.06,45.00,35.33
366,201,164,438,540,16.29,1015.07,44.99,35.39
367,200,164,438,540,16.29,1015.07,44.98,35.21
368,201,164,439,540,16.29,1015.06,44.95,35.15
369,201,164,438,540,16.29,1015.06,44.94,35.18
370,201,164,438,540,16.29,1015.06,44.94,35.09
371,201,164,438,540,16.29,1015.05,44.94,35.00
372,200,164,438,539,16.29,1015.05,44.91,34.94
373,200,164,438,538,16.29,1015.05,44.89,34.92
374,201,164,438,539,16.29,1015.05,44.90,34.80
375,201,164,438,539,16.29,1015.05,44.88,34.89
376,200,164,439,538,16.29,1015.05,44.87,34.74
377,200,164,438,537,16.29,1015.05,44.86,34.80
378,200,164,439,538,16.29,1015.05,44.85,34.49
379,200,164,439,537,16.29,1015.05,44.83,34.66
380,201,163,438,538,16.29,1015.05,44.84,34.57
381,200,164,438,538,16.29,1015.06,44.82,34.51
382,200,164,438,537,16.29,1015.05,44.81,34.51
383,200,164,438,538,16.30,1015.05,44.81,34.51
384,200,163,438,537,16.30,1015.06,44.79,34.40
385,200,163,438,537,16.30,1015.05,44.78,34.35
386,200,164,438,537,16.30,1015.06,44.78,34.32
387,200,163,438,537,16.30,1015.06,44.76,34.23
388,200,164,438,537,16.30,1015.06,44.76,34.15
389,200,163,438,537,16.30,1015.05,44.74,34.26
390,200,164,438,536,16.30,1015.05,44.73,34.12
391,200,163,438,537,16.30,1015.05,44.71,34.07
392,199,163,438,537,16.30,1015.05,44.71,34.04
393,200,164,438,536,16.30,1015.05,44.70,33.98
394,200,163,437,536,16.30,1015.05,44.69,33.96
395,200,164,438,537,16.30,1015.05,44.69,33.96
396,199,162,438,535,16.30,1015.06,44.67,33.93
397,199,163,438,536,16.30,1015.06,44.67,33.85
398,199,163,438,535,16.30,1015.06,44.65,33.71
399,199,163,438,536,16.30,1015.06,44.64,33.74
400,199,163,438,535,16.30,1015.05,44.63,33.66
401,199,163,438,535,16.30,1015.06,44.62,33.63
402,199,163,437,535,16.30,1015.06,44.61,33.60
403,199,163,438,534,16.30,1015.06,44.61,33.60
404,199,163,437,535,16.30,1015.05,44.60,33.50
405,199,163,437,535,16.30,1015.05,44.59,33.52
406,199,163,438,534,16.30,1015.05,44.59,33.42
407,199,163,437,534,16.30,1015.06,44.57,33.44
408,199,163,438,534,16.30,1015.05,44.55,33.34
409,199,162,438,534,16.30,1015.04,44.54,33.31
410,198,163,438,534,16.30,1015.05,44.53,33.37
411,199,162,437,534,16.30,1015.06,44.54,33.23
412,199,163,437,533,16.30,1015.06,44.52,33.26
413,199,162,437,533,16.30,1015.06,44.51,33.18
414,199,163,438,533,16.30,1015.06,44.51,33.18
415,199,162,438,533,16.30,1015.05,44.51,33.15
416,199,163,437,533,16.30,1015.05,44.49,33.08
417,199,163,437,532,16.30,1015.05,44.48,33.02
418,199,163,438,533,16.30,1015.05,44.48,33.00
419,199,162,437,533,16.30,1015.04,44.46,33.00
420,199,162,438,532,16.30,1015.04,44.44,32.90
421,199,163,436,532,16.30,1015.04,44.43,32.87
422,198,162,437,532,16.30,1015.04,44.45,32.84
423,198,162,437,532,16.30,1015.04,44.43,32.92
424,198,163,438,531,16.30,1015.04,44.41,32.79
425,199,162,436,532,16.30,1015.04,44.39,32.74
426,198,163,437,531,16.30,1015.04,44.40,32.69
427,198,163,438,532,16.30,1015.04,44.40,32.69
428,199,162,437,531,16.30,1015.04,44.38,32.61
429,198,162,436,531,16.30,1015.05,44.38,32.61
430,199,163,437,531,16.30,1015.05,44.37,32.56
431,199,162,437,531,16.30,1015.05,44.37,32.61
432,198,162,437,530,16.30,1015.04,44.35,32.54
433,198,162,437,531,16.30,1015.04,44.35,32.46
434,199,162,437,530,16.31,1015.04,44.34,32.46
435,198,162,437,530,16.31,1015.04,44.32,32.41
436,198,162,437,530,16.31,1015.04,44.32,32.41
437,198,163,437,529,16.31,1015.03,44.30,32.39
438,198,163,437,529,16.31,1015.03,44.31,32.41
439,198,161,437,530,16.31,1015.04,44.29,32.39
440,198,162,436,529,16.31,1015.04,44.29,32.29
441,198,162,437,529,16.31,1015.04,44.28,32.24
442,198,162,437,529,16.31,1015.04,44.27,32.24
443,198,162,437,528,16.31,1015.03,44.28,32.17
444,198,162,437,529,16.31,1015.04,44.26,32.22
445,198,162,436,529,16.31,1015.04,44.24,32.17
446,197,162,436,528,16.31,1015.04,44.24,32.14
447,198,162,437,528,16.31,1015.04,44.24,32.09
448,198,161,436,528,16.31,1015.03,44.23,31.99
449,198,162,437,528,16.31,1015.04,44.22,32.04
450,198,162,437,528,16.31,1015.04,44.21,31.87
451,198,161,436,528,16.31,1015.03,44.20,31.95
452,198,162,436,528,16.31,1015.04,44.20,31.90
453,197,162,436,527,16.31,1015.05,44.19,31.85
454,197,161,436,527,16.31,1015.04,44.18,31.85
455,198,161,436,527,16.31,1015.05,44.18,31.90
456,197,161,436,527,16.31,1015.05,44.17,31.90
457,197,161,436,526,16.31,1015.05,44.17,31.85
458,197,162,436,527,16.31,1015.04,44.17,31.82
459,197,162,436,527,16.31,1015.05,44.15,31.80
460,198,161,436,527,16.31,1015.06,44.15,31.75
461,197,161,436,526,16.31,1015.06,44.14,31.70
462,197,162,436,526,16.31,1015.04,44.12,31.66
463,197,161,435,525,16.31,1015.04,44.12,31.56
464,197,162,436,525,16.31,1015.04,44.12,31.56
465,197,161,435,526,16.31,1015.04,44.11,31.56
466,197,161,436,525,16.31,1015.04,44.11,31.56
467,197,161,435,525,16.31,1015.04,44.09,31.49
468,197,161,436,525,16.31,1015.04,44.10,31.47
469,196,161,436,525,16.31,1015.05,44.09,31.49
470,197,161,436,525,16.31,1015.05,44.07,31.54
471,197,162,436,524,16.31,1015.04,44.07,31.47
472,197,161,436,524,16.31,1015.04,44.06,31.42
473,197,161,435,525,16.31,1015.04,44.04,31.37
474,197,161,435,524,16.31,1015.05,44.05,31.33
475,197,161,436,524,16.31,1015.04,44.04,31.30
476,197,161,435,524,16.31,1015.04,44.03,31.26
477,197,161,436,524,16.31,1015.04,44.03,31.28
478,197,161,435,523,16.32,1015.04,44.02,31.23
479,196,161,435,523,16.32,1015.04,44.03,31.19
480,197,161,435,523,16.32,1015.04,44.01,31.21
481,196,160,435,523,16.32,1015.05,44.01,31.26
482,197,161,435,523,16.32,1015.04,44.00,31.14
483,196,160,435,522,16.32,1015.04,44.00,31.21
484,196,161,435,523,16.32,1015.04,43.99,31.07
485,196,161,435,523,16.32,1015.04,43.98,31.14
486,197,161,435,522,16.32,1015.03,43.98,31.12
487,196,161,435,522,16.32,1015.04,43.95,31.14
488,197,161,435,522,16.32,1015.04,43.95,31.03
489,196,161,435,522,16.32,1015.04,43.95,30.98
490,196,160,435,521,16.32,1015.04,43.93,30.96
491,196,161,435,521,16.32,1015.04,43.93,30.94
492,196,161,435,521,16.32,1015.04,43.93,30.96
493,196,161,436,521,16.32,1015.03,43.92,30.91
494,196,161,435,521,16.32,1015.03,43.91,30.89
495,195,161,435,522,16.32,1015.04,43.91,30.87
496,196,161,435,521,16.32,1015.04,43.90,30.87
497,195,160,434,521,16.32,1015.03,43.89,30.87
498,196,161,434,521,16.32,1015.04,43.89,30.82
499,196,160,434,521,16.32,1015.04,43.89,30.87
500,196,161,434,520,16.32,1014.93,43.87,30.82
501,196,160,435,521,16.32,1014.87,43.87,30.82
502,195,160,434,520,16.32,1014.80,43.87,30.82
503,193,159,433,518,16.32,1014.77,43.87,31.19
504,191,159,433,515,16.31,1014.72,43.84,31.80
505,187,158,431,511,16.31,1014.71,43.84,32.69
506,184,158,429,506,16.30,1014.68,43.83,33.82
507,182,157,428,503,16.30,1014.68,43.82,34.92
508,179,157,427,499,16.29,1014.65,43.79,36.18
509,176,156,426,495,16.29,1014.66,43.77,37.47
510,175,156,425,490,16.28,1014.63,43.74,38.85
511,173,156,424,487,16.28,1014.65,43.71,40.11
512,172,155,423,484,16.27,1014.63,43.67,41.37
513,170,155,421,481,16.26,1014.65,43.63,42.71
514,169,155,420,479,16.25,1014.62,43.59,43.87
515,168,154,420,477,16.25,1014.64,43.55,44.90
516,167,154,419,474,16.24,1014.62,43.50,45.98
517,166,154,418,471,16.23,1014.63,43.47,47.01
518,165,153,417,469,16.23,1014.62,43.43,47.95
519,165,153,415,467,16.22,1014.63,43.38,48.87
520,164,153,415,464,16.21,1014.62,43.34,49.67
521,163,153,414,462,16.21,1014.63,43.29,50.66
522,163,152,413,462,16.20,1014.60,43.25,51.38
523,162,151,412,459,16.20,1014.61,43.19,52.27
524,162,151,412,457,16.19,1014.61,43.14,53.06
525,162,151,411,456,16.19,1014.62,43.11,53.98
526,162,151,410,454,16.18,1014.61,43.06,54.61
527,160,150,410,453,16.18,1014.63,43.01,55.26
528,160,150,409,452,16.17,1014.61,42.97,56.14
529,160,150,407,451,16.17,1014.63,42.92,56.87
530,159,149,407,450,16.17,1014.61,42.87,57.49
531,159,149,406,448,16.16,1014.62,42.83,58.33
532,159,149,406,447,16.16,1014.60,42.78,58.94
533,159,149,405,446,16.16,1014.62,42.73,59.57
534,159,149,405,445,16.15,1014.61,42.69,60.38
535,158,148,405,444,16.15,1014.63,42.67,60.99
536,158,147,404,443,16.15,1014.61,42.63,61.66
537,157,147,403,442,16.14,1014.63,42.59,62.26
538,157,147,403,442,16.14,1014.61,42.55,62.96
539,157,147,402,441,16.14,1014.63,42.52,63.58
540,156,147,401,440,16.13,1014.62,42.48,64.31
541,156,146,400,439,16.13,1014.62,42.44,64.90
542,156,146,400,438,16.13,1014.62,42.41,65.46
543,156,146,399,438,16.13,1014.61,42.37,66.13
544,156,146,398,438,16.13,1014.63,42.33,66.76
545,156,145,398,436,16.12,1014.61,42.30,67.34
546,155,145,398,437,16.12,1014.62,42.27,67.89
547,155,144,396,435,16.12,1014.61,42.22,68.61
548,155,145,396,434,16.12,1014.63,42.19,69.29
549,155,144,396,435,16.12,1014.61,42.18,70.04
550,154,144,396,434,16.12,1014.62,42.15,70.39
551,154,144,394,432,16.11,1014.61,42.10,70.98
552,154,143,394,432,16.11,1014.62,42.08,71.47
553,153,143,393,432,16.11,1014.62,42.05,72.39
554,154,143,393,432,16.11,1014.63,42.01,72.83
555,153,143,393,432,16.11,1014.63,41.99,73.46
556,153,143,392,431,16.11,1014.62,41.96,73.98
557,153,142,392,430,16.10,1014.63,41.94,74.64
558,153,142,391,429,16.10,1014.61,41.92,75.24
559,152,142,391,430,16.10,1014.62,41.89,75.85
560,152,142,391,429,16.10,1014.61,41.88,76.33
561,152,141,390,429,16.10,1014.62,41.83,76.82
562,152,141,389,428,16.10,1014.62,41.82,77.53
563,152,141,390,428,16.10,1014.62,41.79,78.03
564,152,140,388,428,16.10,1014.63,41.76,78.91
565,152,140,388,427,16.10,1014.61,41.73,79.36
566,151,140,388,428,16.09,1014.63,41.72,80.04
567,152,139,388,427,16.09,1014.61,41.70,80.50
568,151,140,387,427,16.09,1014.63,41.69,81.04
569,151,139,387,426,16.09,1014.61,41.66,81.59
570,150,139,386,426,16.09,1014.61,41.65,82.23
571,150,139,386,425,16.09,1014.62,41.63,82.80
572,150,139,385,425,16.09,1014.61,41.60,83.37
573,151,138,386,425,16.09,1014.62,41.58,83.96
574,150,138,385,425,16.09,1014.60,41.57,84.55
575,150,138,384,425,16.09,1014.61,41.54,85.06
576,150,138,384,425,16.09,1014.60,41.53,85.76
577,150,138,384,425,16.09,1014.61,41.52,86.28
578,149,137,382,424,16.09,1014.60,41.49,86.82
579,150,137,383,424,16.08,1014.62,41.48,87.27
580,149,137,382,423,16.08,1014.63,41.46,87.82
581,148,136,382,424,16.08,1014.62,41.45,88.46
582,149,137,381,423,16.08,1014.63,41.43,89.03
583,149,136,381,423,16.08,1014.61,41.42,89.79
584,149,136,381,423,16.08,1014.63,41.40,89.98
585,148,136,380,423,16.08,1014.60,41.39,90.56
586,148,135,380,422,16.08,1014.62,41.38,91.05
587,149,136,379,423,16.08,1014.60,41.38,91.95
588,148,136,379,422,16.08,1014.61,41.35,92.35
589,148,135,379,422,16.08,1014.61,41.35,93.17
590,148,135,378,422,16.08,1014.61,41.32,93.27
591,148,135,378,422,16.08,1014.62,41.30,94.00
592,148,135,378,421,16.08,1014.61,41.29,94.64
593,148,134,378,421,16.08,1014.62,41.28,94.85
594,148,134,378,421,16.08,1014.60,41.29,95.50
595,147,134,378,421,16.07,1014.62,41.27,94.45
596,146,134,377,420,16.07,1014.61,41.26,95.36
597,147,134,376,421,16.08,1014.62,41.25,96.02
598,147,133,376,421,16.08,1014.63,41.24,96.18
599,147,133,376,421,16.08,1014.62,41.23,96.96
600,147,133,375,421,16.07,1014.63,41.22,97.18
601,147,133,375,420,16.07,1014.60,41.20,97.69
602,147,133,375,420,16.07,1014.61,41.20,98.38
603,147,133,374,420,16.07,1014.61,41.19,99.25
604,147,133,374,420,16.07,1014.61,41.17,99.36
605,146,132,374,420,16.07,1014.62,41.17,99.78
606,146,132,374,420,16.07,1014.60,41.16,100.61
607,146,132,374,420,16.07,1014.61,41.14,100.85
608,146,132,374,420,16.07,1014.60,41.15,101.46
609,146,132,373,419,16.07,1014.60,41.15,102.02
610,146,131,373,419,16.07,1014.62,41.11,102.45
611,146,132,372,419,16.07,1014.61,41.11,103.02
612,145,131,372,419,16.07,1014.62,41.11,103.59
613,145,131,372,420,16.07,1014.63,41.11,103.97
614,145,131,371,419,16.07,1014.61,41.10,105.14
615,145,131,371,419,16.07,1014.63,41.10,104.95
616,145,130,370,419,16.07,1014.62,41.10,105.54
617,145,130,371,419,16.07,1014.61,41.08,106.00
618,145,130,371,419,16.07,1014.63,41.08,106.54
619,145,130,370,419,16.07,1014.61,41.07,107.02
620,145,130,370,419,16.07,1014.61,41.08,107.77
621,144,130,369,419,16.07,1014.62,41.06,108.40
622,145,129,369,419,16.07,1014.61,41.05,108.82
623,144,129,369,419,16.07,1014.62,41.04,109.39
624,145,129,369,419,16.07,1014.61,41.05,109.53
625,144,129,369,419,16.07,1014.61,41.05,110.03
626,144,129,369,418,16.07,1014.61,41.04,110.46
627,144,129,368,418,16.07,1014.60,41.04,110.97
628,144,128,367,419,16.07,1014.62,41.03,111.41
629,144,128,367,419,16.07,1014.60,41.02,112.16
630,144,128,367,418,16.07,1014.60,41.02,112.61
631,144,128,368,418,16.07,1014.61,41.01,113.37
632,144,128,367,418,16.07,1014.60,41.01,113.60
633,143,128,366,417,16.07,1014.62,41.01,114.37
634,144,128,366,418,16.07,1014.61,41.01,114.60
635,143,127,366,417,16.07,1014.61,40.99,115.23
636,143,127,365,418,16.07,1014.63,40.99,116.03
637,143,127,364,418,16.07,1014.61,40.99,116.19
638,143,127,365,417,16.07,1014.61,40.99,117.16
639,142,127,365,417,16.07,1014.60,40.99,117.24
640,142,127,365,417,16.07,1014.62,40.98,117.65
641,142,126,363,417,16.07,1014.61,40.98,119.15
642,143,126,364,418,16.07,1014.61,40.96,118.98
643,143,126,364,417,16.07,1014.63,40.96,119.32
644,143,126,363,418,16.07,1014.60,40.95,119.83
645,142,126,363,417,16.07,1014.62,40.95,120.35
646,143,125,363,417,16.07,1014.62,40.95,120.95
647,142,125,362,418,16.07,1014.61,40.95,121.39
648,142,126,363,417,16.07,1014.62,40.94,122.27
649,142,125,363,417,16.07,1014.61,40.92,122.54
650,142,125,361,416,16.07,1014.62,40.93,122.72
651,142,125,362,416,16.07,1014.62,40.92,123.26
652,142,125,361,416,16.07,1014.61,40.91,124.08
653,142,125,361,416,16.07,1014.62,40.92,124.44
654,142,125,361,417,16.07,1014.61,40.91,125.37
655,141,125,361,416,16.07,1014.61,40.91,125.47
656,141,124,361,417,16.07,1014.62,40.91,126.03
657,142,125,360,417,16.07,1014.61,40.89,126.69
658,141,124,361,416,16.07,1014.63,40.88,127.46
659,141,124,360,417,16.07,1014.61,40.88,128.14
660,142,124,360,416,16.07,1014.62,40.88,127.85
661,141,124,360,417,16.07,1014.62,40.88,128.24
662,142,124,359,417,16.07,1014.61,40.87,128.83
663,141,124,359,417,16.07,1014.62,40.88,129.23
664,141,123,360,417,16.07,1014.60,40.86,130.03
665,141,123,359,416,16.07,1014.61,40.87,130.63
666,142,123,359,417,16.07,1014.61,40.87,130.84
667,141,123,358,415,16.08,1014.60,40.85,131.04
668,141,123,359,416,16.08,1014.62,40.86,131.66
669,141,123,358,416,16.08,1014.60,40.87,132.59
670,141,123,358,416,16.08,1014.61,40.86,132.59
671,141,123,358,416,16.08,1014.62,40.86,133.64
672,141,123,357,416,16.08,1014.60,40.87,133.96
673,140,123,357,417,16.08,1014.61,40.86,134.28
674,141,123,357,417,16.08,1014.61,40.88,134.50
675,140,122,358,417,16.08,1014.61,40.88,135.37
676,140,122,357,416,16.08,1014.62,40.88,135.69
677,140,122,357,417,16.08,1014.60,40.87,136.35
678,140,122,356,416,16.08,1014.61,40.88,136.80
679,140,122,356,416,16.08,1014.60,40.88,137.02
680,141,122,356,416,16.08,1014.61,40.87,137.69
681,140,122,356,416,16.08,1014.62,40.85,137.92
682,140,122,356,416,16.08,1014.61,40.86,138.49
683,140,121,356,416,16.08,1014.61,40.86,138.95
684,140,121,355,416,16.08,1014.61,40.87,139.52
685,140,121,355,416,16.08,1014.61,40.87,140.22
686,139,121,355,416,16.08,1014.63,40.87,140.22
687,140,121,355,416,16.08,1014.61,40.87,140.93
688,139,121,355,415,16.08,1014.62,40.88,141.64
689,139,121,355,416,16.08,1014.63,40.86,141.76
690,140,120,355,416,16.08,1014.61,40.87,142.12
691,140,121,354,416,16.08,1014.63,40.86,142.60
692,139,121,354,415,16.08,1014.61,40.86,143.70
693,139,120,353,416,16.08,1014.61,40.87,143.82
694,139,120,353,416,16.08,1014.62,40.86,144.19
695,139,120,353,416,16.08,1014.60,40.88,144.31
696,139,120,353,416,16.08,1014.61,40.87,145.06
697,139,120,353,416,16.08,1014.62,40.86,145.94
698,139,120,352,416,16.08,1014.60,40.86,145.81
699,138,119,352,416,16.08,1014.62,40.85,146.32
700,138,119,352,416,16.08,1014.61,40.83,146.83
701,139,119,352,416,16.08,1014.62,40.83,148.26
702,139,119,352,416,16.08,1014.62,40.83,147.87
703,139,119,351,416,16.08,1014.61,40.82,149.18
704,138,119,350,416,16.08,1014.63,40.83,148.65
705,139,118,351,416,16.08,1014.61,40.82,149.18
706,138,118,350,415,16.08,1014.60,40.82,149.58
707,139,118,351,416,16.08,1014.62,40.81,150.25
708,138,119,350,415,16.08,1014.61,40.81,150.78
709,137,118,349,415,16.08,1014.60,40.80,151.33
710,138,119,350,416,16.08,1014.62,40.80,151.87
711,138,118,350,416,16.08,1014.60,40.79,152.56
712,138,119,350,415,16.08,1014.59,40.78,152.29
713,138,118,350,415,16.08,1014.61,40.77,152.98
714,137,118,349,415,16.08,1014.60,40.77,153.26
715,138,118,349,415,16.08,1014.61,40.77,153.82
716,138,118,349,416,16.08,1014.62,40.76,154.10
717,137,118,349,415,16.08,1014.61,40.77,154.67
718,138,118,349,415,16.08,1014.60,40.76,154.95
719,137,118,349,415,16.08,1014.61,40.74,156.40
720,137,118,349,416,16.08,1014.60,40.75,156.40
721,137,117,348,415,16.08,1014.59,40.75,156.25
722,137,118,348,415,16.08,1014.60,40.75,156.83
723,137,117,348,415,16.08,1014.60,40.74,157.86
724,137,117,348,415,16.08,1014.59,40.74,157.57
725,137,117,347,415,16.09,1014.61,40.73,158.16
726,137,117,347,415,16.09,1014.61,40.73,158.31
727,137,117,347,415,16.09,1014.59,40.73,158.61
728,137,117,347,415,16.09,1014.62,40.72,159.36
729,137,117,347,415,16.09,1014.61,40.73,159.66
730,136,116,347,415,16.09,1014.60,40.73,160.58
731,137,116,347,415,16.09,1014.62,40.73,160.58
732,137,116,347,415,16.09,1014.62,40.72,160.58
733,137,116,347,415,16.09,1014.61,40.72,161.50
734,137,116,347,414,16.09,1014.63,40.72,162.44
735,136,116,346,414,16.09,1014.61,40.70,162.44
736,136,116,346,415,16.09,1014.60,40.72,163.23
737,137,116,346,415,16.09,1014.62,40.70,163.07
738,136,116,346,414,16.09,1014.62,40.70,164.34
739,136,116,346,415,16.09,1014.60,40.70,164.34
740,136,116,345,415,16.09,1014.62,40.69,165.31
741,136,116,345,415,16.09,1014.62,40.69,164.99
742,136,115,345,415,16.09,1014.60,40.69,165.31
743,136,115,345,414,16.09,1014.62,40.69,165.48
744,136,115,345,415,16.09,1014.60,40.68,165.64
745,136,115,344,415,16.09,1014.60,40.69,167.29
746,136,115,344,414,16.09,1014.62,40.69,167.29
747,137,115,344,414,16.09,1014.61,40.68,167.96
748,136,115,344,414,16.09,1014.59,40.67,167.46
749,136,115,344,413,16.09,1014.61,40.68,167.79
