Count,S1,S2,S3,S4,S5,S6,S7,S8,S9,S10,Flag
1,1736,1558,1263,1774,1922,569,1027,2798,2992,1006,0
2,1722,1559,1275,1774,1923,569,1030,2883,2992,1008,0
3,1728,1556,1265,1773,1921,571,1028,2951,2994,1006,0
4,1748,1562,1264,1774,1921,569,1028,2962,2992,1007,0
5,1731,1555,1263,1773,1921,571,1028,2904,2992,1006,0
6,1690,1556,1262,1771,1922,570,1028,2804,2992,1005,0
7,1722,1556,1264,1771,1921,569,1027,2765,2991,1006,0
8,1723,1552,1265,1772,1921,570,1027,2826,2991,1005,0
9,1747,1561,1263,1770,1922,569,1030,2915,2991,1005,0
10,1731,1562,1264,1770,1920,570,1028,2959,2992,1006,0
11,1739,1560,1263,1770,1920,570,1025,2965,2992,1006,0
12,1733,1568,1263,1769,1922,570,1028,2913,2991,1005,0
13,1730,1563,1263,1768,1920,570,1026,2816,2992,1004,0
14,1757,1560,1263,1769,1920,570,1025,2773,2991,1006,0
15,1731,1578,1263,1768,1920,570,1024,2790,2990,1005,0
16,1721,1560,1263,1766,1921,571,1021,2857,2990,1006,0
17,1726,1552,1263,1766,1920,571,1020,2938,2990,1006,0
18,1731,1557,1264,1768,1921,570,1020,2957,2990,1006,0
19,1706,1558,1264,1767,1920,570,1022,2962,2990,1004,0
20,1730,1561,1263,1766,1922,570,1024,2919,2989,1004,0
21,1734,1555,1264,1766,1921,570,1019,2825,2990,1005,1
22,1731,1564,1263,1764,1920,570,1021,2778,2990,1004,1
23,1730,1560,1263,1765,1917,570,1021,2797,2990,1003,1
24,1752,1558,1263,1765,1921,570,1018,2858,2990,1003,1
25,1736,1563,1262,1764,1921,569,1018,2928,2989,1003,1
26,1730,1562,1263,1762,1922,571,1019,2964,2990,1003,1
27,1733,1556,1263,1763,1921,570,1017,2963,2990,1003,1
28,1718,1558,1263,1763,1922,569,1018,2919,2987,1003,1
29,1746,1557,1264,1762,1922,570,1019,2826,2988,1003,1
30,1735,1556,1262,1763,1920,570,1018,2773,2989,1003,1
31,1726,1555,1263,1762,1921,571,1018,2795,2989,1003,1
32,1731,1564,1262,1763,1921,570,1017,2850,2990,1002,1
33,1730,1550,1263,1762,1920,571,1017,2931,2990,1003,1
34,1731,1570,1262,1762,1920,570,1017,2956,2987,1002,1
35,1729,1544,1262,1763,1920,569,1020,2968,2987,1002,1
36,1731,1578,1262,1764,1921,570,1017,2924,2988,1002,1
37,1731,1540,1263,1763,1920,570,1018,2828,2990,1003,1
38,1730,1576,1262,1766,1921,569,1019,2776,2989,1004,1
39,1728,1544,1262,1766,1921,570,1024,2787,2988,1004,1
40,1732,1572,1263,1766,1920,570,1018,2848,2991,1005,1
41,1729,1547,1263,1777,1920,570,1025,2924,2987,1006,1
42,1733,1562,1263,1770,1920,570,1026,2951,2988,1006,1
43,1725,1554,1262,1771,1920,566,1026,2963,2991,1007,1
44,1734,1561,1263,1772,1920,570,1027,2922,2990,1008,1
45,1753,1559,1263,1775,1922,569,1027,2832,2990,1010,1
46,1712,1557,1262,1775,1921,571,1027,2776,2992,1011,1
47,1737,1558,1262,1778,1920,571,1029,2794,2993,1012,1
48,1728,1558,1262,1778,1921,571,1032,2848,2994,1014,1
49,1734,1556,1262,1780,1920,571,1031,2919,2994,1014,1
50,1732,1558,1263,1782,1922,569,1038,2957,2993,1016,1
51,1733,1563,1262,1786,1921,569,1043,2963,2993,1017,1
52,1724,1551,1263,1784,1918,570,1041,2937,2999,1018,1
53,1700,1555,1263,1788,1922,570,1042,2839,2994,1019,1
54,1743,1557,1263,1790,1921,568,1045,2797,2995,1020,1
55,1728,1557,1263,1794,1918,570,1046,2803,2995,1021,1
56,1730,1554,1262,1795,1920,570,1044,2848,2998,1024,1
57,1732,1540,1262,1797,1921,571,1050,2929,2998,1025,1
58,1732,1564,1263,1798,1920,571,1051,2958,3000,1025,1
59,1758,1558,1263,1802,1922,570,1056,2971,2998,1026,1
60,1718,1555,1267,1804,1922,570,1057,2946,3001,1026,1
61,1730,1557,1263,1806,1922,569,1058,2849,2999,1027,1
62,1729,1560,1262,1807,1920,571,1058,2805,3002,1027,1
63,1736,1568,1263,1805,1921,570,1061,2801,3002,1027,1
64,1722,1555,1264,1812,1920,571,1063,2857,3002,1030,1
65,1722,1558,1264,1812,1921,571,1065,2925,3003,1031,1
66,1732,1555,1263,1815,1923,570,1066,2960,3002,1030,1
67,1732,1546,1263,1817,1922,571,1070,2974,3003,1030,1
68,1732,1560,1263,1817,1921,571,1068,2942,3005,1032,1
69,1750,1558,1264,1819,1921,571,1072,2863,3006,1032,1
70,1726,1556,1263,1822,1922,570,1072,2806,3004,1032,1
71,1731,1554,1264,1823,1920,571,1075,2808,3008,1032,1
72,1731,1547,1265,1823,1921,570,1072,2859,3006,1033,1
73,1702,1556,1264,1825,1921,570,1077,2930,3008,1034,1
74,1738,1559,1264,1826,1922,570,1078,2972,3006,1033,1
75,1731,1559,1263,1828,1922,570,1080,2982,3008,1034,1
76,1735,1570,1264,1827,1922,571,1079,2949,3010,1034,1
77,1758,1559,1266,1827,1921,571,1079,2866,3009,1034,1
78,1724,1556,1265,1829,1922,571,1081,2805,3010,1034,1
79,1731,1554,1264,1830,1921,571,1080,2808,3010,1035,1
80,1730,1548,1265,1839,1922,570,1081,2862,3008,1034,1
81,1708,1558,1264,1832,1923,570,1082,2931,3009,1035,1
82,1736,1558,1265,1831,1921,571,1083,2966,3010,1035,1
83,1735,1562,1266,1833,1922,571,1086,2981,3011,1034,1
84,1735,1563,1266,1833,1922,570,1084,2951,3010,1036,1
85,1747,1560,1264,1833,1921,571,1083,2867,3011,1036,1
86,1731,1558,1265,1832,1920,571,1088,2814,3011,1036,1
87,1734,1572,1265,1833,1922,572,1086,2808,3011,1037,1
88,1728,1557,1264,1834,1923,571,1086,2860,3011,1035,1
89,1729,1558,1264,1834,1923,570,1088,2929,3010,1035,1
90,1730,1555,1266,1835,1922,571,1086,2965,3011,1035,1
91,1728,1554,1266,1834,1922,571,1091,2982,3014,1034,1
92,1708,1558,1265,1834,1923,571,1088,2950,3011,1034,1
93,1733,1557,1264,1835,1924,570,1088,2862,3010,1034,1
94,1730,1541,1266,1834,1922,571,1090,2815,3011,1034,1
95,1699,1556,1266,1834,1923,570,1089,2806,3011,1034,1
96,1738,1560,1267,1834,1923,570,1088,2860,3010,1034,1
97,1734,1562,1266,1834,1922,572,1089,2935,3011,1032,1
98,1738,1563,1266,1834,1924,570,1085,2967,3006,1031,1
99,1744,1562,1256,1834,1922,570,1088,2982,3011,1032,1
100,1734,1572,1267,1834,1923,570,1091,2957,3010,1031,1
101,1758,1563,1266,1833,1922,570,1086,2870,3010,1029,1
102,1729,1559,1265,1833,1922,571,1090,2816,3010,1029,1
103,1734,1574,1264,1830,1923,571,1081,2802,3010,1029,1
104,1728,1559,1266,1829,1923,570,1085,2853,3009,1028,1
105,1729,1562,1265,1828,1923,571,1082,2936,3009,1028,1
106,1732,1556,1265,1828,1923,571,1082,2966,3009,1027,1
107,1729,1557,1266,1826,1924,565,1083,2981,3006,1026,1
108,1719,1558,1276,1825,1924,571,1078,2954,3006,1024,1
109,1732,1557,1264,1825,1923,571,1076,2858,3006,1025,1
110,1724,1552,1266,1822,1923,571,1074,2806,3006,1024,1
111,1719,1560,1265,1819,1923,572,1074,2794,3005,1021,1
112,1731,1565,1265,1818,1914,572,1075,2848,3005,1019,1
113,1732,1552,1267,1816,1922,570,1070,2930,3002,1019,1
114,1710,1558,1266,1814,1923,571,1067,2960,3002,1018,1
115,1734,1560,1265,1811,1923,571,1066,2971,3003,1020,1
116,1730,1547,1266,1809,1923,570,1057,2954,3002,1016,1
117,1711,1559,1266,1807,1924,570,1061,2848,3000,1015,1
118,1732,1560,1265,1806,1925,571,1059,2790,3002,1015,1
119,1732,1548,1264,1803,1923,571,1052,2788,3001,1013,1
120,1705,1559,1266,1800,1923,570,1057,2833,2998,1012,1
121,1735,1558,1266,1798,1925,572,1053,2918,2998,1011,2
122,1740,1567,1268,1799,1928,572,1054,2958,2998,1011,2
123,1746,1568,1270,1793,1927,574,1051,2969,2999,1010,2
124,1743,1568,1269,1784,1926,574,1046,2948,2999,1009,2
125,1744,1563,1269,1780,1927,573,1043,2839,2994,1008,2
126,1740,1562,1268,1773,1926,574,1040,2776,2997,1009,2
127,1745,1566,1268,1768,1926,573,1035,2770,2995,1007,2
128,1739,1566,1269,1762,1926,572,1031,2822,2994,1006,2
129,1744,1566,1268,1757,1925,573,1027,2914,2994,1004,2
130,1740,1564,1268,1752,1925,576,1018,2955,2993,1004,2
131,1743,1566,1266,1745,1927,576,1016,2967,2991,1002,2
132,1741,1566,1267,1741,1926,572,1007,2939,2988,1000,2
133,1742,1568,1266,1736,1925,576,1003,2817,2990,1000,2
134,1739,1563,1268,1731,1926,574,998,2746,2988,998,2
135,1742,1562,1266,1723,1924,576,995,2754,2986,997,2
136,1742,1565,1266,1720,1925,573,989,2854,2986,995,2
137,1739,1563,1266,1714,1923,576,982,2932,2984,993,2
138,1740,1564,1266,1709,1926,573,976,2955,2982,992,2
139,1741,1565,1266,1705,1924,573,973,2922,2982,990,2
140,1741,1563,1266,1699,1925,576,969,2789,2980,986,2
141,1741,1563,1264,1694,1925,572,963,2712,2977,987,2
142,1738,1562,1265,1690,1925,574,954,2766,2975,985,2
143,1741,1563,1264,1684,1923,576,949,2875,2974,982,2
144,1741,1561,1266,1680,1923,572,946,2936,2974,982,2
145,1739,1561,1265,1676,1925,572,941,2946,2971,980,2
146,1739,1562,1264,1672,1923,572,936,2858,2969,980,2
147,1738,1562,1263,1666,1923,573,930,2729,2968,978,2
148,1741,1562,1263,1661,1922,572,926,2703,2966,975,2
149,1742,1561,1263,1656,1924,572,921,2790,2966,975,2
150,1740,1560,1263,1651,1923,572,917,2892,2964,972,2
151,1738,1562,1262,1647,1922,572,914,2934,2962,972,2
152,1738,1562,1261,1643,1923,573,910,2929,2960,970,2
153,1738,1562,1262,1640,1922,572,904,2798,2959,970,2
154,1737,1560,1262,1634,1921,574,898,2682,2958,967,2
155,1738,1558,1262,1630,1922,574,894,2704,2956,965,2
156,1737,1560,1261,1626,1922,572,891,2822,2954,965,2
157,1738,1561,1261,1622,1922,572,886,2904,2954,964,2
158,1738,1562,1259,1618,1922,571,884,2930,2950,962,2
159,1738,1558,1260,1613,1921,573,878,2885,2951,960,2
160,1737,1561,1261,1611,1920,572,873,2734,2949,958,2
161,1736,1559,1260,1608,1920,571,871,2661,2947,958,2
162,1735,1558,1259,1604,1922,570,868,2725,2946,957,2
163,1734,1556,1258,1599,1922,571,861,2846,2944,955,2
164,1738,1555,1260,1595,1921,571,862,2911,2942,953,2
165,1738,1555,1259,1590,1921,571,856,2922,2941,952,2
166,1736,1559,1258,1588,1918,572,854,2821,2939,950,2
167,1736,1558,1257,1585,1920,572,849,2682,2937,950,2
168,1734,1558,1257,1582,1919,571,846,2658,2936,948,2
169,1736,1559,1258,1579,1918,571,843,2757,2935,949,2
170,1736,1557,1257,1576,1918,570,840,2868,2934,947,2
171,1733,1555,1258,1574,1920,571,838,2910,2932,946,2
172,1736,1556,1257,1569,1920,572,833,2907,2931,944,2
173,1736,1555,1256,1566,1918,570,832,2760,2930,945,2
174,1733,1553,1256,1564,1918,571,827,2645,2929,943,2
175,1734,1553,1256,1561,1917,570,824,2671,2926,942,2
176,1731,1555,1256,1559,1918,571,822,2798,2925,942,2
177,1734,1555,1256,1555,1915,571,820,2886,2924,941,2
178,1734,1554,1254,1552,1918,570,817,2914,2922,939,2
179,1732,1556,1255,1549,1917,570,815,2862,2922,938,2
180,1734,1556,1254,1549,1917,571,811,2702,2923,937,2
181,1730,1553,1253,1544,1918,571,809,2629,2919,935,2
182,1733,1554,1253,1541,1916,570,807,2700,2920,935,2
183,1733,1555,1253,1540,1914,571,806,2827,2917,935,2
184,1731,1552,1254,1538,1916,571,802,2897,2918,933,2
185,1733,1553,1252,1534,1915,571,801,2906,2916,933,2
186,1729,1554,1252,1532,1915,571,796,2796,2914,931,2
187,1731,1551,1252,1529,1914,571,794,2655,2913,932,2
188,1730,1554,1250,1526,1915,570,794,2636,2910,930,2
189,1730,1550,1252,1526,1916,570,790,2737,2908,930,2
190,1732,1552,1250,1524,1914,570,790,2853,2907,929,2
191,1731,1554,1250,1520,1914,571,787,2898,2908,926,2
192,1729,1552,1250,1519,1915,570,785,2894,2905,926,2
193,1729,1552,1250,1518,1914,570,782,2739,2906,927,2
194,1731,1548,1250,1516,1915,570,782,2619,2903,926,2
195,1732,1550,1250,1513,1914,570,779,2649,2904,925,2
196,1731,1550,1248,1512,1914,571,775,2773,2902,924,2
197,1728,1548,1247,1508,1914,570,776,2870,2899,923,2
198,1730,1548,1246,1507,1914,570,774,2896,2898,921,2
199,1730,1550,1248,1507,1914,570,773,2849,2899,922,2
200,1731,1550,1247,1503,1912,570,771,2682,2898,921,2
201,1728,1546,1246,1502,1913,569,770,2608,2896,921,2
202,1724,1551,1246,1500,1914,571,766,2682,2894,920,2
203,1730,1549,1246,1498,1914,571,764,2812,2894,919,2
204,1729,1550,1247,1496,1912,571,763,2884,2894,917,2
205,1730,1548,1246,1496,1912,571,761,2894,2893,917,2
206,1728,1546,1246,1494,1912,569,762,2782,2892,918,2
207,1725,1546,1244,1492,1914,569,758,2639,2890,916,2
208,1730,1548,1245,1492,1911,570,757,2616,2889,916,2
209,1726,1549,1244,1489,1911,568,755,2723,2888,915,2
210,1730,1547,1245,1488,1912,569,754,2842,2888,915,2
211,1730,1547,1243,1486,1910,570,752,2888,2887,916,2
212,1725,1547,1243,1485,1911,570,750,2884,2885,914,2
213,1729,1547,1243,1483,1910,570,750,2727,2885,914,2
214,1730,1542,1243,1483,1912,569,749,2604,2884,914,2
215,1729,1544,1242,1480,1911,569,748,2635,2883,913,2
216,1730,1547,1243,1480,1911,570,747,2767,2882,912,2
217,1725,1547,1242,1479,1910,570,746,2860,2881,911,2
218,1726,1547,1241,1476,1911,570,744,2888,2878,911,2
219,1728,1545,1243,1476,1911,570,744,2839,2880,911,2
220,1726,1544,1242,1474,1909,571,741,2671,2878,910,2
221,1728,1542,1242,1473,1910,570,742,2597,2877,910,2
222,1722,1544,1239,1472,1910,569,738,2670,2874,909,2
223,1726,1544,1241,1472,1908,570,740,2801,2875,909,2
224,1728,1544,1240,1469,1910,570,740,2874,2874,910,2
225,1728,1544,1240,1467,1908,570,736,2886,2874,907,2
226,1728,1543,1240,1468,1909,568,737,2774,2872,907,2
227,1722,1544,1239,1466,1910,570,736,2631,2871,906,2
228,1725,1546,1239,1463,1909,570,731,2605,2870,906,2
229,1723,1542,1240,1463,1907,570,731,2710,2870,905,2
230,1728,1542,1240,1464,1908,570,733,2834,2870,907,2
231,1726,1542,1239,1462,1910,569,731,2880,2867,907,2
232,1726,1542,1238,1460,1910,569,730,2878,2866,904,2
233,1725,1543,1237,1459,1910,570,727,2721,2866,905,2
234,1726,1543,1239,1458,1908,570,727,2598,2867,903,2
235,1728,1542,1238,1458,1907,571,725,2626,2866,905,2
236,1724,1544,1237,1456,1908,570,725,2760,2864,903,2
237,1723,1542,1237,1455,1907,569,725,2853,2864,904,2
238,1725,1542,1236,1455,1907,570,723,2884,2862,904,2
239,1724,1542,1238,1454,1907,569,723,2834,2863,903,2
240,1724,1540,1238,1454,1908,568,722,2666,2862,903,2
241,1720,1539,1236,1453,1907,569,721,2589,2861,902,2
242,1723,1542,1237,1451,1906,568,720,2663,2859,902,2
243,1722,1544,1236,1450,1907,569,720,2796,2858,900,2
244,1725,1542,1236,1449,1906,570,719,2866,2859,899,2
245,1724,1541,1237,1450,1907,569,719,2878,2859,900,2
246,1723,1540,1236,1449,1906,568,718,2769,2858,901,2
247,1723,1542,1235,1448,1907,568,716,2626,2857,899,2
248,1723,1540,1234,1446,1907,569,716,2598,2856,900,2
249,1720,1539,1235,1445,1906,568,715,2706,2856,899,2
250,1725,1540,1235,1447,1905,569,715,2827,2855,901,2
251,1723,1537,1234,1446,1905,568,715,2872,2854,899,2
252,1722,1539,1233,1445,1906,570,715,2872,2853,898,2
253,1722,1537,1234,1443,1906,569,712,2716,2851,898,2
254,1724,1538,1234,1443,1906,568,712,2590,2853,899,2
255,1723,1537,1234,1442,1906,568,712,2619,2852,898,2
256,1725,1538,1232,1439,1906,570,710,2749,2851,898,2
257,1720,1540,1232,1440,1906,569,710,2846,2850,898,2
258,1723,1540,1232,1438,1905,569,709,2875,2850,897,2
259,1724,1539,1233,1438,1904,567,708,2831,2850,896,2
260,1723,1536,1234,1437,1904,567,707,2661,2850,897,2
261,1723,1536,1232,1438,1905,568,710,2582,2848,897,2
262,1723,1539,1231,1436,1905,568,707,2656,2846,894,2
263,1722,1538,1231,1435,1904,568,708,2790,2846,893,2
264,1723,1538,1232,1435,1906,567,706,2864,2846,894,2
265,1723,1540,1231,1435,1903,567,707,2875,2845,896,2
266,1722,1538,1231,1434,1904,570,702,2768,2844,891,2
267,1719,1536,1230,1432,1903,568,704,2617,2844,893,2
268,1723,1537,1230,1434,1904,568,702,2594,2843,891,2
269,1723,1537,1231,1433,1904,567,702,2703,2843,892,2
270,1722,1536,1229,1432,1903,567,704,2823,2842,893,2
271,1723,1536,1229,1431,1904,569,702,2870,2842,890,2
272,1722,1537,1229,1431,1903,568,700,2870,2840,891,2
273,1721,1537,1228,1432,1903,567,700,2715,2841,892,2
274,1722,1533,1230,1430,1903,567,699,2591,2842,893,2
275,1722,1532,1228,1430,1902,567,699,2618,2840,891,2
276,1722,1534,1228,1430,1903,567,700,2748,2839,891,2
277,1722,1534,1228,1430,1903,568,699,2845,2838,890,2
278,1723,1537,1227,1428,1903,568,698,2875,2838,891,2
279,1722,1536,1229,1427,1903,568,698,2827,2838,890,2
280,1720,1533,1228,1427,1902,567,698,2661,2838,890,2
281,1722,1532,1227,1427,1902,567,697,2582,2838,890,2
282,1719,1536,1228,1426,1901,566,698,2652,2838,889,2
283,1721,1532,1227,1425,1902,567,696,2789,2835,889,2
284,1720,1536,1228,1425,1901,568,697,2862,2836,888,2
285,1721,1533,1227,1425,1902,566,695,2873,2835,890,2
286,1722,1531,1226,1426,1901,567,696,2766,2834,889,2
287,1718,1533,1226,1424,1902,568,694,2621,2834,890,2
288,1720,1530,1226,1424,1902,568,693,2594,2834,888,2
289,1720,1530,1226,1422,1901,568,694,2698,2834,887,2
290,1722,1530,1225,1424,1901,568,696,2824,2833,888,2
291,1721,1534,1226,1423,1901,567,694,2868,2832,888,2
292,1722,1530,1226,1422,1899,567,692,2870,2831,887,2
293,1721,1533,1224,1421,1902,568,692,2714,2830,886,2
294,1722,1530,1226,1422,1899,568,691,2588,2831,887,2
295,1722,1534,1225,1421,1899,568,691,2616,2831,886,2
296,1722,1531,1226,1421,1900,566,692,2747,2830,888,2
297,1722,1530,1225,1420,1899,566,690,2844,2830,886,2
298,1722,1531,1225,1420,1899,568,691,2874,2829,888,2
299,1723,1531,1225,1420,1900,567,691,2829,2830,887,2
300,1720,1528,1224,1421,1898,569,690,2660,2829,886,2
301,1720,1530,1224,1420,1899,567,691,2582,2828,886,2
302,1721,1533,1225,1419,1899,567,689,2653,2828,886,2
303,1722,1531,1224,1419,1898,566,689,2787,2827,886,2
304,1720,1531,1224,1419,1899,566,689,2859,2827,885,2
305,1720,1531,1224,1418,1897,567,690,2872,2827,885,2
306,1719,1528,1223,1418,1899,566,690,2768,2826,885,2
307,1720,1529,1224,1418,1897,567,689,2621,2826,884,2
308,1720,1530,1224,1418,1899,567,689,2594,2826,886,2
309,1722,1531,1224,1417,1898,568,687,2694,2826,884,2
310,1721,1529,1224,1418,1898,568,689,2822,2826,886,2
311,1721,1528,1221,1417,1898,566,689,2867,2824,886,2
312,1718,1528,1220,1417,1898,567,688,2868,2823,886,2
313,1718,1530,1222,1416,1898,567,688,2714,2823,884,2
314,1722,1530,1221,1417,1897,568,687,2586,2824,884,2
315,1722,1529,1222,1416,1897,568,689,2618,2824,884,2
316,1720,1529,1221,1416,1898,566,688,2746,2823,885,2
317,1719,1529,1221,1416,1896,566,687,2840,2822,884,2
318,1719,1529,1221,1415,1898,566,686,2870,2821,884,2
319,1720,1529,1221,1416,1896,567,687,2826,2822,884,2
320,1719,1528,1221,1415,1897,566,687,2659,2822,883,2
321,1720,1528,1221,1415,1898,566,687,2581,2822,883,3
322,1711,1522,1216,1409,1891,564,685,2645,2821,883,3
323,1717,1522,1218,1414,1891,565,683,2784,2824,883,3
324,1732,1520,1217,1421,1893,564,688,2858,2820,884,3
325,1711,1528,1217,1428,1891,564,687,2868,2820,884,3
326,1711,1516,1217,1434,1892,563,688,2775,2821,886,3
327,1706,1520,1216,1441,1892,564,690,2637,2820,885,3
328,1706,1523,1214,1448,1892,564,690,2609,2822,886,3
329,1714,1522,1216,1458,1892,564,695,2703,2822,888,3
330,1710,1516,1217,1467,1892,565,698,2827,2824,887,3
331,1712,1512,1218,1480,1894,564,705,2874,2824,890,3
332,1715,1522,1216,1491,1891,565,707,2873,2824,888,3
333,1713,1518,1218,1505,1893,564,713,2752,2827,891,3
334,1715,1522,1221,1517,1891,566,716,2637,2826,893,3
335,1709,1526,1218,1531,1891,565,722,2656,2828,894,3
336,1695,1522,1218,1544,1893,565,725,2766,2827,896,3
337,1710,1539,1219,1554,1893,566,730,2852,2830,897,3
338,1745,1527,1219,1564,1894,565,730,2889,2831,898,3
339,1714,1526,1219,1574,1887,564,738,2863,2832,898,3
340,1713,1512,1218,1579,1893,565,740,2734,2832,899,3
341,1713,1519,1220,1582,1893,565,740,2654,2834,899,3
342,1711,1507,1219,1586,1893,566,745,2690,2834,900,3
343,1714,1512,1220,1587,1893,564,747,2804,2835,901,3
344,1720,1526,1219,1587,1893,564,747,2880,2836,901,3
345,1717,1523,1219,1583,1893,564,754,2899,2837,904,3
346,1705,1522,1220,1585,1894,556,754,2827,2839,904,3
347,1710,1518,1221,1584,1899,565,755,2704,2840,905,3
348,1714,1536,1219,1582,1894,565,757,2665,2839,905,3
349,1719,1526,1220,1580,1893,564,760,2734,2842,906,3
350,1702,1525,1219,1578,1893,564,762,2842,2842,907,3
351,1720,1524,1227,1576,1894,564,766,2891,2843,907,3
352,1715,1532,1220,1572,1894,565,764,2898,2843,911,3
353,1718,1522,1220,1570,1893,567,763,2791,2844,912,3
354,1715,1518,1221,1568,1892,564,770,2674,2846,912,3
355,1721,1526,1222,1566,1892,564,772,2676,2850,914,3
356,1710,1521,1220,1563,1894,564,771,2787,2850,914,3
357,1717,1520,1221,1562,1893,566,773,2868,2851,917,3
358,1715,1529,1219,1558,1894,566,777,2894,2851,917,3
359,1713,1523,1220,1559,1892,564,779,2872,2854,918,3
360,1717,1522,1220,1559,1892,565,781,2757,2856,922,3
361,1715,1522,1219,1553,1894,565,783,2680,2856,923,3
362,1714,1521,1220,1557,1892,566,786,2718,2859,926,3
363,1716,1538,1219,1558,1894,565,790,2822,2861,926,3
364,1720,1522,1220,1560,1892,564,794,2892,2862,930,3
365,1727,1526,1220,1562,1893,564,806,2906,2864,930,3
366,1716,1507,1221,1562,1894,564,802,2848,2867,931,3
367,1718,1525,1219,1566,1892,565,808,2740,2867,934,3
368,1717,1522,1219,1567,1894,565,808,2700,2869,937,3
369,1714,1530,1220,1572,1893,564,814,2755,2872,938,3
370,1718,1534,1219,1574,1892,565,818,2862,2874,940,3
371,1713,1530,1219,1575,1894,566,823,2906,2874,939,3
372,1731,1526,1222,1579,1893,566,825,2912,2878,942,3
373,1699,1524,1221,1583,1892,566,833,2822,2881,943,3
374,1717,1510,1221,1585,1892,566,834,2727,2883,944,3
375,1718,1521,1221,1589,1893,566,840,2723,2884,946,3
376,1714,1544,1220,1592,1893,564,842,2809,2886,946,3
377,1719,1533,1220,1595,1892,566,845,2886,2887,948,3
378,1707,1524,1221,1601,1893,564,852,2919,2888,949,3
379,1705,1526,1220,1604,1893,566,856,2899,2890,950,3
380,1716,1528,1221,1608,1892,566,859,2795,2892,951,3
381,1708,1523,1222,1611,1894,564,866,2722,2894,953,3
382,1724,1526,1221,1613,1894,566,866,2760,2895,953,3
383,1724,1526,1220,1615,1893,566,870,2850,2896,954,3
384,1721,1527,1221,1619,1894,566,873,2915,2898,955,3
385,1724,1522,1220,1622,1893,565,876,2924,2899,956,3
386,1715,1512,1222,1624,1894,566,881,2871,2902,957,3
387,1723,1528,1220,1627,1894,566,885,2776,2902,960,3
388,1720,1523,1221,1630,1894,566,888,2738,2904,960,3
389,1720,1510,1221,1635,1892,564,889,2791,2904,958,3
390,1691,1523,1220,1634,1894,565,896,2883,2906,962,3
391,1749,1528,1222,1637,1895,565,896,2922,2906,962,3
392,1724,1528,1222,1639,1894,566,899,2928,2910,963,3
393,1730,1527,1222,1642,1894,566,899,2848,2910,960,3
394,1723,1527,1222,1643,1893,566,905,2747,2910,964,3
395,1742,1528,1222,1646,1893,566,906,2746,2912,965,3
396,1721,1538,1222,1647,1894,565,910,2836,2914,965,3
397,1713,1529,1221,1648,1894,566,915,2905,2914,966,3
398,1730,1528,1224,1651,1894,566,914,2929,2916,967,3
399,1717,1542,1223,1654,1894,564,915,2918,2916,968,3
400,1718,1530,1222,1655,1894,566,912,2810,2917,968,3
401,1718,1517,1224,1656,1894,566,921,2743,2919,968,3
402,1749,1528,1224,1656,1894,566,923,2774,2920,968,3
403,1719,1545,1223,1659,1894,567,925,2869,2919,970,3
404,1720,1537,1223,1659,1894,566,925,2931,2922,970,3
405,1716,1531,1223,1662,1894,565,930,2934,2922,970,3
406,1717,1528,1223,1662,1895,565,932,2882,2922,971,3
407,1716,1530,1224,1664,1894,566,933,2776,2924,969,3
408,1720,1518,1224,1665,1893,563,936,2748,2924,971,3
409,1718,1533,1224,1666,1895,566,938,2808,2926,972,3
410,1718,1523,1224,1668,1894,566,935,2894,2925,973,3
411,1720,1512,1222,1668,1894,568,940,2936,2926,974,3
412,1716,1530,1224,1666,1894,568,941,2931,2927,974,3
413,1719,1531,1223,1668,1894,567,935,2842,2928,975,3
414,1706,1526,1232,1670,1894,567,941,2759,2929,975,3
415,1705,1525,1224,1672,1896,566,945,2770,2930,978,3
416,1723,1538,1223,1672,1896,567,944,2856,2930,976,3
417,1726,1530,1224,1672,1897,567,946,2919,2933,978,3
418,1734,1530,1224,1674,1894,567,949,2939,2933,979,3
419,1720,1533,1224,1676,1896,567,952,2914,2934,981,3
420,1720,1531,1224,1676,1895,566,955,2818,2934,984,3
421,1725,1534,1225,1678,1894,565,955,2762,2937,983,3
422,1743,1530,1226,1678,1895,566,955,2794,2938,984,3
423,1718,1522,1226,1680,1895,568,961,2882,2938,985,3
424,1690,1526,1224,1682,1894,566,962,2939,2939,987,3
425,1722,1548,1224,1683,1894,566,964,2952,2941,988,3
426,1718,1524,1224,1685,1896,568,968,2885,2942,990,3
427,1724,1532,1224,1686,1896,568,969,2792,2944,991,3
428,1721,1530,1224,1689,1895,568,971,2774,2946,994,3
429,1722,1532,1224,1691,1895,567,976,2834,2947,994,3
430,1730,1534,1224,1694,1894,568,977,2914,2949,997,3
431,1716,1527,1226,1698,1896,567,983,2947,2952,997,3
432,1728,1536,1225,1702,1896,569,985,2946,2951,999,3
433,1734,1529,1224,1702,1904,568,986,2856,2953,1000,3
434,1722,1536,1227,1707,1894,568,995,2794,2955,1003,3
435,1728,1538,1226,1710,1895,567,997,2790,2957,1005,3
436,1744,1532,1226,1714,1896,567,1000,2822,2958,1005,3
437,1718,1530,1226,1717,1894,568,1005,2901,2960,1007,3
438,1723,1529,1225,1722,1896,567,1007,2936,2962,1009,3
439,1726,1516,1227,1725,1895,568,1011,2961,2966,1011,3
440,1724,1542,1226,1732,1896,577,1016,2950,2964,1012,3
441,1720,1528,1228,1734,1894,568,1020,2875,2967,1014,3
442,1726,1533,1227,1740,1896,567,1027,2810,2968,1015,3
443,1761,1532,1227,1747,1898,568,1033,2800,2970,1016,3
444,1726,1534,1226,1750,1897,568,1036,2824,2971,1018,3
445,1765,1533,1229,1753,1896,568,1039,2907,2973,1020,3
446,1730,1538,1228,1758,1897,569,1042,2939,2975,1024,3
447,1719,1531,1227,1762,1896,567,1050,2964,2977,1025,3
448,1724,1542,1228,1768,1896,578,1052,2950,2978,1026,3
449,1724,1519,1230,1771,1897,568,1059,2882,2981,1029,3
450,1723,1529,1228,1779,1898,568,1062,2825,2982,1030,3
451,1723,1537,1229,1781,1897,568,1069,2817,2983,1031,3
452,1735,1533,1229,1786,1898,568,1071,2838,2984,1032,3
453,1733,1533,1229,1790,1898,568,1075,2916,2986,1034,3
454,1725,1524,1230,1795,1897,568,1076,2960,2987,1035,3
455,1728,1531,1229,1800,1898,568,1081,2970,2988,1035,3
456,1714,1536,1230,1804,1898,568,1085,2966,2991,1038,3
457,1722,1532,1230,1808,1898,568,1089,2890,2991,1035,3
458,1725,1530,1232,1813,1897,568,1094,2833,2994,1038,3
459,1712,1533,1232,1816,1898,568,1100,2827,2994,1041,3
460,1723,1527,1232,1820,1897,568,1102,2857,2995,1042,3
461,1730,1533,1232,1823,1898,568,1103,2923,2996,1042,3
462,1691,1532,1232,1826,1899,568,1110,2962,2998,1043,3
463,1730,1543,1232,1831,1899,569,1113,2983,3000,1044,3
464,1742,1539,1234,1834,1899,568,1115,2970,3001,1047,3
465,1728,1552,1234,1838,1899,567,1122,2891,3002,1046,3
466,1711,1536,1240,1841,1898,568,1125,2851,3002,1047,3
467,1730,1518,1235,1844,1898,567,1121,2837,3003,1048,3
468,1746,1538,1235,1847,1899,568,1130,2872,3005,1050,3
469,1730,1533,1234,1848,1900,568,1129,2936,3006,1051,3
470,1736,1539,1234,1851,1900,569,1134,2970,3008,1052,3
471,1724,1540,1236,1857,1901,567,1141,2993,3008,1052,3
472,1723,1531,1236,1858,1900,568,1139,2976,3010,1053,3
473,1741,1538,1238,1861,1900,567,1141,2907,3010,1056,3
474,1726,1538,1235,1864,1901,569,1143,2850,3012,1055,3
475,1731,1544,1238,1867,1901,568,1147,2842,3011,1056,3
476,1714,1538,1243,1869,1901,568,1153,2875,3014,1058,3
477,1730,1543,1238,1871,1901,567,1157,2950,3014,1058,3
478,1729,1530,1238,1882,1902,569,1158,2985,3018,1059,3
479,1730,1540,1238,1875,1902,568,1159,2995,3018,1060,3
480,1736,1542,1238,1878,1902,569,1164,2970,3018,1061,3
481,1731,1539,1239,1882,1902,569,1162,2900,3019,1062,3
482,1729,1555,1238,1882,1902,568,1167,2855,3020,1064,3
483,1738,1544,1240,1887,1901,570,1169,2851,3022,1064,3
484,1707,1539,1240,1888,1902,569,1171,2888,3022,1064,3
485,1726,1542,1240,1891,1904,570,1175,2960,3023,1066,3
486,1728,1544,1241,1894,1902,570,1180,2992,3023,1067,3
487,1731,1549,1241,1896,1903,568,1178,3002,3025,1067,3
488,1731,1526,1242,1898,1902,570,1181,2979,3026,1070,3
489,1725,1537,1242,1902,1902,570,1187,2910,3027,1071,3
490,1722,1538,1241,1904,1904,569,1187,2870,3028,1071,3
491,1768,1546,1242,1904,1903,569,1193,2867,3027,1074,3
492,1756,1545,1243,1909,1903,568,1196,2906,3030,1075,3
493,1749,1545,1242,1910,1904,570,1198,2968,3031,1074,3
494,1744,1545,1244,1914,1904,570,1199,2999,3032,1077,3
495,1743,1546,1237,1914,1904,570,1202,3012,3034,1078,3
496,1741,1544,1241,1920,1904,570,1205,2983,3034,1078,3
497,1742,1544,1243,1923,1904,570,1209,2919,3035,1081,3
498,1742,1544,1246,1926,1905,570,1209,2876,3035,1081,3
499,1746,1549,1245,1928,1904,569,1218,2880,3038,1083,3
500,1752,1550,1245,1931,1906,570,1218,2919,3038,1085,3
501,1770,1547,1245,1934,1906,570,1222,2978,3038,1085,3
502,1723,1545,1246,1939,1906,570,1224,3004,3042,1085,3
503,1731,1542,1248,1939,1905,570,1231,3011,3040,1088,3
504,1730,1541,1246,1940,1906,570,1230,2983,3043,1089,3
505,1735,1534,1248,1945,1906,571,1229,2919,3045,1090,3
506,1733,1553,1246,1950,1906,570,1235,2886,3046,1091,3
507,1735,1550,1249,1953,1907,570,1241,2893,3046,1091,3
508,1730,1551,1248,1955,1908,570,1242,2930,3047,1093,3
509,1718,1549,1258,1958,1907,570,1246,2982,3048,1093,3
510,1744,1550,1250,1962,1907,570,1247,3010,3049,1095,3
511,1738,1554,1251,1966,1907,568,1249,3011,3048,1094,3
512,1733,1545,1249,1969,1907,571,1253,2982,3050,1096,3
513,1733,1547,1252,1971,1907,570,1259,2919,3050,1096,3
514,1743,1550,1252,1975,1906,570,1259,2896,3050,1097,3
515,1723,1547,1252,1977,1908,571,1263,2902,3054,1097,3
516,1732,1539,1252,1990,1908,570,1266,2942,3054,1097,3
517,1734,1554,1254,1985,1909,569,1271,2999,3053,1096,3
518,1730,1551,1253,1986,1910,570,1270,3023,3054,1098,3
519,1746,1555,1254,1991,1909,569,1270,3018,3054,1097,3
520,1738,1564,1254,1992,1909,570,1275,2987,3054,1098,3
521,1738,1550,1256,1995,1909,570,1272,2920,3055,1098,3
522,1750,1554,1256,1995,1909,569,1273,2898,3055,1096,3
523,1734,1547,1255,1996,1910,570,1275,2907,3056,1096,3
524,1736,1559,1255,1996,1910,571,1278,2948,3058,1096,3
525,1724,1555,1255,1998,1911,571,1277,2998,3057,1095,3
526,1740,1560,1257,2000,1910,579,1275,3019,3058,1095,3
527,1737,1551,1257,2000,1911,571,1278,3018,3058,1094,3
528,1750,1554,1259,2000,1911,570,1281,2991,3057,1094,3
529,1735,1547,1257,2002,1911,571,1277,2916,3058,1094,3
530,1736,1550,1258,2001,1917,570,1277,2886,3056,1092,3
531,1704,1552,1256,2001,1912,571,1275,2902,3056,1091,3
532,1738,1579,1258,2000,1912,571,1274,2944,3057,1091,3
533,1746,1560,1259,1999,1911,572,1274,3014,3058,1090,3
534,1735,1552,1260,1999,1911,570,1275,3028,3055,1088,3
535,1734,1559,1262,1997,1912,570,1273,3023,3054,1086,3
536,1745,1558,1260,1995,1913,568,1270,2978,3054,1086,3
537,1736,1552,1262,1995,1911,570,1269,2900,3054,1084,3
538,1758,1558,1262,1993,1913,568,1269,2884,3054,1083,3
539,1739,1537,1260,1990,1914,571,1266,2904,3055,1081,3
540,1724,1558,1260,1988,1913,571,1264,2941,3054,1080,3
541,1738,1570,1262,1986,1913,570,1263,3003,3054,1079,3
542,1746,1561,1259,1982,1913,571,1257,3025,3054,1080,3
543,1736,1548,1262,1979,1913,571,1251,3016,3050,1078,3
544,1726,1558,1262,1978,1912,570,1253,2963,3051,1078,3
545,1738,1569,1262,1975,1913,571,1253,2883,3052,1077,3
546,1746,1561,1251,1972,1914,571,1247,2870,3051,1075,3
547,1740,1545,1263,1970,1914,570,1246,2898,3051,1074,3
548,1720,1560,1263,1966,1914,570,1242,2938,3051,1074,3
549,1738,1564,1263,1965,1913,570,1241,3002,3048,1072,3
550,1775,1561,1262,1962,1914,571,1235,3020,3050,1073,3
551,1738,1562,1264,1960,1913,570,1235,3010,3048,1069,3
552,1742,1560,1263,1956,1914,571,1230,2949,3048,1069,3
553,1737,1557,1265,1954,1915,571,1226,2864,3047,1068,3
554,1735,1550,1264,1959,1914,570,1225,2855,3046,1066,3
555,1722,1560,1263,1947,1915,571,1222,2885,3046,1066,3
556,1736,1557,1264,1945,1915,572,1219,2937,3046,1067,3
557,1722,1560,1265,1942,1914,571,1216,3002,3046,1065,3
558,1734,1560,1264,1939,1912,570,1214,3015,3042,1064,3
559,1742,1570,1265,1935,1914,570,1211,2994,3042,1062,3
560,1753,1562,1264,1933,1914,570,1206,2942,3043,1061,3
561,1738,1563,1264,1931,1914,569,1203,2859,3043,1062,3
562,1741,1566,1264,1928,1915,570,1200,2846,3042,1061,3
563,1748,1561,1264,1925,1915,571,1199,2892,3042,1059,3
564,1736,1566,1265,1923,1915,572,1197,2944,3039,1058,3
565,1743,1563,1264,1920,1914,572,1191,2994,3040,1057,3
566,1745,1563,1260,1916,1914,570,1190,3011,3038,1056,3
567,1737,1563,1264,1914,1915,571,1189,2987,3039,1054,3
568,1740,1566,1266,1913,1915,570,1183,2919,3037,1056,3
569,1751,1563,1265,1908,1915,571,1178,2844,3038,1054,3
570,1734,1563,1264,1906,1914,571,1176,2836,3037,1048,3
571,1738,1570,1266,1897,1915,570,1175,2884,3034,1052,3
572,1763,1562,1266,1904,1914,570,1172,2945,3034,1050,3
573,1734,1561,1264,1902,1911,570,1169,2995,3035,1050,3
574,1735,1559,1265,1899,1915,571,1167,2994,3034,1050,3
575,1730,1559,1266,1897,1915,570,1168,2974,3032,1049,3
576,1715,1560,1265,1895,1915,569,1164,2901,3032,1048,3
577,1736,1559,1266,1893,1915,570,1163,2827,3032,1048,3
578,1736,1564,1265,1891,1915,570,1162,2828,3030,1046,3
579,1741,1565,1264,1889,1916,571,1155,2883,3033,1045,3
580,1754,1562,1265,1886,1915,571,1154,2944,3032,1045,3
581,1731,1562,1266,1885,1910,570,1153,2994,3030,1045,3
582,1735,1559,1265,1883,1915,570,1146,2990,3030,1043,3
583,1732,1550,1266,1886,1914,570,1144,2961,3027,1044,3
584,1742,1563,1266,1880,1915,570,1145,2891,3029,1043,3
585,1747,1562,1266,1879,1915,569,1142,2824,3027,1042,3
586,1731,1560,1264,1875,1910,571,1141,2824,3027,1042,3
587,1735,1559,1266,1875,1914,570,1136,2886,3026,1042,3
588,1732,1544,1266,1874,1915,569,1138,2944,3026,1040,3
589,1739,1562,1266,1873,1915,579,1134,2983,3026,1040,3
590,1770,1562,1265,1871,1915,570,1133,2992,3025,1040,3
591,1721,1559,1266,1867,1916,571,1130,2939,3026,1038,3
592,1734,1558,1266,1866,1916,571,1128,2876,3025,1039,3
593,1732,1563,1265,1864,1915,571,1129,2812,3025,1038,3
594,1737,1563,1265,1864,1916,570,1126,2818,3023,1036,3
595,1733,1554,1266,1864,1915,570,1123,2892,3022,1036,3
596,1739,1561,1266,1861,1915,570,1120,2935,3022,1037,3
597,1752,1558,1265,1859,1914,571,1118,2985,3023,1035,3
598,1720,1560,1267,1858,1915,570,1116,2982,3022,1035,3
599,1737,1560,1266,1858,1920,570,1117,2930,3020,1036,3
600,1732,1558,1265,1857,1914,569,1115,2869,3019,1035,3
601,1731,1558,1266,1856,1915,569,1111,2800,3018,1034,3
602,1734,1562,1264,1851,1915,569,1114,2813,3019,1034,3
603,1734,1570,1266,1851,1915,570,1110,2890,3018,1031,3
604,1730,1555,1265,1848,1916,571,1107,2942,3019,1032,3
605,1739,1564,1266,1848,1915,572,1106,2978,3018,1030,3
606,1720,1560,1266,1848,1915,570,1105,2987,3018,1030,3
607,1706,1556,1265,1846,1915,570,1102,2918,3018,1032,3
608,1748,1562,1266,1845,1915,570,1104,2862,3016,1030,3
609,1718,1558,1265,1842,1915,570,1102,2794,3016,1030,3
610,1742,1557,1265,1842,1915,570,1099,2810,3018,1031,3
611,1730,1560,1266,1841,1915,569,1100,2895,3016,1030,3
612,1738,1557,1265,1840,1915,570,1096,2936,3017,1030,3
613,1733,1562,1266,1839,1914,570,1098,2982,3014,1028,3
614,1734,1556,1266,1838,1916,570,1095,2977,3014,1028,3
615,1734,1562,1266,1837,1915,569,1096,2919,3014,1028,3
616,1734,1557,1265,1835,1916,571,1090,2844,3014,1029,3
617,1733,1564,1266,1834,1915,570,1093,2796,3014,1027,3
618,1733,1555,1266,1833,1915,569,1091,2806,3012,1026,3
619,1730,1563,1264,1832,1915,570,1091,2895,3013,1027,3
620,1737,1558,1264,1834,1915,572,1089,2938,3013,1025,3
621,1732,1562,1266,1830,1915,570,1088,2978,3013,1026,3
622,1734,1555,1264,1829,1916,570,1083,2976,3013,1025,3
623,1730,1561,1265,1828,1916,570,1088,2907,3013,1025,3
624,1734,1555,1264,1826,1916,570,1081,2835,3013,1026,3
625,1734,1562,1266,1826,1915,569,1081,2794,3010,1026,3
626,1734,1556,1266,1826,1915,570,1080,2810,3010,1024,3
627,1734,1563,1265,1825,1915,570,1079,2901,3010,1024,3
628,1737,1558,1266,1825,1926,570,1077,2941,3010,1024,3
629,1731,1562,1266,1822,1917,569,1078,2978,3009,1022,3
630,1742,1560,1265,1822,1915,570,1075,2978,3010,1024,3
631,1723,1558,1270,1820,1916,570,1074,2894,3008,1022,3
632,1751,1561,1266,1819,1916,570,1073,2830,3010,1021,3
633,1711,1557,1264,1819,1915,570,1072,2786,3010,1021,3
634,1718,1558,1266,1818,1915,570,1074,2822,3006,1020,3
635,1740,1560,1264,1816,1915,570,1072,2899,3009,1020,3
636,1729,1554,1265,1817,1914,570,1071,2951,3006,1018,3
637,1739,1563,1264,1814,1915,570,1068,2969,3008,1019,3
638,1731,1546,1265,1814,1915,570,1071,2970,3006,1018,3
639,1734,1579,1264,1812,1915,568,1066,2877,3008,1018,3
640,1734,1562,1264,1811,1915,570,1067,2818,3008,1018,3
641,1734,1556,1264,1811,1915,570,1065,2782,3004,1018,3
642,1729,1560,1263,1813,1915,570,1065,2811,3005,1018,3
643,1742,1562,1264,1810,1914,569,1066,2911,3005,1018,3
644,1711,1560,1264,1809,1915,570,1062,2947,3003,1018,3
645,1768,1561,1263,1810,1915,570,1062,2971,3004,1018,3
646,1737,1563,1263,1808,1916,570,1060,2960,3003,1017,3
647,1732,1548,1264,1807,1915,571,1054,2872,3003,1016,3
648,1733,1554,1264,1807,1915,571,1059,2803,3003,1016,3
649,1732,1563,1263,1806,1915,570,1061,2788,3003,1017,3
650,1731,1558,1264,1804,1916,570,1055,2818,3003,1016,3
651,1725,1558,1263,1803,1915,570,1058,2906,3003,1014,3
652,1752,1560,1264,1802,1914,570,1057,2955,3002,1017,3
653,1739,1560,1262,1802,1915,574,1055,2965,3002,1015,3
654,1724,1550,1263,1802,1914,570,1054,2960,3002,1016,3
655,1734,1582,1264,1801,1914,568,1055,2859,3002,1015,3
656,1730,1558,1263,1801,1915,570,1054,2800,3002,1014,3
657,1735,1558,1263,1799,1914,570,1050,2787,3000,1015,3
658,1711,1555,1263,1800,1915,570,1052,2830,2999,1013,3
659,1722,1556,1263,1798,1916,570,1052,2917,3000,1015,3
660,1732,1566,1263,1798,1915,570,1061,2954,3000,1013,3
661,1732,1565,1262,1796,1915,570,1051,2970,3000,1013,3
662,1729,1560,1261,1797,1916,570,1048,2950,3000,1013,3
663,1723,1559,1262,1795,1915,570,1048,2848,3000,1013,3
664,1761,1560,1263,1795,1914,570,1047,2794,3000,1013,3
665,1738,1565,1262,1795,1914,569,1046,2779,2999,1012,3
666,1730,1562,1263,1795,1915,571,1048,2833,2999,1011,3
667,1733,1557,1263,1792,1914,571,1043,2915,2999,1012,3
668,1718,1554,1266,1793,1915,569,1047,2951,2998,1012,3
669,1760,1558,1264,1790,1914,569,1045,2970,2998,1012,3
670,1738,1568,1263,1790,1915,569,1051,2947,2998,1012,3
671,1734,1560,1264,1789,1914,570,1045,2845,2998,1011,3
672,1732,1557,1262,1787,1914,570,1040,2788,2998,1011,3
673,1714,1556,1263,1788,1915,570,1041,2779,2995,1010,3
674,1728,1550,1263,1787,1914,571,1043,2839,2996,1011,3
675,1734,1570,1262,1787,1914,570,1039,2915,2997,1010,3
676,1731,1560,1261,1787,1912,571,1041,2960,2996,1011,3
677,1746,1556,1263,1786,1915,570,1039,2969,2995,1010,3
678,1737,1560,1263,1784,1914,578,1038,2934,2996,1009,3
679,1733,1541,1262,1784,1914,571,1042,2838,2996,1010,3
680,1728,1558,1262,1784,1916,569,1037,2774,2995,1009,3
681,1719,1557,1262,1784,1914,570,1039,2779,2994,1008,3
682,1724,1549,1262,1782,1914,570,1040,2844,2995,1009,3
683,1733,1579,1262,1783,1914,570,1037,2919,2994,1010,3
684,1726,1557,1261,1782,1914,570,1036,2958,2995,1008,3
685,1750,1558,1262,1781,1914,570,1037,2967,2994,1008,3
686,1734,1562,1262,1781,1914,571,1044,2929,2995,1008,3
687,1731,1558,1261,1779,1914,571,1037,2828,2995,1007,3
688,1735,1557,1258,1779,1914,570,1037,2779,2994,1007,3
689,1738,1556,1262,1779,1913,571,1033,2785,2994,1008,3
690,1731,1566,1262,1779,1914,569,1034,2843,2992,1008,3
691,1736,1553,1262,1777,1918,571,1034,2922,2995,1008,3
692,1702,1554,1262,1778,1913,570,1033,2953,2992,1008,3
693,1731,1546,1262,1777,1913,570,1029,2963,2994,1007,3
694,1729,1552,1261,1776,1915,569,1030,2914,2994,1007,3
695,1712,1555,1262,1776,1914,569,1032,2811,2992,1006,3
696,1725,1550,1262,1781,1913,571,1034,2770,2994,1006,3
697,1731,1552,1262,1774,1914,571,1029,2790,2994,1006,3
698,1718,1556,1260,1774,1914,569,1029,2851,2992,1006,3
699,1728,1553,1260,1773,1914,570,1030,2932,2993,1006,3
700,1729,1553,1260,1772,1914,571,1026,2954,2993,1005,3
701,1716,1555,1266,1771,1914,569,1027,2954,2990,1006,3
702,1726,1550,1261,1773,1914,570,1026,2912,2992,1006,3
703,1731,1553,1261,1770,1914,571,1026,2803,2992,1005,3
704,1715,1556,1259,1770,1914,571,1026,2764,2991,1006,3
705,1726,1549,1261,1770,1914,571,1027,2800,2991,1006,3
706,1730,1555,1262,1771,1914,569,1026,2857,2991,1004,3
707,1711,1554,1262,1769,1915,570,1028,2930,2990,1004,3
708,1726,1548,1262,1768,1914,571,1029,2960,2991,1004,3
709,1730,1555,1262,1769,1915,570,1021,2960,2990,1004,3
710,1696,1555,1260,1768,1914,571,1021,2906,2990,1004,3
711,1726,1544,1261,1767,1914,571,1027,2800,2991,1005,3
712,1732,1556,1261,1767,1914,571,1024,2771,2990,1004,3
713,1739,1558,1260,1768,1913,570,1020,2806,2988,1003,3
714,1730,1558,1260,1768,1913,570,1024,2867,2987,1004,3
715,1739,1558,1256,1766,1914,569,1022,2950,2988,1005,3
716,1734,1560,1259,1766,1914,570,1020,2961,2990,1003,3
717,1731,1559,1260,1766,1913,570,1021,2961,2988,1004,3
718,1758,1555,1260,1766,1914,571,1020,2904,2989,1003,3
719,1728,1566,1260,1764,1914,570,1018,2794,2989,1003,3
720,1722,1555,1259,1763,1914,570,1022,2768,2990,1003,3
