Count,S1,S2,S3,S4,S5,S6,S7,S8,S9,S10,Flag
1,1555,1317,963,1325,1522,472,737,2697,2790,776,0
2,1528,1318,964,1324,1523,473,734,2785,2788,776,0
3,1533,1310,963,1324,1522,472,732,2870,2789,776,0
4,1538,1331,963,1322,1522,472,731,2881,2787,775,0
5,1536,1295,963,1321,1521,471,731,2754,2788,776,0
6,1534,1314,965,1322,1523,474,730,2672,2787,776,0
7,1503,1317,963,1323,1521,471,729,2714,2788,775,0
8,1537,1320,962,1322,1521,471,731,2814,2788,775,0
9,1538,1325,964,1322,1522,473,732,2868,2786,774,0
10,1540,1318,963,1322,1522,473,730,2863,2786,774,0
11,1530,1310,965,1320,1521,473,729,2770,2787,774,0
12,1518,1314,963,1322,1521,474,730,2671,2787,774,0
13,1530,1323,962,1321,1522,473,729,2704,2786,775,0
14,1537,1315,965,1319,1522,472,728,2804,2786,774,0
15,1533,1322,962,1320,1520,472,729,2867,2786,776,0
16,1538,1318,964,1318,1522,473,728,2871,2786,775,0
17,1540,1327,964,1318,1522,473,730,2742,2785,774,0
18,1562,1318,964,1315,1522,472,727,2670,2786,773,0
19,1539,1322,963,1319,1522,473,730,2698,2786,774,0
20,1533,1305,964,1318,1522,473,727,2789,2785,774,0
21,1536,1339,963,1316,1518,474,730,2872,2786,775,1
22,1530,1320,964,1318,1521,472,729,2866,2784,776,1
23,1538,1316,963,1319,1522,473,725,2788,2783,774,1
24,1533,1301,963,1318,1522,473,726,2675,2786,774,1
25,1530,1330,962,1317,1521,471,728,2678,2785,775,1
26,1547,1317,963,1317,1521,477,725,2761,2784,774,1
27,1520,1317,972,1316,1521,473,728,2835,2784,774,1
28,1539,1317,963,1317,1522,472,728,2873,2782,772,1
29,1531,1311,963,1316,1522,473,726,2861,2782,774,1
30,1540,1322,962,1315,1521,472,726,2755,2784,774,1
31,1531,1312,963,1314,1521,472,725,2671,2784,773,1
32,1530,1304,963,1316,1520,472,726,2680,2783,773,1
33,1539,1323,963,1315,1521,471,726,2779,2783,772,1
34,1534,1314,964,1316,1523,473,726,2857,2782,774,1
35,1534,1304,963,1315,1522,474,726,2864,2783,774,1
36,1530,1317,963,1315,1521,473,726,2834,2784,773,1
37,1533,1336,964,1316,1521,474,727,2732,2784,774,1
38,1525,1312,963,1318,1522,471,726,2670,2785,774,1
39,1533,1319,963,1318,1522,473,727,2707,2782,774,1
40,1537,1320,963,1318,1522,473,729,2802,2782,774,1
41,1537,1310,963,1318,1520,473,731,2867,2785,774,1
42,1526,1309,964,1320,1521,473,729,2875,2785,771,1
43,1521,1317,969,1320,1522,471,731,2809,2784,777,1
44,1541,1320,962,1322,1522,472,726,2702,2786,776,1
45,1538,1315,963,1322,1522,474,733,2674,2785,776,1
46,1559,1318,964,1322,1522,473,734,2737,2786,777,1
47,1530,1319,963,1324,1520,473,736,2823,2787,778,1
48,1538,1328,963,1326,1522,473,739,2875,2787,780,1
49,1536,1314,963,1327,1523,472,740,2875,2788,779,1
50,1530,1314,963,1328,1521,473,741,2787,2788,780,1
51,1530,1303,963,1330,1522,474,741,2685,2790,781,1
52,1513,1315,962,1331,1520,472,742,2681,2790,783,1
53,1532,1314,962,1331,1522,474,745,2771,2790,781,1
54,1539,1318,963,1334,1522,472,746,2845,2790,784,1
55,1538,1303,963,1334,1522,474,746,2869,2793,783,1
56,1533,1320,964,1335,1530,473,748,2858,2794,784,1
57,1544,1320,962,1338,1521,472,742,2762,2794,786,1
58,1533,1315,963,1338,1522,473,752,2693,2794,786,1
59,1546,1318,964,1339,1522,472,751,2706,2795,786,1
60,1538,1296,963,1340,1522,473,754,2786,2796,787,1
61,1533,1320,965,1344,1520,474,757,2857,2797,787,1
62,1542,1319,963,1346,1521,472,752,2875,2798,788,1
63,1536,1318,963,1347,1523,473,760,2853,2797,787,1
64,1544,1329,963,1348,1522,473,763,2755,2799,788,1
65,1538,1309,964,1348,1521,474,759,2685,2798,788,1
66,1532,1322,964,1350,1524,474,762,2725,2801,789,1
67,1511,1315,963,1352,1523,473,766,2817,2800,790,1
68,1534,1315,963,1353,1523,473,769,2877,2802,790,1
69,1539,1316,963,1354,1522,473,769,2887,2802,790,1
70,1530,1313,963,1355,1522,473,768,2830,2802,792,1
71,1531,1309,963,1356,1521,473,771,2729,2803,790,1
72,1530,1316,964,1357,1522,474,774,2693,2803,792,1
73,1541,1329,963,1358,1522,473,772,2747,2803,791,1
74,1537,1334,963,1359,1522,473,774,2840,2804,792,1
75,1550,1318,966,1358,1522,474,772,2880,2805,790,1
76,1562,1324,963,1360,1522,473,776,2883,2804,792,1
77,1536,1321,963,1360,1523,473,774,2798,2806,793,1
78,1510,1314,965,1361,1522,473,776,2706,2805,792,1
79,1496,1313,963,1361,1522,474,776,2701,2806,792,1
80,1534,1314,964,1362,1522,474,776,2781,2807,792,1
81,1539,1317,963,1362,1522,474,778,2856,2806,792,1
82,1527,1314,964,1364,1522,474,784,2888,2808,792,1
83,1536,1322,963,1362,1522,473,778,2867,2808,794,1
84,1536,1319,964,1363,1522,474,779,2774,2808,793,1
85,1539,1320,962,1363,1522,475,781,2698,2809,793,1
86,1542,1322,963,1363,1522,472,781,2712,2810,794,1
87,1536,1318,964,1364,1522,473,780,2800,2809,794,1
88,1530,1311,964,1364,1522,473,780,2871,2809,793,1
89,1532,1314,965,1364,1522,473,780,2889,2810,794,1
90,1536,1322,964,1364,1522,473,782,2847,2809,792,1
91,1529,1319,963,1365,1522,472,782,2748,2810,793,1
92,1543,1321,964,1365,1522,474,782,2693,2810,793,1
93,1533,1316,964,1364,1523,474,781,2738,2810,794,1
94,1539,1316,963,1365,1523,473,782,2826,2810,792,1
95,1530,1315,965,1365,1522,474,778,2878,2810,792,1
96,1527,1314,964,1366,1522,472,779,2889,2810,792,1
97,1537,1320,964,1365,1522,474,782,2824,2810,791,1
98,1539,1320,963,1366,1522,473,778,2721,2810,794,1
99,1543,1319,963,1366,1522,472,776,2692,2810,793,1
100,1533,1307,965,1366,1523,473,779,2758,2810,792,1
101,1536,1307,963,1365,1523,473,781,2842,2809,790,1
102,1526,1318,963,1365,1522,474,779,2878,2808,791,1
103,1539,1326,963,1365,1522,474,782,2882,2809,790,1
104,1538,1325,964,1364,1521,473,782,2798,2808,791,1
105,1537,1315,965,1363,1523,472,778,2706,2807,789,1
106,1538,1316,964,1362,1523,474,777,2701,2808,788,1
107,1530,1314,965,1362,1523,473,774,2777,2807,789,1
108,1539,1324,963,1362,1522,473,778,2850,2806,788,1
109,1530,1321,964,1361,1522,473,774,2880,2806,788,1
110,1498,1315,964,1360,1523,473,773,2863,2806,787,1
111,1499,1316,963,1359,1523,473,772,2766,2804,786,1
112,1538,1315,965,1357,1524,474,772,2691,2804,786,1
113,1552,1320,964,1356,1523,482,766,2709,2803,785,1
114,1552,1318,966,1355,1522,474,765,2798,2803,785,1
115,1536,1303,964,1353,1523,472,763,2862,2802,784,1
116,1536,1305,963,1352,1523,472,763,2877,2802,784,1
117,1526,1316,965,1350,1522,474,762,2844,2802,782,1
118,1539,1324,963,1350,1522,473,762,2734,2800,784,1
119,1542,1324,964,1348,1523,474,760,2672,2799,783,1
120,1538,1314,964,1346,1523,474,759,2727,2798,781,1
121,1537,1316,965,1346,1523,473,754,2819,2798,782,2
122,1542,1323,968,1348,1527,475,755,2872,2798,782,2
123,1546,1323,967,1340,1527,474,752,2883,2798,782,2
124,1546,1324,966,1336,1526,474,749,2810,2796,779,2
125,1542,1322,966,1331,1526,474,749,2698,2795,779,2
126,1546,1323,967,1326,1526,475,743,2667,2794,778,2
127,1542,1323,966,1324,1524,475,742,2738,2794,778,2
128,1544,1322,968,1320,1526,475,738,2829,2791,778,2
129,1546,1323,966,1317,1525,474,735,2870,2792,777,2
130,1546,1323,966,1311,1525,475,731,2868,2789,777,2
131,1546,1322,966,1308,1526,475,728,2766,2787,777,2
132,1544,1322,966,1304,1526,475,724,2659,2787,774,2
133,1543,1322,966,1300,1526,475,720,2662,2786,774,2
134,1544,1322,967,1298,1526,475,718,2759,2782,774,2
135,1544,1324,965,1295,1525,475,712,2838,2782,771,2
136,1546,1323,966,1290,1526,476,708,2864,2779,771,2
137,1544,1323,965,1288,1525,474,707,2845,2779,770,2
138,1544,1322,966,1284,1526,474,699,2714,2778,770,2
139,1546,1318,966,1281,1526,474,697,2632,2774,768,2
140,1546,1325,965,1276,1525,475,691,2666,2774,765,2
141,1544,1321,966,1272,1524,475,688,2774,2771,764,2
142,1543,1323,964,1270,1525,475,685,2846,2770,764,2
143,1542,1323,965,1267,1525,475,680,2859,2766,762,2
144,1544,1320,965,1264,1526,475,678,2799,2766,762,2
145,1544,1321,965,1262,1525,474,674,2666,2763,762,2
146,1545,1320,964,1259,1525,473,671,2612,2763,760,2
147,1544,1321,963,1256,1523,474,668,2684,2760,760,2
148,1542,1324,965,1252,1525,475,664,2795,2758,758,2
149,1545,1320,965,1250,1524,475,662,2849,2755,758,2
150,1544,1322,964,1246,1524,474,657,2855,2755,757,2
151,1542,1320,965,1242,1523,475,654,2747,2754,755,2
152,1543,1321,964,1240,1523,474,651,2620,2752,755,2
153,1544,1322,965,1238,1523,475,648,2607,2749,754,2
154,1544,1322,964,1235,1522,474,645,2706,2747,752,2
155,1545,1321,965,1233,1523,475,643,2804,2744,752,2
156,1544,1321,963,1232,1524,474,640,2845,2744,751,2
157,1541,1321,963,1229,1524,474,636,2835,2742,752,2
158,1543,1322,963,1227,1524,475,632,2701,2739,748,2
159,1542,1322,964,1224,1524,475,630,2592,2738,749,2
160,1544,1320,963,1221,1523,474,628,2613,2736,747,2
161,1542,1318,964,1219,1523,474,625,2734,2735,746,2
162,1542,1318,964,1218,1523,474,624,2818,2733,746,2
163,1543,1322,963,1214,1524,474,622,2841,2731,746,2
164,1540,1320,962,1212,1523,475,620,2803,2728,744,2
165,1542,1318,964,1209,1522,474,617,2653,2726,743,2
166,1539,1321,962,1208,1522,473,615,2576,2727,743,2
167,1541,1319,963,1206,1522,475,613,2634,2725,744,2
168,1543,1322,962,1206,1524,474,610,2756,2723,742,2
169,1540,1320,963,1202,1523,475,609,2827,2722,740,2
170,1538,1320,962,1201,1522,474,606,2837,2721,741,2
171,1542,1318,963,1198,1521,475,603,2758,2718,739,2
172,1538,1319,962,1198,1524,474,602,2614,2716,739,2
173,1541,1318,962,1196,1522,474,600,2574,2714,738,2
174,1543,1320,961,1194,1523,475,598,2664,2712,738,2
175,1539,1316,962,1191,1522,475,595,2778,2712,735,2
176,1537,1320,961,1190,1522,475,596,2831,2710,734,2
177,1537,1317,961,1190,1523,475,594,2834,2708,737,2
178,1540,1317,962,1189,1523,474,591,2708,2706,733,2
179,1539,1318,962,1186,1521,475,590,2578,2706,733,2
180,1536,1317,960,1185,1522,474,589,2580,2705,733,2
181,1542,1317,962,1183,1520,475,588,2690,2704,732,2
182,1537,1320,961,1182,1520,475,586,2792,2701,732,2
183,1539,1319,961,1182,1522,475,586,2830,2698,731,2
184,1540,1316,960,1180,1521,474,584,2816,2699,730,2
185,1536,1317,960,1179,1523,474,582,2662,2698,731,2
186,1538,1316,960,1179,1522,474,581,2561,2696,729,2
187,1539,1316,960,1176,1520,475,579,2597,2696,729,2
188,1536,1317,958,1177,1522,474,579,2724,2694,729,2
189,1538,1317,960,1173,1520,474,577,2806,2691,727,2
190,1540,1319,961,1172,1521,475,578,2828,2691,727,2
191,1538,1315,960,1173,1520,475,572,2778,2690,727,2
192,1539,1316,961,1171,1521,475,571,2624,2689,726,2
193,1533,1315,958,1170,1522,475,572,2555,2684,726,2
194,1539,1317,961,1170,1522,475,570,2627,2682,726,2
195,1539,1318,960,1168,1522,475,568,2746,2683,725,2
196,1538,1316,960,1168,1520,474,567,2818,2682,723,2
197,1539,1316,960,1168,1522,475,568,2829,2680,724,2
198,1536,1314,956,1167,1521,474,566,2730,2678,724,2
199,1538,1315,959,1167,1521,473,566,2587,2678,724,2
200,1538,1314,960,1165,1522,474,564,2558,2678,722,2
201,1538,1317,960,1164,1520,474,563,2657,2675,722,2
202,1535,1317,956,1165,1521,473,564,2774,2674,724,2
203,1539,1317,960,1164,1521,474,562,2823,2674,722,2
204,1539,1315,960,1162,1520,474,561,2826,2671,721,2
205,1536,1314,958,1161,1519,475,560,2688,2671,720,2
206,1538,1314,960,1161,1520,474,560,2561,2669,720,2
207,1533,1317,956,1162,1521,474,560,2574,2670,721,2
208,1538,1315,958,1160,1520,475,558,2692,2667,720,2
209,1538,1316,958,1160,1520,474,558,2787,2666,720,2
210,1536,1315,955,1160,1521,474,557,2822,2667,719,2
211,1538,1313,958,1160,1520,474,557,2798,2665,719,2
212,1537,1315,957,1159,1519,474,556,2640,2664,719,2
213,1532,1315,956,1158,1520,475,556,2547,2662,718,2
214,1538,1315,956,1158,1518,473,555,2593,2662,718,2
215,1536,1316,957,1158,1520,474,554,2723,2661,718,2
216,1536,1312,956,1157,1520,475,553,2802,2660,717,2
217,1536,1314,957,1156,1519,474,554,2822,2659,718,2
218,1531,1316,955,1156,1520,474,552,2760,2654,717,2
219,1534,1314,957,1155,1519,474,552,2608,2655,715,2
220,1534,1315,957,1155,1519,474,552,2546,2654,718,2
221,1533,1312,956,1155,1518,473,552,2628,2654,717,2
222,1536,1314,956,1155,1520,474,551,2747,2653,716,2
223,1532,1314,954,1153,1519,474,549,2811,2652,714,2
224,1536,1314,957,1154,1520,473,550,2823,2650,715,2
225,1537,1314,958,1155,1518,474,549,2712,2651,715,2
226,1533,1311,956,1154,1519,473,547,2574,2650,715,2
227,1533,1315,955,1153,1519,474,549,2555,2649,715,2
228,1528,1313,956,1154,1519,473,547,2662,2646,714,2
229,1537,1315,955,1152,1520,474,547,2774,2646,714,2
230,1534,1314,956,1153,1519,473,547,2818,2646,714,2
231,1531,1314,955,1153,1518,471,547,2816,2646,713,2
232,1531,1311,955,1154,1518,474,546,2670,2644,712,2
233,1532,1312,956,1153,1518,474,547,2551,2643,713,2
234,1533,1314,955,1152,1518,474,545,2574,2642,712,2
235,1533,1316,955,1152,1519,473,546,2699,2643,713,2
236,1531,1312,956,1153,1518,473,545,2789,2642,713,2
237,1532,1314,956,1152,1518,475,543,2819,2642,711,2
238,1533,1315,955,1153,1518,474,544,2787,2639,712,2
239,1532,1314,955,1152,1518,474,542,2630,2639,711,2
240,1531,1310,955,1150,1518,474,545,2544,2639,712,2
241,1531,1312,954,1152,1518,473,544,2599,2639,710,2
242,1532,1312,956,1149,1518,474,545,2728,2637,711,2
243,1532,1311,954,1152,1518,474,542,2803,2636,711,2
244,1533,1315,955,1152,1519,474,541,2822,2634,711,2
245,1530,1309,955,1152,1517,474,542,2744,2636,710,2
246,1532,1313,955,1152,1517,474,542,2598,2635,711,2
247,1528,1313,954,1153,1519,473,542,2546,2633,711,2
248,1532,1310,955,1152,1517,474,542,2635,2633,709,2
249,1533,1314,955,1152,1519,474,540,2758,2630,709,2
250,1532,1313,954,1152,1517,474,539,2812,2632,710,2
251,1531,1311,954,1150,1518,473,541,2822,2630,710,2
252,1532,1310,954,1152,1518,474,539,2701,2630,709,2
253,1530,1309,954,1152,1517,472,541,2566,2629,709,2
254,1531,1312,955,1152,1518,474,540,2563,2628,708,2
255,1533,1313,954,1152,1518,474,539,2670,2628,709,2
256,1532,1309,954,1152,1517,473,541,2777,2627,707,2
257,1531,1313,954,1153,1519,474,542,2816,2626,710,2
258,1530,1313,954,1152,1518,473,539,2807,2626,708,2
259,1532,1308,955,1149,1518,474,538,2662,2626,708,2
260,1533,1313,954,1153,1517,474,539,2550,2626,709,2
261,1531,1312,954,1150,1517,473,538,2580,2625,709,2
262,1533,1313,954,1154,1517,473,539,2706,2622,708,2
263,1530,1312,954,1152,1518,473,538,2794,2622,707,2
264,1533,1310,954,1152,1518,472,539,2820,2621,708,2
265,1530,1310,953,1154,1517,473,538,2778,2621,707,2
266,1530,1308,954,1153,1517,472,539,2621,2621,707,2
267,1532,1313,954,1154,1517,473,539,2546,2619,708,2
268,1532,1313,955,1153,1518,474,537,2610,2618,708,2
269,1533,1310,953,1153,1518,472,538,2736,2618,706,2
270,1532,1312,954,1154,1517,473,539,2806,2618,707,2
271,1531,1309,954,1153,1517,471,539,2820,2618,707,2
272,1530,1308,954,1154,1518,474,538,2731,2617,706,2
273,1531,1309,954,1154,1516,472,539,2590,2617,707,2
274,1532,1309,954,1155,1516,472,538,2552,2616,706,2
275,1530,1312,953,1154,1517,472,538,2646,2616,707,2
276,1530,1312,954,1155,1516,471,538,2764,2615,706,2
277,1531,1310,953,1155,1517,474,538,2811,2614,707,2
278,1531,1312,953,1155,1518,473,539,2822,2614,704,2
279,1530,1312,953,1155,1517,472,537,2694,2613,706,2
280,1531,1312,954,1157,1516,474,537,2564,2612,706,2
281,1530,1310,953,1155,1517,473,537,2570,2614,706,2
282,1531,1310,953,1155,1518,472,537,2680,2612,705,2
283,1530,1311,954,1156,1516,473,538,2781,2612,706,2
284,1531,1310,953,1155,1517,474,537,2818,2610,705,2
285,1531,1310,954,1157,1515,473,539,2802,2611,705,2
286,1531,1307,953,1159,1515,474,538,2650,2610,706,2
287,1532,1309,952,1158,1517,472,539,2550,2610,706,2
288,1529,1309,952,1158,1517,471,538,2588,2610,705,2
289,1531,1307,953,1156,1517,471,537,2718,2609,705,2
290,1531,1312,953,1159,1516,471,539,2797,2610,705,2
291,1532,1312,952,1158,1516,473,538,2821,2608,706,2
292,1530,1310,954,1158,1516,472,538,2767,2608,705,2
293,1531,1310,952,1159,1517,473,537,2618,2607,706,2
294,1530,1309,952,1161,1516,471,539,2551,2607,704,2
295,1530,1310,953,1159,1517,472,540,2621,2607,704,2
296,1530,1309,953,1161,1515,471,539,2744,2606,705,2
297,1530,1309,952,1161,1516,473,539,2810,2606,706,2
298,1531,1312,953,1160,1517,473,539,2822,2606,706,2
299,1531,1310,952,1162,1516,472,538,2724,2606,705,2
300,1529,1312,954,1161,1515,472,539,2587,2606,704,2
301,1528,1309,952,1162,1515,471,539,2560,2606,704,2
302,1530,1309,952,1163,1517,472,540,2654,2605,705,2
303,1531,1310,953,1161,1516,473,539,2771,2603,702,2
304,1532,1309,951,1163,1516,472,540,2814,2603,706,2
305,1529,1310,954,1163,1515,473,539,2819,2604,702,2
306,1527,1309,952,1163,1516,471,539,2687,2604,705,2
307,1531,1309,952,1165,1516,473,540,2563,2603,704,2
308,1530,1308,952,1163,1517,472,539,2578,2602,704,2
309,1530,1312,952,1163,1515,472,540,2694,2603,701,2
310,1531,1310,952,1166,1517,473,540,2786,2602,704,2
311,1530,1307,953,1167,1516,471,539,2821,2602,704,2
312,1531,1307,951,1166,1517,472,540,2795,2601,705,2
313,1528,1308,953,1166,1517,473,540,2646,2600,704,2
314,1530,1310,952,1165,1515,471,541,2555,2602,705,2
315,1529,1307,954,1166,1515,472,541,2599,2600,704,2
316,1529,1309,952,1168,1515,471,541,2724,2601,705,2
317,1530,1310,953,1166,1516,472,540,2801,2600,702,2
318,1528,1311,952,1170,1515,472,542,2821,2600,704,2
319,1527,1309,952,1168,1514,472,541,2762,2600,704,2
320,1526,1309,952,1169,1517,470,542,2614,2600,704,2
321,1530,1309,952,1169,1515,473,542,2555,2598,704,3
322,1529,1308,951,1170,1516,471,542,2634,2600,704,3
323,1531,1308,952,1171,1516,472,541,2753,2599,704,3
324,1530,1310,953,1169,1516,472,542,2811,2598,702,3
325,1527,1309,952,1171,1515,471,542,2823,2598,702,3
326,1530,1307,952,1172,1515,470,543,2719,2598,704,3
327,1528,1308,951,1171,1516,471,544,2585,2598,705,3
328,1531,1308,952,1172,1516,472,542,2568,2598,705,3
329,1531,1310,953,1170,1516,472,542,2666,2597,702,3
330,1529,1312,952,1173,1515,471,543,2778,2595,701,3
331,1530,1310,952,1173,1515,471,544,2818,2597,704,3
332,1528,1308,950,1174,1516,470,544,2814,2598,702,3
333,1524,1308,952,1174,1515,472,543,2680,2595,705,3
334,1528,1308,952,1174,1516,472,543,2564,2597,704,3
335,1528,1308,952,1174,1515,471,544,2584,2596,701,3
336,1529,1309,952,1176,1515,470,545,2703,2596,704,3
337,1529,1312,953,1176,1516,471,545,2794,2595,701,3
338,1530,1309,952,1177,1515,472,545,2822,2596,704,3
339,1546,1306,948,1178,1510,470,546,2792,2595,702,3
340,1520,1306,948,1176,1510,474,544,2645,2594,701,3
341,1517,1302,948,1182,1510,469,545,2555,2594,702,3
342,1501,1304,948,1187,1511,469,546,2609,2595,702,3
343,1516,1290,950,1192,1511,469,549,2729,2594,704,3
344,1516,1289,950,1197,1511,468,549,2806,2595,702,3
345,1528,1304,949,1204,1512,469,552,2818,2595,706,3
346,1520,1306,948,1210,1511,468,552,2763,2595,705,3
347,1523,1304,949,1216,1512,469,556,2624,2595,706,3
348,1509,1304,949,1224,1511,470,557,2582,2597,706,3
349,1533,1302,950,1229,1512,470,559,2650,2598,700,3
350,1536,1303,950,1238,1512,460,562,2766,2600,707,3
351,1539,1306,950,1245,1512,469,568,2822,2600,707,3
352,1512,1310,950,1253,1514,470,567,2838,2601,714,3
353,1549,1307,950,1261,1512,471,571,2739,2602,710,3
354,1523,1305,951,1267,1517,470,572,2622,2603,710,3
355,1527,1306,950,1274,1518,470,577,2610,2605,709,3
356,1488,1302,951,1278,1512,469,582,2698,2604,710,3
357,1518,1310,950,1282,1514,469,584,2789,2607,712,3
358,1518,1293,950,1286,1512,469,586,2834,2607,712,3
359,1523,1307,952,1287,1512,470,587,2832,2609,711,3
360,1516,1306,942,1286,1513,469,586,2713,2610,712,3
361,1513,1304,950,1286,1514,470,591,2610,2610,713,3
362,1558,1309,950,1286,1514,469,591,2621,2611,712,3
363,1516,1300,952,1283,1514,470,591,2735,2611,714,3
364,1519,1301,952,1283,1513,470,591,2813,2612,713,3
365,1499,1304,951,1280,1513,470,593,2843,2613,716,3
366,1521,1326,952,1277,1512,460,597,2810,2614,716,3
367,1518,1307,951,1274,1514,470,594,2690,2615,716,3
368,1556,1312,952,1271,1513,469,596,2605,2616,716,3
369,1526,1307,950,1269,1512,470,595,2648,2618,716,3
370,1508,1303,951,1267,1514,470,598,2762,2618,719,3
371,1521,1300,952,1266,1511,470,598,2830,2619,719,3
372,1522,1294,952,1262,1514,472,598,2842,2619,720,3
373,1517,1308,952,1259,1512,470,598,2781,2625,720,3
374,1512,1307,952,1256,1512,470,600,2664,2626,722,3
375,1522,1318,950,1256,1511,470,603,2614,2627,724,3
376,1530,1307,951,1254,1512,469,605,2678,2630,725,3
377,1517,1311,951,1252,1514,469,603,2786,2631,726,3
378,1533,1306,952,1250,1510,469,609,2830,2632,726,3
379,1522,1309,952,1247,1512,470,613,2843,2634,727,3
380,1527,1305,951,1247,1511,469,611,2753,2638,729,3
381,1527,1306,951,1249,1512,469,616,2642,2639,730,3
382,1514,1308,950,1250,1514,469,618,2635,2640,731,3
383,1522,1309,952,1246,1512,470,622,2718,2643,731,3
384,1516,1306,952,1246,1512,469,621,2803,2645,734,3
385,1516,1303,951,1248,1513,470,625,2845,2647,734,3
386,1538,1308,952,1250,1512,469,630,2831,2648,735,3
387,1515,1302,951,1251,1514,469,630,2736,2650,736,3
388,1520,1312,951,1250,1512,469,629,2648,2653,737,3
389,1519,1310,952,1252,1512,470,634,2657,2656,738,3
390,1523,1315,950,1254,1513,469,640,2746,2658,739,3
391,1522,1304,950,1257,1512,469,644,2822,2660,739,3
392,1523,1310,950,1258,1513,469,648,2850,2662,740,3
393,1524,1324,952,1258,1512,469,646,2818,2664,742,3
394,1515,1301,952,1259,1512,469,651,2718,2666,743,3
395,1525,1311,952,1259,1512,461,654,2647,2668,744,3
396,1515,1306,951,1262,1512,469,657,2694,2670,746,3
397,1524,1320,951,1265,1513,470,658,2776,2672,747,3
398,1509,1307,952,1266,1513,468,660,2840,2674,746,3
399,1548,1309,952,1266,1514,470,664,2857,2676,746,3
400,1522,1303,951,1268,1515,468,666,2802,2678,749,3
401,1510,1304,951,1271,1512,469,667,2692,2679,748,3
402,1521,1308,952,1273,1514,469,670,2663,2680,750,3
403,1522,1312,952,1274,1512,469,674,2717,2682,749,3
404,1558,1312,953,1273,1513,470,677,2807,2682,750,3
405,1515,1306,951,1277,1511,470,680,2854,2688,752,3
406,1528,1307,952,1278,1512,469,683,2859,2688,751,3
407,1545,1309,951,1280,1512,470,683,2780,2690,752,3
408,1520,1302,952,1273,1512,475,684,2680,2691,752,3
409,1519,1304,953,1282,1512,470,688,2674,2694,754,3
410,1525,1313,952,1283,1512,470,690,2747,2695,754,3
411,1525,1310,952,1284,1512,470,689,2831,2696,753,3
412,1530,1310,951,1286,1513,470,694,2858,2698,755,3
413,1525,1304,952,1288,1515,470,698,2854,2698,755,3
414,1545,1306,950,1287,1514,469,696,2754,2700,756,3
415,1521,1309,952,1288,1519,470,696,2670,2701,755,3
416,1530,1308,952,1288,1512,470,698,2686,2703,755,3
417,1540,1311,951,1290,1514,470,701,2778,2703,756,3
418,1510,1304,951,1290,1512,470,704,2841,2705,756,3
419,1526,1319,952,1291,1513,470,699,2859,2706,758,3
420,1524,1308,951,1292,1512,468,707,2828,2707,758,3
421,1530,1308,952,1294,1512,468,709,2728,2704,758,3
422,1520,1301,951,1294,1514,469,709,2673,2710,758,3
423,1523,1330,953,1294,1514,469,712,2709,2710,760,3
424,1524,1299,953,1295,1512,470,710,2805,2711,760,3
425,1524,1305,952,1296,1514,470,713,2863,2712,761,3
426,1525,1310,952,1297,1512,470,712,2870,2714,761,3
427,1542,1309,951,1298,1514,468,714,2805,2715,761,3
428,1524,1322,953,1298,1513,469,717,2698,2715,761,3
429,1526,1296,952,1298,1514,469,717,2677,2715,762,3
430,1555,1309,954,1298,1512,470,716,2739,2717,762,3
431,1531,1309,951,1299,1513,469,720,2822,2718,762,3
432,1510,1305,951,1300,1513,469,719,2859,2721,762,3
433,1526,1312,952,1299,1514,469,719,2863,2722,764,3
434,1538,1308,954,1299,1514,469,720,2779,2722,765,3
435,1526,1304,951,1302,1514,468,723,2694,2724,765,3
436,1502,1303,952,1301,1513,470,724,2683,2723,765,3
437,1510,1307,950,1302,1514,468,726,2769,2727,767,3
438,1518,1306,953,1302,1514,470,726,2840,2727,770,3
439,1525,1298,952,1303,1514,470,731,2872,2730,768,3
440,1525,1301,952,1304,1513,468,731,2854,2731,769,3
441,1543,1310,952,1305,1513,470,730,2755,2732,772,3
442,1546,1309,954,1306,1513,469,733,2688,2734,771,3
443,1546,1308,954,1306,1514,470,734,2713,2734,773,3
444,1531,1308,953,1307,1513,470,734,2797,2736,772,3
445,1544,1311,942,1310,1513,470,738,2862,2737,774,3
446,1529,1306,952,1313,1514,470,742,2875,2739,775,3
447,1544,1308,954,1313,1514,468,742,2831,2742,774,3
448,1521,1300,954,1314,1514,469,744,2734,2742,777,3
449,1516,1305,953,1316,1513,473,745,2694,2744,776,3
450,1526,1285,953,1318,1513,469,748,2738,2746,774,3
451,1522,1295,954,1319,1514,470,749,2824,2747,778,3
452,1516,1306,951,1322,1514,469,754,2867,2750,779,3
453,1532,1314,953,1322,1514,470,748,2868,2750,779,3
454,1527,1313,954,1323,1514,470,760,2808,2754,781,3
455,1530,1307,953,1328,1513,470,758,2720,2755,782,3
456,1541,1308,954,1329,1514,470,760,2706,2756,782,3
457,1526,1286,953,1332,1514,469,762,2774,2758,783,3
458,1492,1305,954,1332,1513,471,765,2841,2760,783,3
459,1530,1314,952,1335,1514,470,765,2874,2762,783,3
460,1539,1307,954,1336,1514,470,772,2866,2763,784,3
461,1522,1309,953,1331,1515,468,774,2787,2765,787,3
462,1516,1308,950,1342,1514,469,776,2708,2767,787,3
463,1528,1306,955,1345,1512,470,778,2722,2768,788,3
464,1544,1312,954,1346,1514,470,780,2798,2770,787,3
465,1526,1313,953,1347,1515,469,782,2859,2771,790,3
466,1492,1307,954,1351,1513,465,788,2883,2772,790,3
467,1544,1309,955,1351,1515,470,785,2862,2774,790,3
468,1526,1308,954,1353,1514,470,790,2766,2776,792,3
469,1531,1310,954,1357,1514,470,791,2711,2778,792,3
470,1523,1305,954,1359,1514,478,794,2747,2778,792,3
471,1527,1314,953,1361,1517,470,796,2822,2779,794,3
472,1531,1306,954,1362,1514,470,800,2886,2782,795,3
473,1531,1312,954,1363,1515,470,799,2886,2783,794,3
474,1538,1309,954,1366,1514,465,803,2834,2785,797,3
475,1524,1306,956,1360,1514,470,806,2747,2788,797,3
476,1526,1311,954,1370,1514,470,808,2715,2789,798,3
477,1537,1310,954,1371,1514,471,810,2776,2791,800,3
478,1520,1310,955,1372,1514,471,811,2845,2791,798,3
479,1527,1307,955,1375,1514,472,814,2891,2793,801,3
480,1526,1310,955,1377,1514,470,817,2892,2795,802,3
481,1531,1322,954,1380,1514,470,820,2816,2796,804,3
482,1529,1313,954,1382,1521,469,821,2734,2798,803,3
483,1534,1310,956,1384,1515,470,824,2735,2799,804,3
484,1530,1315,956,1385,1516,471,823,2800,2801,805,3
485,1531,1311,954,1387,1516,470,828,2874,2802,806,3
486,1530,1314,955,1390,1518,470,828,2893,2803,806,3
487,1540,1310,955,1392,1516,470,832,2882,2806,808,3
488,1539,1310,956,1394,1515,471,834,2792,2807,809,3
489,1551,1309,956,1396,1515,472,838,2735,2810,808,3
490,1536,1318,955,1398,1514,470,843,2755,2810,809,3
491,1527,1306,956,1400,1515,470,846,2834,2811,811,3
492,1531,1308,955,1402,1508,470,845,2893,2814,811,3
493,1515,1309,969,1402,1515,472,846,2897,2814,810,3
494,1542,1312,956,1405,1515,470,850,2861,2817,812,3
495,1536,1317,956,1410,1514,470,850,2774,2819,813,3
496,1529,1304,956,1412,1515,470,852,2742,2821,815,3
497,1531,1310,956,1412,1516,470,855,2786,2822,814,3
498,1537,1315,956,1413,1516,471,855,2853,2823,815,3
499,1528,1308,956,1414,1516,470,862,2904,2824,816,3
500,1536,1312,957,1418,1516,470,862,2898,2826,817,3
501,1524,1311,956,1421,1515,471,864,2837,2827,819,3
502,1526,1304,957,1422,1517,470,864,2763,2830,816,3
503,1541,1314,958,1423,1516,472,867,2749,2832,819,3
504,1512,1310,966,1426,1516,472,869,2808,2832,821,3
505,1534,1317,958,1428,1518,470,870,2874,2834,823,3
506,1536,1314,957,1430,1517,471,874,2908,2835,824,3
507,1536,1320,956,1432,1517,470,878,2893,2838,824,3
508,1522,1314,958,1434,1516,472,878,2813,2838,823,3
509,1571,1318,960,1435,1518,478,880,2757,2838,825,3
510,1537,1314,956,1439,1516,469,884,2773,2841,826,3
511,1517,1315,966,1443,1517,469,886,2834,2843,827,3
512,1536,1318,958,1443,1524,471,888,2898,2843,828,3
513,1530,1306,961,1447,1518,470,889,2916,2845,830,3
514,1531,1306,960,1446,1515,470,896,2883,2849,831,3
515,1539,1320,960,1450,1517,470,890,2799,2851,833,3
516,1532,1292,961,1453,1517,472,899,2754,2852,834,3
517,1531,1310,958,1454,1518,470,908,2797,2851,834,3
518,1548,1312,962,1456,1517,471,903,2867,2855,834,3
519,1538,1320,961,1460,1518,470,909,2908,2857,836,3
520,1507,1310,958,1462,1518,470,911,2918,2857,837,3
521,1532,1303,960,1465,1517,470,912,2870,2859,838,3
522,1526,1308,960,1467,1517,471,915,2789,2862,839,3
523,1554,1315,962,1472,1518,471,917,2772,2862,838,3
524,1536,1326,961,1474,1519,472,921,2823,2864,840,3
525,1542,1319,962,1476,1517,471,920,2887,2866,840,3
526,1536,1320,962,1479,1518,471,924,2918,2867,841,3
527,1536,1296,961,1481,1518,470,926,2907,2869,842,3
528,1532,1306,962,1484,1518,470,930,2845,2868,841,3
529,1539,1317,962,1486,1520,471,934,2781,2871,844,3
530,1536,1314,961,1488,1518,470,936,2790,2873,843,3
531,1540,1318,961,1500,1519,470,939,2848,2874,845,3
532,1507,1315,962,1494,1519,467,941,2907,2875,844,3
533,1518,1313,968,1495,1518,472,944,2926,2876,845,3
534,1530,1301,963,1497,1518,472,945,2894,2878,845,3
535,1536,1305,963,1502,1519,471,943,2826,2880,846,3
536,1544,1317,956,1502,1518,470,946,2781,2880,846,3
537,1546,1320,962,1506,1519,470,948,2811,2882,845,3
538,1542,1318,964,1508,1520,472,948,2882,2881,846,3
539,1536,1327,963,1507,1519,472,953,2922,2882,845,3
540,1538,1320,969,1512,1519,471,952,2928,2883,846,3
541,1517,1315,962,1512,1519,471,954,2875,2884,846,3
542,1516,1318,970,1512,1520,470,955,2797,2882,846,3
543,1515,1316,964,1512,1519,472,953,2778,2886,845,3
544,1534,1322,964,1515,1530,472,954,2829,2885,843,3
545,1536,1325,964,1514,1519,472,954,2895,2885,845,3
546,1530,1314,963,1516,1519,471,954,2934,2886,844,3
547,1532,1314,965,1514,1521,472,953,2926,2884,844,3
548,1536,1308,965,1517,1520,472,954,2852,2885,843,3
549,1558,1320,966,1514,1522,472,950,2781,2886,842,3
550,1527,1318,964,1515,1520,471,950,2788,2885,843,3
551,1541,1318,964,1514,1519,471,950,2856,2886,841,3
552,1544,1322,965,1513,1522,472,949,2920,2884,842,3
553,1560,1321,966,1514,1520,472,947,2933,2883,841,3
554,1538,1314,966,1512,1520,472,944,2901,2884,839,3
555,1543,1321,964,1512,1521,472,944,2819,2884,840,3
556,1533,1311,965,1510,1518,472,944,2774,2884,838,3
557,1532,1317,965,1508,1522,471,941,2803,2882,838,3
558,1546,1321,966,1506,1520,472,939,2878,2887,837,3
559,1537,1318,966,1506,1522,472,937,2925,2882,837,3
560,1538,1319,968,1503,1522,472,934,2928,2882,836,3
561,1538,1318,966,1502,1519,471,931,2871,2880,836,3
562,1533,1316,965,1501,1522,471,930,2779,2882,835,3
563,1550,1320,963,1498,1520,472,925,2762,2880,834,3
564,1538,1318,966,1496,1522,472,923,2825,2876,834,3
565,1548,1320,963,1495,1520,470,921,2895,2877,833,3
566,1539,1318,966,1493,1521,472,919,2927,2877,833,3
567,1546,1320,960,1491,1522,471,915,2914,2877,832,3
568,1530,1318,968,1490,1520,473,918,2829,2875,830,3
569,1558,1323,968,1487,1522,476,910,2755,2875,828,3
570,1531,1314,966,1484,1520,472,907,2770,2874,827,3
571,1528,1322,966,1482,1521,472,905,2846,2873,827,3
572,1537,1312,966,1481,1522,472,903,2901,2873,826,3
573,1538,1324,968,1480,1522,472,899,2915,2871,826,3
574,1533,1327,966,1478,1523,472,899,2873,2871,825,3
575,1527,1319,966,1474,1520,471,893,2782,2867,824,3
576,1531,1320,967,1474,1520,472,890,2738,2869,824,3
577,1514,1320,966,1469,1522,466,890,2782,2868,822,3
578,1542,1328,968,1467,1522,472,890,2862,2867,823,3
579,1542,1324,968,1464,1522,472,887,2907,2867,824,3
580,1538,1316,966,1463,1518,472,882,2918,2867,821,3
581,1532,1334,966,1462,1520,471,880,2846,2866,820,3
582,1542,1321,965,1460,1523,471,876,2745,2865,820,3
583,1527,1318,968,1458,1522,472,877,2738,2865,818,3
584,1563,1324,967,1455,1522,472,870,2812,2863,820,3
585,1538,1304,966,1454,1522,471,868,2880,2862,818,3
586,1533,1307,967,1453,1522,472,865,2906,2862,819,3
587,1530,1324,966,1451,1521,471,865,2891,2862,817,3
588,1544,1322,968,1449,1523,473,854,2790,2859,818,3
589,1542,1323,968,1455,1522,472,859,2722,2859,816,3
590,1532,1317,968,1445,1517,472,859,2755,2860,815,3
591,1537,1327,966,1443,1519,471,858,2838,2858,815,3
592,1548,1324,961,1441,1522,471,853,2900,2859,814,3
593,1536,1314,968,1440,1523,472,851,2910,2856,814,3
594,1532,1312,966,1438,1521,472,849,2860,2857,813,3
595,1528,1323,966,1436,1521,472,848,2752,2856,814,3
596,1530,1323,966,1436,1521,472,847,2714,2856,812,3
597,1539,1327,967,1433,1522,472,845,2773,2854,811,3
598,1538,1319,968,1430,1522,473,841,2860,2854,810,3
599,1537,1321,968,1431,1521,472,841,2902,2853,810,3
600,1529,1317,968,1429,1522,472,846,2902,2852,810,3
601,1528,1317,967,1428,1523,471,836,2811,2852,810,3
602,1531,1324,966,1426,1522,472,836,2720,2850,810,3
603,1544,1327,968,1425,1522,472,836,2716,2850,810,3
604,1539,1328,966,1423,1522,472,834,2803,2850,810,3
605,1540,1323,967,1423,1523,471,827,2883,2849,810,3
606,1540,1322,967,1422,1521,471,827,2902,2849,808,3
607,1531,1316,967,1420,1522,471,825,2875,2848,809,3
608,1527,1320,968,1418,1522,472,826,2767,2846,807,3
609,1518,1318,976,1417,1522,472,822,2703,2845,807,3
610,1538,1337,966,1416,1521,471,824,2752,2845,806,3
611,1536,1318,967,1414,1515,471,820,2842,2845,807,3
612,1570,1324,967,1410,1522,471,818,2895,2843,806,3
613,1531,1325,967,1410,1521,472,814,2894,2843,803,3
614,1534,1322,968,1411,1521,470,816,2828,2841,804,3
615,1536,1326,968,1409,1520,472,816,2724,2842,803,3
616,1535,1330,967,1410,1521,471,816,2714,2841,804,3
617,1551,1322,967,1408,1522,470,811,2781,2842,803,3
618,1534,1324,968,1406,1520,472,810,2854,2839,803,3
619,1532,1322,967,1405,1520,472,810,2890,2840,802,3
620,1537,1327,968,1402,1521,472,807,2874,2838,803,3
621,1533,1332,967,1403,1521,472,809,2788,2838,802,3
622,1552,1321,966,1402,1522,479,807,2706,2839,803,3
623,1534,1326,968,1400,1522,472,806,2715,2836,803,3
624,1531,1322,966,1398,1522,472,803,2806,2835,800,3
625,1537,1330,967,1398,1522,472,805,2877,2835,800,3
626,1532,1316,967,1398,1514,471,803,2898,2835,800,3
627,1526,1318,967,1398,1522,471,801,2850,2834,798,3
628,1530,1322,966,1395,1522,470,796,2737,2835,798,3
629,1516,1318,968,1394,1522,472,797,2693,2833,797,3
630,1529,1318,967,1394,1520,471,795,2758,2834,797,3
631,1537,1321,967,1393,1522,471,796,2846,2832,798,3
632,1534,1307,966,1392,1522,471,792,2883,2833,797,3
633,1503,1318,967,1395,1522,472,792,2886,2831,798,3
634,1539,1326,966,1390,1522,472,791,2798,2832,796,3
635,1545,1318,956,1389,1520,472,789,2705,2830,797,3
636,1529,1319,967,1389,1522,470,786,2704,2830,797,3
637,1527,1320,966,1387,1520,470,790,2790,2831,795,3
638,1533,1318,968,1386,1518,472,788,2869,2830,794,3
639,1538,1321,967,1385,1522,472,786,2891,2830,794,3
640,1530,1303,968,1383,1523,473,788,2867,2827,795,3
641,1534,1322,966,1384,1522,471,785,2755,2828,794,3
642,1537,1329,966,1384,1521,471,786,2694,2827,794,3
643,1562,1322,968,1384,1521,471,783,2731,2826,794,3
644,1533,1313,968,1382,1522,472,779,2827,2826,793,3
645,1510,1318,966,1380,1522,472,782,2876,2826,793,3
646,1542,1326,966,1379,1522,472,780,2888,2825,793,3
647,1552,1324,966,1380,1522,471,779,2821,2826,792,3
648,1530,1320,968,1378,1522,472,778,2706,2826,792,3
649,1515,1320,966,1378,1522,471,780,2690,2824,792,3
650,1536,1321,967,1377,1522,472,777,2772,2824,792,3
651,1558,1325,965,1377,1522,470,776,2850,2824,792,3
652,1532,1322,966,1373,1521,473,776,2882,2824,792,3
653,1533,1342,966,1374,1520,472,777,2875,2822,792,3
654,1534,1319,967,1374,1521,473,774,2768,2822,789,3
655,1532,1323,966,1371,1526,472,773,2684,2821,790,3
656,1522,1320,966,1370,1522,471,773,2710,2821,790,3
657,1534,1318,966,1371,1522,471,773,2806,2822,790,3
658,1530,1309,967,1371,1521,472,771,2864,2819,790,3
659,1532,1324,967,1370,1522,472,772,2880,2819,790,3
660,1505,1320,966,1370,1521,472,771,2826,2818,789,3
661,1539,1320,966,1368,1522,472,769,2727,2819,788,3
662,1534,1322,967,1368,1520,473,770,2681,2818,790,3
663,1534,1332,966,1368,1522,473,770,2752,2818,790,3
664,1534,1318,967,1368,1522,472,771,2838,2818,790,3
665,1536,1330,966,1364,1523,472,765,2877,2817,789,3
666,1523,1319,966,1365,1522,472,765,2876,2817,788,3
667,1534,1320,966,1365,1522,471,765,2787,2818,789,3
668,1530,1302,966,1363,1522,471,765,2683,2816,789,3
669,1530,1320,966,1365,1521,472,764,2694,2813,788,3
670,1534,1316,966,1362,1522,471,762,2794,2813,788,3
671,1555,1321,966,1364,1521,470,763,2866,2813,786,3
672,1526,1322,966,1363,1521,471,762,2880,2814,786,3
673,1536,1318,966,1362,1522,472,762,2850,2811,787,3
674,1555,1321,968,1358,1521,472,762,2738,2813,786,3
675,1525,1321,965,1360,1522,470,762,2678,2812,787,3
676,1536,1323,966,1359,1521,473,761,2728,2811,784,3
677,1558,1322,965,1359,1522,471,760,2830,2811,787,3
678,1522,1322,977,1358,1520,472,762,2872,2811,786,3
679,1538,1327,966,1356,1521,472,758,2888,2811,785,3
680,1527,1318,966,1358,1522,471,766,2803,2810,786,3
681,1531,1324,966,1357,1520,472,757,2690,2810,784,3
682,1534,1336,966,1356,1520,472,758,2693,2810,786,3
683,1529,1314,966,1355,1522,473,755,2778,2809,785,3
684,1532,1320,966,1355,1520,472,757,2850,2809,784,3
685,1532,1319,966,1353,1522,472,755,2885,2808,784,3
686,1561,1320,966,1354,1520,472,755,2862,2808,784,3
687,1522,1322,968,1354,1522,472,756,2744,2808,784,3
688,1532,1320,966,1354,1521,473,755,2678,2807,785,3
689,1527,1316,966,1353,1520,472,752,2719,2807,784,3
690,1519,1320,964,1362,1520,472,751,2807,2807,784,3
691,1532,1314,966,1352,1520,472,750,2873,2808,784,3
692,1532,1300,965,1350,1523,472,752,2880,2805,784,3
693,1537,1330,966,1351,1522,472,754,2816,2806,783,3
694,1539,1321,966,1350,1520,472,751,2701,2805,783,3
695,1530,1320,966,1349,1521,472,750,2678,2806,782,3
696,1538,1322,964,1349,1521,472,751,2755,2805,782,3
697,1564,1320,965,1337,1521,471,751,2845,2803,783,3
698,1511,1318,966,1348,1522,472,750,2872,2804,783,3
699,1531,1317,966,1347,1514,473,750,2866,2804,783,3
700,1530,1304,965,1346,1521,471,749,2758,2804,782,3
701,1518,1317,969,1347,1519,472,747,2674,2804,781,3
702,1540,1321,965,1346,1522,471,747,2706,2803,783,3
703,1529,1322,965,1346,1521,472,748,2794,2803,782,3
704,1534,1326,965,1344,1521,473,747,2861,2802,782,3
705,1527,1315,966,1344,1520,472,745,2878,2803,782,3
706,1526,1320,966,1344,1519,473,746,2808,2803,781,3
707,1531,1317,965,1342,1522,471,747,2710,2802,782,3
708,1530,1321,966,1342,1520,473,744,2671,2802,781,3
709,1536,1319,966,1341,1520,473,742,2738,2802,780,3
710,1564,1321,964,1341,1521,471,745,2834,2800,781,3
711,1530,1323,964,1341,1521,471,744,2871,2801,781,3
712,1530,1316,965,1340,1522,472,746,2872,2800,780,3
713,1530,1321,966,1338,1519,472,743,2762,2799,779,3
714,1498,1316,965,1340,1520,472,744,2673,2799,780,3
715,1557,1322,965,1339,1520,472,741,2694,2799,779,3
716,1531,1323,964,1338,1520,472,743,2784,2799,780,3
717,1530,1316,964,1338,1522,471,744,2862,2799,780,3
718,1531,1323,966,1338,1520,472,742,2868,2798,780,3
719,1496,1318,966,1347,1521,472,742,2827,2798,779,3
720,1557,1320,965,1336,1521,471,741,2721,2798,780,3
