Count,S1,S2,S3,S4,S5,S6,S7,S8,S9,S10,Flag
1,1590,1379,1027,1416,1603,485,795,2765,2883,826,0
2,1582,1382,1027,1416,1603,483,798,2859,2883,827,0
3,1590,1381,1027,1417,1602,485,798,2888,2882,828,0
4,1589,1380,1027,1415,1602,485,794,2875,2882,826,0
5,1579,1368,1026,1414,1606,485,791,2738,2882,826,0
6,1582,1377,1027,1414,1605,483,797,2691,2882,827,0
7,1574,1378,1026,1413,1602,484,795,2747,2882,825,0
8,1579,1376,1026,1412,1603,484,793,2837,2882,825,0
9,1566,1378,1027,1413,1604,484,793,2890,2882,823,0
10,1561,1378,1026,1412,1604,484,795,2895,2883,827,0
11,1583,1379,1028,1412,1603,484,794,2806,2880,826,0
12,1576,1379,1025,1412,1603,483,795,2706,2880,826,0
13,1594,1379,1026,1413,1603,485,794,2695,2881,825,0
14,1584,1385,1027,1410,1602,486,791,2782,2882,825,0
15,1580,1382,1027,1410,1604,484,795,2860,2878,825,0
16,1584,1388,1027,1411,1604,483,794,2896,2880,824,0
17,1580,1383,1026,1410,1602,484,793,2875,2880,824,0
18,1579,1375,1026,1410,1604,484,792,2760,2880,826,0
19,1572,1379,1025,1410,1604,485,792,2692,2878,826,0
20,1572,1376,1027,1408,1603,485,794,2725,2878,825,0
21,1560,1376,1026,1408,1604,482,792,2827,2884,824,1
22,1577,1364,1026,1412,1603,485,788,2882,2877,823,1
23,1587,1379,1026,1408,1604,491,791,2898,2880,825,1
24,1579,1364,1026,1405,1602,486,783,2819,2878,826,1
25,1579,1374,1026,1408,1603,484,793,2716,2876,825,1
26,1577,1370,1026,1406,1603,484,793,2696,2878,825,1
27,1580,1388,1026,1403,1603,484,790,2771,2877,824,1
28,1594,1380,1027,1404,1603,485,792,2852,2875,824,1
29,1556,1376,1026,1404,1603,486,791,2895,2876,820,1
30,1601,1381,1026,1408,1603,483,792,2880,2876,823,1
31,1578,1382,1025,1405,1603,485,792,2777,2875,824,1
32,1580,1371,1026,1404,1602,483,792,2696,2875,823,1
33,1607,1378,1026,1405,1602,483,791,2710,2875,823,1
34,1550,1372,1024,1403,1603,484,790,2810,2875,823,1
35,1597,1379,1026,1404,1602,486,792,2875,2876,823,1
36,1579,1386,1025,1406,1602,484,792,2892,2874,823,1
37,1581,1390,1025,1408,1604,485,790,2843,2875,824,1
38,1585,1378,1026,1408,1603,484,793,2730,2876,824,1
39,1578,1379,1025,1410,1595,485,794,2696,2877,823,1
40,1580,1378,1025,1409,1603,483,794,2752,2875,825,1
41,1607,1380,1026,1412,1602,484,794,2843,2877,825,1
42,1566,1377,1027,1410,1604,483,796,2891,2878,826,1
43,1583,1386,1025,1413,1604,483,796,2891,2878,827,1
44,1575,1373,1026,1415,1604,483,801,2798,2880,827,1
45,1558,1374,1026,1416,1604,486,800,2709,2877,829,1
46,1583,1388,1026,1417,1602,484,806,2714,2878,832,1
47,1574,1373,1026,1418,1604,485,804,2806,2880,829,1
48,1579,1378,1024,1419,1604,485,803,2873,2882,833,1
49,1583,1389,1026,1414,1604,484,808,2899,2883,833,1
50,1572,1374,1027,1421,1603,485,806,2868,2883,835,1
51,1579,1383,1026,1423,1603,484,810,2760,2883,835,1
52,1584,1383,1025,1425,1603,484,809,2706,2885,837,1
53,1576,1375,1026,1425,1605,485,810,2742,2886,837,1
54,1579,1364,1026,1434,1604,486,808,2836,2886,838,1
55,1585,1379,1026,1430,1602,484,816,2895,2888,840,1
56,1581,1394,1025,1432,1603,483,816,2903,2886,840,1
57,1576,1374,1026,1433,1603,482,819,2829,2888,840,1
58,1578,1381,1026,1435,1603,485,823,2728,2891,844,1
59,1586,1382,1026,1435,1602,485,821,2721,2890,843,1
60,1594,1379,1025,1441,1603,485,827,2792,2891,844,1
61,1578,1370,1025,1442,1604,484,827,2866,2892,844,1
62,1563,1378,1026,1442,1603,486,829,2904,2893,843,1
63,1583,1383,1026,1445,1602,486,830,2891,2892,846,1
64,1597,1379,1025,1446,1603,486,826,2786,2892,846,1
65,1578,1382,1026,1447,1603,486,838,2725,2894,846,1
66,1568,1379,1025,1449,1605,485,836,2752,2894,846,1
67,1583,1376,1027,1450,1604,484,839,2831,2896,846,1
68,1590,1382,1026,1452,1604,484,840,2892,2897,847,1
69,1580,1382,1027,1454,1603,485,839,2909,2899,848,1
70,1586,1386,1026,1455,1602,486,839,2845,2898,847,1
71,1579,1378,1026,1456,1603,486,841,2756,2898,848,1
72,1578,1374,1026,1457,1603,483,846,2721,2899,848,1
73,1581,1358,1026,1458,1604,485,848,2782,2900,853,1
74,1590,1381,1027,1459,1604,484,847,2866,2900,851,1
75,1583,1386,1027,1461,1603,486,849,2907,2899,849,1
76,1603,1381,1027,1460,1604,486,850,2899,2899,850,1
77,1582,1378,1026,1463,1603,485,849,2816,2902,850,1
78,1566,1380,1034,1462,1603,486,850,2734,2902,850,1
79,1582,1377,1026,1464,1604,486,850,2736,2903,851,1
80,1578,1371,1026,1466,1603,486,853,2823,2904,852,1
81,1583,1387,1027,1465,1604,484,854,2897,2903,851,1
82,1587,1385,1027,1466,1605,485,851,2911,2904,853,1
83,1587,1389,1026,1464,1603,486,855,2874,2903,851,1
84,1605,1382,1027,1467,1604,486,854,2768,2904,851,1
85,1582,1382,1027,1468,1603,486,858,2731,2905,851,1
86,1574,1379,1026,1468,1606,486,857,2776,2905,853,1
87,1581,1373,1027,1468,1604,486,855,2862,2906,852,1
88,1583,1378,1026,1470,1606,485,856,2902,2906,852,1
89,1582,1370,1027,1469,1604,484,860,2911,2906,854,1
90,1561,1378,1025,1472,1605,484,860,2832,2906,853,1
91,1587,1382,1027,1470,1604,486,858,2740,2906,852,1
92,1587,1379,1027,1469,1604,487,861,2733,2906,852,1
93,1600,1381,1027,1470,1604,486,860,2813,2906,852,1
94,1581,1384,1027,1473,1606,485,861,2891,2906,853,1
95,1586,1387,1027,1470,1604,486,858,2905,2906,851,1
96,1583,1398,1027,1473,1603,486,857,2890,2906,845,1
97,1614,1380,1027,1473,1604,486,859,2783,2906,851,1
98,1576,1374,1027,1473,1606,485,859,2722,2907,850,1
99,1572,1378,1028,1473,1605,486,859,2765,2906,851,1
100,1580,1374,1027,1474,1605,478,859,2844,2906,851,1
101,1581,1365,1026,1472,1604,488,860,2899,2904,850,1
102,1554,1378,1028,1474,1605,485,856,2915,2906,851,1
103,1589,1384,1027,1472,1604,490,858,2851,2904,848,1
104,1590,1379,1028,1472,1604,486,857,2741,2904,849,1
105,1583,1373,1027,1470,1605,486,859,2722,2906,848,1
106,1581,1382,1028,1467,1603,486,855,2801,2904,847,1
107,1587,1388,1027,1469,1606,491,854,2880,2904,847,1
108,1583,1391,1027,1467,1604,486,851,2912,2902,846,1
109,1605,1378,1029,1467,1603,486,852,2894,2903,845,1
110,1580,1382,1026,1465,1603,486,851,2802,2903,844,1
111,1578,1378,1028,1463,1605,486,850,2720,2902,845,1
112,1580,1392,1027,1463,1606,487,845,2742,2902,843,1
113,1584,1375,1027,1462,1605,485,845,2834,2901,844,1
114,1579,1377,1029,1461,1606,485,847,2893,2900,842,1
115,1580,1382,1027,1458,1601,486,845,2911,2898,842,1
116,1565,1381,1027,1457,1606,486,843,2854,2899,841,1
117,1580,1378,1028,1456,1605,485,840,2739,2899,841,1
118,1583,1386,1027,1454,1605,486,840,2710,2898,840,1
119,1580,1368,1029,1453,1605,485,837,2778,2896,840,1
120,1568,1379,1026,1450,1605,487,835,2865,2895,837,1
121,1547,1377,1027,1446,1604,487,830,2904,2895,837,2
122,1588,1386,1032,1450,1609,488,830,2898,2894,838,2
123,1590,1384,1030,1443,1610,488,828,2799,2895,836,2
124,1592,1386,1030,1440,1609,488,825,2707,2893,836,2
125,1592,1387,1030,1433,1608,488,820,2716,2891,834,2
126,1592,1387,1030,1429,1609,487,818,2810,2891,834,2
127,1588,1387,1030,1424,1609,488,815,2883,2891,834,2
128,1593,1386,1030,1420,1609,486,813,2898,2890,833,2
129,1589,1385,1029,1417,1608,488,807,2851,2888,834,2
130,1590,1384,1030,1412,1609,488,804,2734,2886,829,2
131,1593,1385,1030,1406,1608,487,798,2678,2886,829,2
132,1593,1384,1030,1402,1608,486,793,2739,2883,829,2
133,1592,1387,1030,1396,1608,486,789,2840,2883,827,2
134,1592,1384,1029,1394,1608,488,784,2886,2880,826,2
135,1589,1385,1029,1388,1607,488,778,2887,2880,825,2
136,1590,1384,1030,1386,1608,488,776,2782,2876,825,2
137,1592,1382,1029,1381,1608,487,771,2668,2875,823,2
138,1592,1382,1028,1377,1607,488,762,2672,2874,822,2
139,1593,1385,1028,1371,1606,488,760,2778,2872,820,2
140,1589,1385,1029,1368,1608,488,756,2860,2868,819,2
141,1592,1383,1028,1364,1608,486,753,2885,2868,818,2
142,1590,1382,1029,1361,1608,486,747,2844,2867,816,2
143,1590,1382,1029,1358,1608,486,744,2706,2865,816,2
144,1590,1384,1027,1353,1606,488,739,2636,2863,815,2
145,1587,1384,1029,1349,1606,488,734,2698,2862,812,2
146,1590,1380,1028,1347,1608,488,732,2810,2859,812,2
147,1590,1381,1027,1342,1608,486,727,2868,2857,811,2
148,1590,1382,1028,1338,1607,487,723,2876,2856,809,2
149,1589,1379,1028,1334,1606,488,719,2767,2853,807,2
150,1590,1382,1027,1331,1606,487,715,2640,2851,808,2
151,1590,1381,1026,1328,1606,487,711,2637,2850,805,2
152,1590,1381,1028,1324,1606,486,709,2740,2848,806,2
153,1590,1382,1027,1321,1607,487,704,2834,2844,804,2
154,1588,1381,1025,1318,1606,488,701,2866,2844,803,2
155,1589,1382,1026,1315,1604,487,696,2843,2841,802,2
156,1588,1382,1027,1313,1605,488,692,2695,2840,801,2
157,1588,1380,1027,1309,1606,486,691,2609,2839,799,2
158,1588,1381,1027,1306,1606,486,687,2660,2838,798,2
159,1588,1382,1026,1303,1605,488,683,2778,2835,796,2
160,1587,1382,1027,1301,1605,487,682,2851,2832,796,2
161,1584,1379,1026,1298,1605,487,678,2862,2831,795,2
162,1587,1381,1025,1295,1605,486,676,2768,2830,794,2
163,1586,1382,1024,1292,1606,486,671,2630,2829,792,2
164,1584,1381,1026,1290,1605,486,669,2604,2827,792,2
165,1586,1380,1026,1287,1606,488,666,2707,2824,792,2
166,1585,1381,1027,1285,1605,487,664,2813,2822,790,2
167,1587,1382,1025,1282,1606,486,663,2854,2821,790,2
168,1587,1378,1026,1281,1604,488,659,2843,2821,787,2
169,1586,1380,1025,1275,1604,488,656,2694,2819,788,2
170,1582,1381,1025,1274,1604,487,656,2590,2818,786,2
171,1587,1379,1025,1272,1603,486,652,2626,2814,786,2
172,1586,1379,1024,1270,1605,486,650,2755,2813,785,2
173,1587,1379,1024,1268,1604,486,648,2834,2811,785,2
174,1582,1378,1024,1267,1604,486,646,2850,2808,784,2
175,1585,1378,1024,1263,1603,487,643,2781,2806,783,2
176,1585,1378,1025,1260,1603,488,642,2632,2806,782,2
177,1584,1380,1025,1261,1604,486,640,2583,2805,781,2
178,1585,1378,1024,1259,1604,486,635,2674,2803,782,2
179,1585,1379,1021,1257,1602,487,634,2795,2802,779,2
180,1584,1378,1021,1255,1603,486,633,2846,2800,779,2
181,1584,1376,1024,1254,1603,486,632,2848,2799,779,2
182,1582,1374,1024,1253,1604,487,631,2710,2798,777,2
183,1583,1372,1020,1248,1604,486,627,2584,2796,777,2
184,1584,1374,1022,1248,1602,485,626,2602,2795,776,2
185,1581,1376,1022,1246,1603,485,624,2728,2794,776,2
186,1584,1378,1021,1245,1602,486,624,2820,2790,774,2
187,1582,1376,1024,1242,1602,486,622,2843,2790,774,2
188,1583,1375,1020,1242,1603,484,621,2796,2789,774,2
189,1583,1374,1020,1241,1603,485,619,2638,2787,773,2
190,1580,1376,1021,1238,1602,486,618,2569,2787,772,2
191,1582,1376,1019,1238,1602,485,615,2646,2784,772,2
192,1583,1374,1020,1237,1603,485,615,2771,2784,772,2
193,1585,1376,1018,1234,1603,485,614,2835,2782,771,2
194,1583,1374,1018,1234,1602,486,611,2843,2780,770,2
195,1579,1374,1019,1232,1600,486,611,2723,2779,770,2
196,1580,1373,1019,1232,1602,485,610,2584,2779,770,2
197,1583,1372,1019,1231,1602,485,607,2582,2778,769,2
198,1583,1374,1020,1229,1601,486,606,2698,2776,765,2
199,1583,1372,1020,1228,1600,486,605,2800,2774,765,2
200,1582,1375,1018,1228,1601,485,605,2838,2773,765,2
201,1582,1373,1019,1226,1601,486,603,2814,2770,764,2
202,1579,1373,1019,1227,1602,485,603,2654,2771,763,2
203,1582,1373,1018,1224,1602,485,601,2563,2771,765,2
204,1581,1372,1018,1225,1601,485,601,2614,2768,764,2
205,1578,1372,1018,1222,1603,485,600,2747,2767,763,2
206,1582,1371,1018,1222,1602,485,598,2826,2766,763,2
207,1578,1373,1018,1221,1602,485,595,2838,2766,762,2
208,1579,1370,1017,1220,1602,487,596,2744,2766,762,2
209,1579,1372,1016,1219,1602,486,596,2598,2763,762,2
210,1578,1372,1017,1218,1600,486,593,2568,2762,762,2
211,1580,1372,1017,1218,1602,485,592,2669,2762,760,2
212,1582,1371,1018,1217,1602,484,595,2788,2760,760,2
213,1580,1373,1018,1218,1601,485,591,2831,2760,761,2
214,1580,1371,1016,1216,1602,486,590,2826,2758,760,2
215,1577,1370,1017,1211,1600,486,588,2675,2756,758,2
216,1579,1371,1017,1213,1600,486,589,2560,2755,758,2
217,1581,1371,1018,1213,1600,485,589,2593,2755,758,2
218,1579,1371,1018,1210,1601,484,589,2726,2754,757,2
219,1581,1373,1016,1211,1600,486,587,2810,2752,757,2
220,1578,1371,1017,1209,1598,486,586,2836,2750,757,2
221,1580,1371,1015,1210,1600,485,585,2771,2749,757,2
222,1579,1372,1016,1210,1600,485,586,2613,2747,757,2
223,1579,1369,1017,1208,1600,484,585,2554,2747,756,2
224,1580,1370,1015,1209,1600,485,585,2642,2746,757,2
225,1579,1371,1016,1206,1598,485,582,2770,2745,756,2
226,1581,1372,1015,1206,1598,484,582,2827,2744,755,2
227,1581,1369,1017,1207,1598,483,582,2834,2744,755,2
228,1579,1371,1017,1206,1600,484,581,2700,2743,755,2
229,1579,1370,1015,1206,1600,485,582,2566,2742,754,2
230,1581,1371,1016,1204,1595,486,580,2576,2741,754,2
231,1580,1370,1016,1206,1598,485,581,2698,2739,754,2
232,1580,1369,1016,1204,1600,484,579,2797,2739,753,2
233,1579,1370,1016,1204,1600,484,579,2830,2739,753,2
234,1579,1370,1013,1202,1598,484,579,2796,2737,753,2
235,1579,1371,1016,1202,1596,484,578,2635,2736,753,2
236,1579,1370,1016,1203,1597,485,578,2550,2735,752,2
237,1578,1368,1014,1202,1596,485,576,2614,2734,752,2
238,1579,1370,1015,1201,1598,485,578,2744,2734,750,2
239,1579,1370,1014,1202,1597,484,576,2818,2734,751,2
240,1579,1371,1013,1201,1598,484,574,2831,2733,751,2
241,1578,1367,1014,1202,1597,484,574,2729,2731,750,2
242,1576,1369,1014,1199,1596,485,572,2584,2731,749,2
243,1578,1368,1014,1199,1596,484,573,2563,2731,749,2
244,1574,1370,1013,1201,1596,484,573,2667,2730,750,2
245,1579,1370,1013,1200,1600,485,572,2786,2728,748,2
246,1579,1367,1014,1199,1597,483,571,2829,2729,750,2
247,1576,1370,1014,1198,1596,485,571,2818,2728,749,2
248,1578,1368,1014,1199,1597,485,572,2664,2728,749,2
249,1574,1370,1012,1200,1596,484,571,2551,2727,750,2
250,1576,1371,1013,1198,1595,484,570,2591,2725,749,2
251,1579,1368,1013,1197,1595,484,570,2726,2725,748,2
252,1580,1368,1014,1198,1596,483,569,2809,2724,747,2
253,1578,1371,1012,1197,1596,484,568,2832,2722,748,2
254,1578,1367,1014,1198,1596,484,570,2762,2723,749,2
255,1574,1371,1013,1197,1595,484,569,2607,2722,747,2
256,1577,1368,1013,1198,1595,484,570,2552,2722,748,2
257,1579,1369,1013,1197,1597,484,569,2642,2720,747,2
258,1579,1370,1012,1197,1596,484,568,2767,2719,747,2
259,1577,1370,1013,1197,1594,483,570,2825,2719,746,2
260,1577,1370,1012,1198,1596,483,570,2831,2718,746,2
261,1577,1368,1011,1197,1595,483,568,2696,2717,746,2
262,1578,1369,1012,1197,1596,483,566,2566,2716,746,2
263,1578,1367,1012,1196,1596,484,567,2576,2718,747,2
264,1578,1367,1012,1198,1595,484,568,2698,2715,746,2
265,1576,1368,1011,1196,1594,484,564,2797,2715,745,2
266,1577,1366,1012,1197,1595,484,566,2827,2714,747,2
267,1578,1367,1013,1197,1595,483,568,2795,2715,746,2
268,1577,1368,1011,1196,1595,484,566,2633,2713,745,2
269,1577,1366,1011,1196,1595,484,568,2551,2712,745,2
270,1577,1366,1011,1195,1594,484,565,2616,2713,744,2
271,1577,1368,1011,1196,1595,484,567,2746,2711,745,2
272,1576,1366,1010,1197,1595,483,566,2819,2710,746,2
273,1574,1365,1012,1196,1594,483,565,2830,2711,745,2
274,1576,1368,1011,1196,1594,483,565,2728,2710,746,2
275,1576,1366,1011,1196,1595,483,565,2582,2710,745,2
276,1577,1367,1010,1198,1594,484,566,2562,2709,744,2
277,1578,1366,1011,1195,1595,483,566,2667,2709,744,2
278,1576,1366,1012,1196,1595,483,566,2782,2708,744,2
279,1576,1366,1010,1198,1595,484,566,2826,2708,744,2
280,1573,1366,1011,1195,1594,484,564,2819,2707,742,2
281,1576,1366,1010,1195,1593,483,564,2666,2707,743,2
282,1576,1366,1010,1196,1594,483,564,2554,2705,742,2
283,1577,1365,1010,1196,1594,483,564,2589,2706,743,2
284,1576,1368,1010,1197,1594,484,564,2723,2705,744,2
285,1574,1366,1011,1195,1594,482,564,2807,2705,743,2
286,1577,1367,1010,1196,1594,482,564,2828,2704,744,2
287,1577,1368,1011,1195,1594,483,563,2767,2705,743,2
288,1575,1366,1010,1196,1594,484,563,2612,2703,741,2
289,1577,1368,1010,1197,1594,484,563,2554,2703,742,2
290,1577,1366,1010,1196,1592,483,562,2642,2703,742,2
291,1577,1367,1010,1198,1593,484,563,2764,2702,743,2
292,1577,1366,1010,1196,1593,482,563,2823,2702,742,2
293,1576,1365,1009,1197,1594,483,562,2829,2701,742,2
294,1576,1365,1010,1198,1594,484,563,2701,2700,741,2
295,1577,1366,1009,1197,1592,483,563,2571,2700,741,2
296,1576,1366,1010,1198,1594,483,563,2575,2700,742,2
297,1577,1365,1011,1197,1594,482,563,2695,2700,742,2
298,1576,1366,1010,1198,1595,482,564,2794,2698,741,2
299,1576,1368,1009,1199,1594,482,564,2827,2698,742,2
300,1575,1365,1010,1199,1593,483,564,2798,2698,742,2
301,1575,1362,1009,1198,1593,483,562,2642,2698,741,2
302,1571,1365,1008,1198,1593,483,564,2554,2698,741,2
303,1576,1364,1010,1199,1593,483,563,2610,2698,742,2
304,1576,1366,1008,1199,1594,484,563,2739,2696,742,2
305,1577,1366,1009,1198,1593,483,563,2818,2697,741,2
306,1576,1366,1009,1199,1592,481,564,2830,2696,741,2
307,1573,1365,1008,1199,1594,483,564,2736,2695,741,2
308,1573,1364,1010,1200,1594,483,562,2594,2696,741,2
309,1576,1365,1009,1199,1592,482,563,2564,2696,740,2
310,1574,1365,1008,1200,1593,483,564,2664,2694,740,2
311,1574,1364,1008,1202,1593,481,562,2778,2695,740,2
312,1576,1365,1010,1200,1592,479,563,2826,2695,741,2
313,1575,1366,1008,1200,1593,483,564,2823,2694,741,2
314,1575,1364,1008,1201,1592,483,563,2678,2694,740,2
315,1574,1363,1008,1202,1592,482,564,2561,2693,741,2
316,1577,1365,1009,1200,1594,483,562,2589,2692,740,2
317,1575,1362,1009,1201,1592,483,562,2718,2694,739,2
318,1578,1362,1010,1201,1592,483,563,2806,2692,739,2
319,1575,1362,1009,1201,1591,482,563,2830,2692,739,2
320,1571,1364,1007,1202,1592,483,564,2777,2691,740,2
321,1576,1366,1010,1201,1591,482,563,2620,2692,739,3
322,1562,1366,1004,1198,1587,478,564,2558,2690,740,3
323,1576,1357,1006,1203,1588,479,563,2633,2692,741,3
324,1558,1358,1004,1210,1588,480,566,2758,2690,740,3
325,1565,1368,1005,1213,1589,481,565,2822,2690,740,3
326,1566,1366,1004,1220,1587,482,566,2827,2691,740,3
327,1562,1360,1006,1226,1590,481,568,2722,2692,742,3
328,1559,1355,1006,1234,1587,480,569,2594,2692,742,3
329,1565,1365,1004,1240,1591,481,580,2587,2696,744,3
330,1570,1357,1006,1245,1589,479,577,2691,2694,743,3
331,1546,1356,1006,1253,1588,481,577,2789,2695,743,3
332,1573,1359,1005,1264,1589,480,582,2829,2695,745,3
333,1569,1360,1008,1272,1588,480,588,2818,2696,746,3
334,1562,1358,1004,1282,1589,481,590,2694,2698,746,3
335,1566,1358,1007,1291,1589,478,595,2596,2699,747,3
336,1533,1355,1007,1299,1590,479,595,2629,2699,747,3
337,1572,1361,1006,1308,1588,480,600,2746,2700,748,3
338,1571,1362,1006,1315,1589,480,603,2824,2698,749,3
339,1602,1361,1006,1319,1590,481,604,2846,2703,750,3
340,1571,1360,1008,1322,1590,482,606,2787,2704,748,3
341,1564,1358,997,1326,1590,481,611,2654,2704,750,3
342,1582,1361,1008,1328,1588,481,612,2613,2706,751,3
343,1569,1370,1007,1328,1590,481,616,2678,2706,751,3
344,1570,1359,1006,1326,1590,481,616,2795,2706,750,3
345,1563,1362,1010,1326,1590,482,622,2843,2709,751,3
346,1570,1354,1008,1325,1589,481,617,2841,2709,751,3
347,1569,1370,1008,1322,1590,480,620,2742,2710,753,3
348,1566,1361,1008,1321,1590,480,620,2628,2711,754,3
349,1570,1354,1007,1318,1590,481,620,2632,2712,754,3
350,1576,1361,1008,1315,1588,482,622,2726,2714,755,3
351,1571,1363,1008,1314,1589,482,623,2810,2714,755,3
352,1569,1368,1008,1312,1590,481,626,2843,2715,759,3
353,1572,1354,1008,1307,1589,481,627,2822,2715,758,3
354,1563,1362,1007,1306,1590,482,627,2696,2716,760,3
355,1574,1366,1008,1302,1590,482,628,2613,2721,761,3
356,1570,1358,1009,1301,1588,482,629,2664,2723,762,3
357,1571,1346,1008,1300,1589,480,630,2764,2722,764,3
358,1576,1362,1005,1298,1584,481,634,2835,2725,765,3
359,1566,1356,1007,1295,1590,481,634,2848,2726,766,3
360,1570,1360,1008,1295,1589,481,635,2787,2730,766,3
361,1563,1361,1008,1293,1588,482,640,2664,2730,771,3
362,1571,1346,1008,1294,1588,479,643,2630,2734,771,3
363,1583,1363,1008,1295,1588,480,648,2710,2734,772,3
364,1576,1362,1008,1294,1589,480,649,2807,2735,774,3
365,1583,1365,1008,1295,1590,478,657,2853,2739,776,3
366,1572,1360,1008,1294,1588,481,654,2849,2739,775,3
367,1595,1365,1008,1296,1589,481,656,2756,2743,777,3
368,1598,1365,1007,1298,1592,479,658,2657,2746,779,3
369,1567,1364,1007,1298,1590,482,662,2656,2747,779,3
370,1574,1369,1009,1299,1589,480,666,2758,2749,779,3
371,1574,1362,1008,1302,1588,482,669,2835,2753,782,3
372,1568,1363,1008,1305,1588,480,674,2856,2754,784,3
373,1576,1363,1007,1305,1590,481,678,2835,2755,785,3
374,1570,1353,1008,1308,1588,481,682,2718,2758,785,3
375,1572,1362,1008,1310,1588,482,682,2658,2760,786,3
376,1570,1368,1007,1317,1589,479,687,2696,2760,786,3
377,1594,1366,1007,1314,1592,480,688,2798,2763,788,3
378,1577,1362,1008,1317,1590,481,694,2858,2766,789,3
379,1563,1365,1007,1318,1590,481,692,2863,2767,790,3
380,1571,1338,1008,1320,1590,482,698,2797,2770,790,3
381,1582,1362,1008,1322,1590,479,704,2697,2772,791,3
382,1576,1360,1007,1325,1589,480,706,2672,2772,792,3
383,1572,1367,1008,1327,1589,480,708,2742,2776,793,3
384,1570,1374,1007,1328,1590,481,710,2828,2776,794,3
385,1572,1359,1008,1329,1589,482,713,2866,2778,794,3
386,1571,1371,1008,1333,1589,482,716,2861,2779,795,3
387,1574,1361,1008,1334,1590,480,722,2771,2782,796,3
388,1574,1358,1007,1335,1589,481,723,2683,2784,796,3
389,1564,1359,1008,1334,1590,481,722,2689,2784,796,3
390,1570,1364,1008,1338,1589,482,728,2777,2787,797,3
391,1550,1358,1007,1340,1588,479,730,2851,2789,804,3
392,1574,1361,1007,1344,1588,481,731,2874,2789,800,3
393,1588,1362,1004,1346,1593,481,732,2834,2790,800,3
394,1565,1361,1007,1346,1590,479,734,2734,2792,798,3
395,1572,1360,1009,1347,1589,482,742,2682,2794,801,3
396,1564,1360,1009,1348,1590,479,738,2722,2795,802,3
397,1577,1364,1009,1349,1591,479,742,2821,2797,802,3
398,1583,1362,1008,1352,1590,481,741,2873,2796,803,3
399,1536,1359,1007,1352,1590,481,745,2883,2799,802,3
400,1566,1358,1009,1352,1589,480,745,2806,2798,801,3
401,1537,1361,1010,1354,1590,479,748,2707,2801,803,3
402,1569,1353,1008,1356,1590,481,751,2684,2802,804,3
403,1576,1368,1009,1355,1590,480,751,2763,2802,805,3
404,1567,1362,1008,1357,1589,482,754,2841,2802,804,3
405,1571,1357,1009,1357,1589,482,752,2875,2805,804,3
406,1574,1371,1009,1358,1589,482,754,2872,2806,804,3
407,1549,1361,1016,1358,1591,482,755,2773,2807,806,3
408,1566,1359,1008,1360,1590,482,758,2689,2808,806,3
409,1583,1363,1009,1360,1590,480,758,2700,2808,808,3
410,1572,1360,1009,1361,1590,481,762,2798,2810,807,3
411,1552,1362,1020,1361,1590,482,760,2870,2811,807,3
412,1566,1362,1010,1363,1589,480,764,2877,2811,809,3
413,1571,1355,1007,1363,1591,480,764,2836,2812,810,3
414,1569,1359,1007,1363,1590,481,764,2734,2812,807,3
415,1566,1359,1010,1363,1590,482,765,2684,2817,810,3
416,1576,1363,1009,1364,1590,479,762,2741,2817,808,3
417,1582,1361,1010,1366,1590,481,766,2833,2818,811,3
418,1574,1383,1010,1366,1590,481,770,2880,2820,814,3
419,1575,1359,1008,1366,1592,481,770,2888,2819,813,3
420,1580,1364,1010,1366,1590,482,769,2801,2821,814,3
421,1574,1360,1009,1366,1590,480,771,2710,2822,814,3
422,1584,1364,1010,1370,1594,480,774,2694,2826,816,3
423,1579,1363,1010,1371,1590,480,776,2778,2826,816,3
424,1570,1362,1010,1370,1590,479,778,2851,2826,817,3
425,1577,1352,1010,1371,1591,479,780,2882,2830,819,3
426,1575,1347,1010,1373,1590,482,782,2868,2830,819,3
427,1563,1363,1008,1375,1584,481,785,2781,2832,820,3
428,1551,1361,1013,1375,1590,482,789,2707,2832,822,3
429,1574,1386,1009,1379,1591,481,788,2730,2833,822,3
430,1602,1365,1010,1381,1590,482,791,2806,2835,823,3
431,1573,1362,1010,1384,1590,482,792,2873,2838,824,3
432,1568,1362,1010,1385,1589,479,797,2896,2839,825,3
433,1542,1360,1010,1386,1590,481,801,2854,2840,827,3
434,1574,1365,1008,1388,1592,482,802,2757,2840,828,3
435,1576,1348,1010,1395,1590,482,805,2708,2843,827,3
436,1574,1366,1010,1393,1590,481,806,2764,2846,828,3
437,1574,1360,1010,1395,1592,479,812,2846,2848,832,3
438,1586,1365,1010,1397,1601,482,812,2883,2849,834,3
439,1571,1366,1008,1400,1592,482,818,2893,2850,834,3
440,1574,1360,1010,1402,1591,481,816,2825,2851,835,3
441,1612,1367,1011,1405,1592,480,819,2733,2852,836,3
442,1559,1362,1021,1411,1590,481,825,2730,2854,838,3
443,1575,1382,1010,1413,1592,482,827,2800,2858,838,3
444,1576,1350,1011,1414,1590,481,828,2867,2858,838,3
445,1578,1379,1011,1419,1592,479,832,2902,2860,840,3
446,1596,1365,1011,1421,1592,479,834,2883,2863,840,3
447,1542,1363,1011,1422,1592,479,840,2800,2864,841,3
448,1578,1363,1009,1426,1591,482,840,2733,2864,843,3
449,1570,1364,1010,1428,1590,482,842,2755,2866,843,3
450,1589,1368,1007,1429,1591,482,846,2826,2868,843,3
451,1574,1367,1012,1434,1592,482,849,2891,2870,846,3
452,1578,1367,1011,1435,1594,479,849,2903,2872,846,3
453,1576,1367,1011,1440,1592,482,856,2861,2873,846,3
454,1578,1366,1010,1440,1594,481,858,2773,2874,848,3
455,1549,1363,1012,1443,1593,482,858,2740,2876,848,3
456,1588,1370,1013,1445,1590,483,862,2777,2878,849,3
457,1584,1370,1010,1450,1593,481,866,2862,2880,850,3
458,1607,1367,1013,1450,1591,482,869,2903,2881,851,3
459,1580,1378,1013,1453,1591,482,868,2911,2883,852,3
460,1576,1370,1013,1455,1594,483,874,2842,2883,854,3
461,1579,1362,1012,1458,1592,482,873,2761,2886,854,3
462,1555,1366,1012,1461,1594,481,880,2754,2887,855,3
463,1605,1367,1012,1464,1593,482,880,2813,2888,856,3
464,1576,1382,1012,1465,1594,482,882,2891,2890,858,3
465,1570,1368,1013,1467,1592,482,885,2919,2891,858,3
466,1592,1366,1014,1472,1593,481,888,2899,2893,859,3
467,1579,1378,1014,1475,1592,481,891,2821,2895,859,3
468,1578,1348,1013,1476,1593,482,889,2749,2896,861,3
469,1593,1368,1014,1479,1594,482,896,2769,2894,860,3
470,1579,1364,1014,1479,1592,482,898,2848,2898,862,3
471,1577,1370,1015,1482,1593,482,905,2904,2900,862,3
472,1574,1363,1014,1486,1594,481,904,2915,2901,864,3
473,1578,1377,1014,1483,1593,483,906,2881,2902,866,3
474,1552,1366,1014,1490,1593,481,908,2798,2904,866,3
475,1578,1371,1014,1493,1593,482,911,2754,2906,866,3
476,1586,1368,1016,1493,1603,483,911,2793,2906,866,3
477,1581,1370,1015,1497,1594,482,914,2876,2907,870,3
478,1574,1372,1014,1498,1594,482,916,2923,2910,870,3
479,1579,1354,1016,1499,1594,482,915,2919,2909,869,3
480,1575,1366,1016,1502,1594,482,920,2855,2912,871,3
481,1580,1382,1016,1503,1594,482,922,2779,2914,872,3
482,1584,1373,1015,1507,1594,483,928,2769,2914,874,3
483,1580,1374,1015,1508,1594,483,929,2829,2916,873,3
484,1576,1365,1016,1512,1594,482,934,2895,2917,874,3
485,1613,1373,1016,1512,1595,482,934,2926,2920,875,3
486,1581,1386,1016,1515,1594,482,941,2920,2920,875,3
487,1582,1377,1016,1518,1594,482,939,2838,2922,878,3
488,1578,1373,1015,1519,1594,483,943,2769,2922,878,3
489,1579,1376,1015,1522,1595,483,946,2788,2923,880,3
490,1581,1358,1016,1524,1594,483,947,2859,2925,880,3
491,1586,1372,1016,1527,1598,483,946,2916,2926,882,3
492,1582,1367,1018,1529,1595,482,950,2928,2928,882,3
493,1587,1373,1017,1530,1595,483,950,2899,2929,882,3
494,1548,1369,1017,1536,1596,483,955,2822,2930,883,3
495,1556,1372,1018,1537,1595,483,954,2779,2933,886,3
496,1582,1378,1018,1539,1595,482,963,2811,2933,885,3
497,1582,1347,1018,1543,1595,482,956,2882,2934,888,3
498,1605,1374,1018,1544,1596,483,964,2928,2936,888,3
499,1596,1374,1018,1546,1598,484,966,2931,2936,889,3
500,1600,1373,1018,1548,1596,484,971,2874,2940,888,3
501,1583,1367,1018,1553,1595,482,970,2802,2940,890,3
502,1582,1369,1018,1555,1597,483,973,2787,2942,891,3
503,1589,1374,1018,1558,1597,483,979,2850,2944,894,3
504,1588,1377,1019,1559,1596,483,978,2912,2945,893,3
505,1589,1378,1020,1562,1596,483,981,2942,2947,896,3
506,1572,1372,1020,1565,1597,481,988,2934,2950,896,3
507,1570,1371,1020,1570,1597,483,990,2860,2949,899,3
508,1579,1374,1019,1571,1598,483,994,2796,2950,898,3
509,1584,1378,1021,1574,1596,482,996,2813,2952,899,3
510,1582,1374,1020,1576,1594,482,1000,2871,2954,896,3
511,1580,1353,1019,1579,1597,483,998,2929,2954,900,3
512,1585,1379,1020,1582,1598,484,1003,2950,2955,902,3
513,1578,1367,1019,1586,1598,484,1007,2920,2958,901,3
514,1613,1374,1021,1586,1596,482,1007,2870,2958,902,3
515,1585,1374,1021,1590,1600,482,1008,2803,2960,902,3
516,1584,1371,1022,1594,1598,484,1010,2799,2961,902,3
517,1588,1381,1021,1592,1600,490,1014,2851,2961,901,3
518,1591,1374,1024,1598,1598,484,1014,2895,2961,902,3
519,1575,1375,1021,1600,1601,483,1016,2949,2962,902,3
520,1580,1378,1022,1605,1601,482,1020,2950,2962,903,3
521,1583,1360,1024,1605,1601,482,1024,2916,2962,903,3
522,1580,1370,1022,1606,1602,483,1024,2867,2963,903,3
523,1600,1374,1024,1608,1598,483,1021,2810,2964,902,3
524,1596,1379,1013,1608,1600,483,1022,2806,2964,902,3
525,1587,1375,1024,1610,1602,482,1021,2850,2964,904,3
526,1586,1383,1026,1611,1598,482,1025,2897,2966,901,3
527,1585,1397,1024,1611,1601,483,1022,2944,2965,902,3
528,1585,1387,1025,1612,1602,483,1022,2952,2966,898,3
529,1589,1380,1024,1613,1601,487,1021,2923,2964,899,3
530,1589,1378,1026,1612,1602,482,1024,2861,2966,898,3
531,1554,1378,1026,1610,1602,484,1024,2793,2966,898,3
532,1563,1378,1025,1610,1602,484,1018,2800,2965,899,3
533,1572,1378,1026,1611,1602,483,1017,2854,2964,898,3
534,1578,1375,1027,1611,1603,483,1017,2902,2964,896,3
535,1582,1380,1027,1609,1600,484,1016,2952,2963,896,3
536,1583,1382,1026,1608,1601,482,1013,2950,2962,894,3
537,1583,1379,1026,1608,1602,482,1012,2926,2963,894,3
538,1584,1382,1026,1603,1602,483,1010,2866,2963,891,3
539,1583,1381,1026,1605,1603,483,1008,2796,2962,891,3
540,1584,1383,1026,1602,1602,483,1003,2784,2962,890,3
541,1582,1383,1027,1602,1603,483,1004,2843,2960,890,3
542,1586,1387,1027,1597,1602,484,1002,2895,2961,888,3
543,1581,1382,1027,1595,1602,484,1000,2946,2960,890,3
544,1583,1383,1028,1593,1603,483,995,2947,2960,888,3
545,1586,1383,1027,1590,1602,484,993,2913,2959,886,3
546,1551,1376,1026,1589,1603,485,990,2830,2958,886,3
547,1586,1371,1028,1587,1602,484,984,2777,2958,881,3
548,1584,1376,1028,1585,1603,484,981,2811,2958,883,3
549,1611,1379,1028,1582,1603,484,982,2886,2956,882,3
550,1615,1379,1028,1582,1603,483,977,2935,2955,882,3
551,1581,1382,1029,1578,1603,483,979,2944,2954,882,3
552,1560,1383,1028,1576,1602,484,975,2880,2954,880,3
553,1595,1381,1028,1574,1602,484,970,2790,2954,880,3
554,1586,1379,1028,1571,1602,485,970,2770,2952,879,3
555,1584,1379,1028,1570,1603,484,964,2825,2952,879,3
556,1579,1378,1029,1566,1603,484,962,2899,2952,878,3
557,1582,1382,1030,1563,1601,484,957,2940,2951,877,3
558,1573,1381,1027,1562,1604,483,957,2932,2950,876,3
559,1582,1390,1029,1560,1604,483,957,2845,2950,875,3
560,1584,1373,1028,1558,1602,484,950,2767,2947,876,3
561,1610,1383,1029,1555,1603,483,948,2767,2947,874,3
562,1585,1386,1029,1551,1602,486,945,2854,2948,871,3
563,1579,1383,1029,1551,1595,483,943,2920,2946,872,3
564,1585,1391,1028,1548,1602,484,942,2934,2944,872,3
565,1584,1374,1027,1547,1603,484,936,2905,2944,872,3
566,1587,1380,1029,1545,1603,484,938,2803,2944,870,3
567,1583,1381,1028,1542,1602,483,933,2753,2944,872,3
568,1571,1378,1040,1541,1603,483,929,2790,2941,869,3
569,1584,1378,1028,1539,1603,484,926,2872,2939,868,3
570,1581,1378,1029,1538,1604,483,925,2918,2939,868,3
571,1583,1371,1029,1534,1603,485,922,2927,2938,868,3
572,1568,1378,1030,1531,1603,484,919,2869,2938,866,3
573,1587,1380,1029,1529,1603,485,918,2770,2938,866,3
574,1590,1381,1028,1528,1602,484,917,2742,2937,866,3
575,1612,1381,1030,1526,1603,484,915,2804,2934,864,3
576,1582,1384,1029,1524,1602,485,912,2890,2935,864,3
577,1585,1394,1029,1523,1602,486,909,2927,2935,862,3
578,1583,1376,1030,1521,1603,486,905,2921,2934,861,3
579,1582,1375,1029,1518,1603,485,905,2826,2933,862,3
580,1582,1384,1027,1519,1603,484,905,2739,2933,861,3
581,1588,1384,1028,1516,1604,491,900,2747,2931,860,3
582,1594,1382,1024,1516,1603,483,898,2827,2931,860,3
583,1578,1378,1030,1513,1603,486,898,2899,2931,858,3
584,1565,1382,1030,1512,1603,484,897,2926,2930,859,3
585,1587,1386,1028,1510,1603,484,891,2898,2930,859,3
586,1597,1383,1031,1507,1603,485,890,2792,2928,858,3
587,1582,1386,1029,1507,1603,484,890,2735,2927,856,3
588,1564,1378,1028,1507,1603,484,885,2770,2927,857,3
589,1583,1379,1030,1505,1603,484,886,2848,2926,856,3
590,1604,1382,1028,1502,1602,484,885,2908,2926,855,3
591,1579,1382,1029,1500,1602,485,882,2925,2926,856,3
592,1582,1383,1030,1499,1604,483,879,2862,2926,856,3
593,1589,1381,1030,1498,1606,484,879,2754,2924,853,3
594,1580,1381,1030,1498,1603,483,879,2722,2924,854,3
595,1569,1381,1027,1495,1604,483,877,2788,2923,853,3
596,1583,1381,1029,1494,1603,484,874,2866,2922,854,3
597,1584,1366,1030,1492,1604,484,874,2908,2922,853,3
598,1578,1382,1029,1493,1603,484,870,2915,2922,852,3
599,1584,1379,1029,1491,1603,483,868,2821,2921,852,3
600,1603,1383,1028,1490,1603,484,870,2729,2920,851,3
601,1578,1381,1028,1487,1605,484,869,2733,2920,851,3
602,1583,1378,1029,1487,1603,484,866,2806,2919,848,3
603,1600,1381,1030,1485,1604,483,869,2886,2920,849,3
604,1577,1381,1030,1484,1605,483,865,2918,2920,850,3
605,1587,1384,1028,1485,1603,483,861,2896,2917,850,3
606,1608,1384,1029,1482,1604,483,861,2787,2914,848,3
607,1576,1378,1028,1482,1603,484,858,2720,2916,848,3
608,1584,1387,1029,1480,1602,483,857,2750,2915,848,3
609,1575,1379,1030,1480,1603,484,854,2834,2916,848,3
610,1585,1386,1030,1478,1603,484,859,2897,2915,848,3
611,1582,1390,1029,1478,1603,485,855,2915,2914,847,3
612,1578,1378,1029,1477,1602,482,852,2857,2914,846,3
613,1581,1382,1029,1475,1602,484,854,2760,2914,846,3
614,1582,1373,1028,1472,1602,484,852,2715,2913,846,3
615,1598,1384,1028,1474,1603,484,850,2767,2913,846,3
616,1571,1380,1027,1469,1603,483,848,2862,2913,844,3
617,1586,1380,1029,1470,1603,485,846,2898,2911,844,3
618,1576,1379,1028,1472,1603,485,847,2908,2911,844,3
619,1550,1375,1028,1468,1603,484,848,2830,2910,845,3
620,1581,1378,1029,1467,1603,484,844,2728,2910,844,3
621,1578,1367,1027,1466,1603,484,848,2715,2910,844,3
622,1586,1390,1029,1464,1602,484,843,2798,2908,842,3
623,1587,1384,1030,1464,1601,484,840,2870,2908,842,3
624,1579,1383,1028,1462,1602,484,843,2909,2907,842,3
625,1586,1382,1028,1461,1603,490,839,2894,2906,842,3
626,1573,1378,1029,1461,1603,483,840,2786,2907,842,3
627,1594,1382,1029,1460,1602,484,840,2712,2906,842,3
628,1581,1377,1028,1460,1603,483,837,2734,2907,843,3
629,1580,1384,1028,1459,1603,482,838,2818,2906,841,3
630,1552,1379,1028,1459,1603,483,836,2893,2906,841,3
631,1602,1384,1029,1457,1602,483,837,2902,2905,839,3
632,1562,1376,1033,1456,1603,484,832,2864,2903,839,3
633,1580,1382,1028,1456,1602,483,829,2760,2904,839,3
634,1576,1367,1028,1455,1603,484,835,2702,2904,840,3
635,1563,1380,1027,1455,1603,483,832,2758,2902,840,3
636,1594,1380,1028,1454,1602,483,828,2845,2902,840,3
637,1566,1378,1029,1453,1602,483,827,2899,2901,839,3
638,1579,1401,1028,1453,1602,483,827,2908,2902,838,3
639,1576,1366,1028,1451,1602,483,832,2830,2902,843,3
640,1562,1379,1027,1451,1603,484,826,2726,2900,840,3
641,1595,1381,1027,1450,1603,483,826,2707,2902,837,3
642,1562,1377,1028,1449,1603,484,826,2786,2899,838,3
643,1581,1379,1027,1449,1602,483,823,2871,2899,838,3
644,1578,1383,1028,1447,1602,484,825,2899,2899,837,3
645,1571,1379,1027,1446,1602,484,823,2896,2899,838,3
646,1567,1378,1027,1447,1603,483,823,2791,2899,837,3
647,1588,1382,1028,1446,1603,484,823,2709,2898,838,3
648,1582,1374,1028,1445,1604,484,820,2714,2898,838,3
649,1575,1379,1028,1444,1600,484,820,2817,2898,835,3
650,1582,1388,1027,1444,1603,484,824,2888,2897,835,3
651,1579,1369,1027,1443,1602,484,820,2905,2897,835,3
652,1582,1394,1029,1443,1602,483,818,2867,2896,836,3
653,1602,1380,1028,1441,1602,485,818,2758,2896,834,3
654,1550,1374,1028,1441,1602,482,817,2704,2897,835,3
655,1580,1378,1028,1440,1604,484,817,2740,2896,834,3
656,1579,1382,1026,1438,1600,483,818,2841,2895,835,3
657,1581,1380,1028,1438,1600,484,815,2888,2895,835,3
658,1576,1381,1028,1437,1602,483,817,2901,2895,833,3
659,1580,1390,1026,1438,1603,483,814,2835,2895,834,3
660,1574,1378,1028,1438,1603,483,816,2726,2894,834,3
661,1587,1384,1027,1437,1602,483,813,2703,2894,833,3
662,1577,1373,1027,1435,1602,484,814,2767,2892,832,3
663,1571,1380,1028,1435,1601,484,813,2857,2893,832,3
664,1597,1382,1026,1434,1602,484,814,2894,2894,832,3
665,1580,1379,1027,1434,1602,483,812,2898,2892,833,3
666,1580,1376,1026,1432,1604,483,810,2795,2893,832,3
667,1572,1378,1028,1432,1602,484,811,2707,2891,834,3
668,1579,1379,1027,1433,1602,484,809,2711,2892,833,3
669,1582,1382,1027,1432,1603,483,808,2803,2891,829,3
670,1586,1385,1027,1430,1602,484,810,2875,2890,832,3
671,1576,1368,1026,1430,1603,483,805,2894,2891,832,3
672,1581,1370,1026,1430,1602,485,806,2876,2890,829,3
673,1574,1378,1028,1428,1602,483,808,2762,2890,828,3
674,1582,1385,1027,1429,1602,483,807,2699,2890,829,3
675,1597,1380,1027,1429,1601,483,808,2730,2890,832,3
676,1541,1374,1026,1427,1603,484,806,2827,2890,829,3
677,1578,1372,1027,1426,1602,485,807,2885,2889,832,3
678,1563,1378,1025,1426,1602,483,804,2899,2888,829,3
679,1608,1382,1026,1427,1601,483,808,2837,2888,829,3
680,1574,1379,1027,1426,1603,482,806,2734,2889,828,3
681,1590,1381,1018,1424,1602,483,803,2694,2890,829,3
682,1544,1376,1026,1423,1601,484,804,2762,2888,829,3
683,1582,1379,1026,1424,1601,484,803,2845,2887,828,3
684,1566,1378,1026,1424,1603,483,802,2895,2888,829,3
685,1579,1374,1026,1424,1602,482,804,2890,2888,828,3
686,1574,1376,1026,1423,1602,483,804,2809,2888,829,3
687,1597,1380,1027,1423,1601,484,801,2705,2882,827,3
688,1576,1382,1026,1423,1598,482,804,2707,2886,827,3
689,1590,1379,1024,1422,1602,483,802,2789,2886,827,3
690,1578,1378,1025,1422,1602,483,802,2870,2886,828,3
691,1585,1381,1026,1421,1602,484,797,2891,2886,827,3
692,1559,1374,1026,1419,1602,484,798,2878,2885,827,3
693,1580,1378,1027,1421,1604,483,798,2764,2885,826,3
694,1564,1374,1026,1420,1602,483,800,2698,2885,827,3
695,1581,1374,1026,1418,1602,484,797,2716,2883,827,3
696,1568,1378,1025,1418,1602,484,799,2818,2884,826,3
697,1612,1378,1027,1417,1602,484,800,2878,2883,826,3
698,1567,1376,1026,1418,1602,483,797,2898,2884,827,3
699,1603,1378,1026,1417,1600,483,798,2844,2883,826,3
700,1569,1374,1024,1417,1602,483,802,2742,2883,826,3
701,1606,1379,1026,1418,1601,483,798,2688,2884,826,3
702,1585,1386,1025,1416,1601,484,794,2747,2883,825,3
703,1602,1379,1026,1415,1602,484,799,2837,2882,825,3
704,1583,1382,1025,1415,1602,483,795,2891,2882,825,3
705,1602,1379,1024,1415,1602,484,796,2891,2881,824,3
706,1583,1383,1024,1413,1602,483,796,2816,2882,825,3
707,1578,1385,1026,1413,1600,484,796,2702,2882,825,3
708,1579,1382,1026,1413,1600,483,794,2698,2882,824,3
709,1578,1382,1026,1414,1601,484,796,2776,2882,825,3
710,1582,1385,1025,1410,1602,483,796,2859,2880,825,3
711,1578,1380,1026,1411,1602,483,794,2898,2880,824,3
712,1586,1379,1026,1411,1601,484,794,2876,2880,823,3
713,1578,1381,1026,1413,1601,484,794,2778,2881,823,3
714,1587,1377,1026,1411,1601,483,794,2690,2881,824,3
715,1578,1379,1025,1410,1600,483,792,2713,2881,824,3
716,1593,1378,1025,1409,1602,484,792,2802,2878,824,3
717,1586,1380,1026,1409,1601,483,791,2877,2878,823,3
718,1606,1378,1026,1409,1601,483,795,2892,2881,823,3
719,1582,1382,1026,1406,1601,483,792,2857,2877,824,3
720,1574,1371,1025,1405,1602,484,792,2738,2877,822,3
