Time,NO2,C2H5CH,VOC,CO,Temperature,Pressure,Humidity,Gas Resistance
0,170,170,437,348,18.66,1025.41,49.54,597.71
1,171,171,437,348,18.66,1025.41,49.53,600.38
2,170,171,437,348,18.66,1025.41,49.54,602.54
3,170,170,436,348,18.65,1025.42,49.53,597.71
4,170,170,435,348,18.65,1025.41,49.52,599.85
5,169,169,435,348,18.65,1025.42,49.52,596.65
6,169,169,435,348,18.65,1025.42,49.53,602.00
7,170,169,435,348,18.65,1025.42,49.52,600.38
8,169,169,435,348,18.65,1025.42,49.50,599.85
9,169,169,435,349,18.65,1025.43,49.52,600.92
10,168,169,434,348,18.65,1025.43,49.51,604.71
11,169,168,433,348,18.65,1025.43,49.53,603.62
12,169,168,433,348,18.65,1025.43,49.51,600.38
13,168,168,433,347,18.65,1025.42,49.51,598.24
14,168,168,433,348,18.64,1025.43,49.51,603.08
15,168,167,432,348,18.64,1025.43,49.50,602.54
16,168,167,431,348,18.64,1025.43,49.51,602.00
17,168,167,432,348,18.64,1025.43,49.50,603.62
18,168,167,432,348,18.64,1025.43,49.51,601.46
19,168,167,431,347,18.64,1025.44,49.51,602.54
20,167,166,431,347,18.64,1025.45,49.52,601.46
21,168,166,431,348,18.64,1025.45,49.51,603.08
22,167,166,431,348,18.64,1025.44,49.51,599.31
23,167,166,430,348,18.64,1025.45,49.49,598.78
24,167,165,429,347,18.64,1025.45,49.51,603.62
25,166,165,429,348,18.64,1025.46,49.51,601.46
26,167,165,428,347,18.63,1025.46,49.50,603.62
27,167,165,429,347,18.63,1025.47,49.50,603.62
28,166,164,429,348,18.63,1025.47,49.51,600.38
29,166,164,428,348,18.63,1025.46,49.51,604.16
30,166,163,428,347,18.63,1025.46,49.52,604.71
31,166,164,428,348,18.63,1025.46,49.50,604.71
32,166,164,427,347,18.63,1025.46,49.51,604.16
33,166,163,427,347,18.63,1025.46,49.50,605.25
34,166,163,427,347,18.63,1025.47,49.49,602.54
35,166,163,427,347,18.63,1025.47,49.50,604.71
36,165,162,427,347,18.63,1025.47,49.49,603.62
37,165,162,427,347,18.63,1025.47,49.50,603.08
38,165,162,426,347,18.62,1025.47,49.50,605.80
39,165,162,426,347,18.62,1025.47,49.50,609.09
40,165,161,426,347,18.62,1025.46,49.49,605.25
41,165,162,426,347,18.62,1025.46,49.50,609.09
42,165,162,425,346,18.62,1025.46,49.50,604.16
43,165,161,425,346,18.62,1025.46,49.50,604.16
44,164,161,425,346,18.62,1025.45,49.50,602.54
45,164,161,424,347,18.62,1025.45,49.50,603.62
46,164,160,424,347,18.62,1025.44,49.49,603.08
47,164,161,424,347,18.62,1025.43,49.50,603.62
48,164,160,424,346,18.62,1025.43,49.50,602.54
49,164,160,424,347,18.62,1025.43,49.51,601.46
50,164,160,423,347,18.62,1025.43,49.50,605.25
51,164,160,423,347,18.61,1025.43,49.49,600.92
52,163,160,422,346,18.61,1025.44,49.50,604.71
53,164,160,423,347,18.61,1025.45,49.50,605.80
54,163,159,422,348,18.61,1025.45,49.50,607.99
55,164,159,422,347,18.61,1025.44,49.50,605.80
56,163,158,422,347,18.61,1025.45,49.50,606.34
57,163,158,421,348,18.61,1025.44,49.51,603.62
58,163,159,421,348,18.61,1025.44,49.52,605.80
59,163,158,421,347,18.61,1025.45,49.50,604.71
60,163,158,421,347,18.61,1025.45,49.50,603.08
61,162,158,420,347,18.61,1025.45,49.50,603.62
62,162,158,420,346,18.61,1025.46,49.50,608.54
63,162,157,420,347,18.60,1025.46,49.50,608.54
64,162,157,420,347,18.60,1025.46,49.50,607.44
65,162,157,420,347,18.60,1025.46,49.50,605.80
66,162,156,419,347,18.60,1025.46,49.51,605.80
67,162,157,419,347,18.60,1025.45,49.50,608.54
68,162,156,419,346,18.60,1025.45,49.51,605.25
69,161,157,419,347,18.60,1025.45,49.50,608.54
70,161,156,419,347,18.60,1025.44,49.49,607.99
71,162,156,418,346,18.60,1025.45,49.51,607.44
72,162,156,417,346,18.60,1025.44,49.50,610.20
73,161,156,418,347,18.60,1025.43,49.51,607.44
74,161,156,418,347,18.60,1025.43,49.50,610.75
75,160,155,417,347,18.60,1025.43,49.50,607.99
76,161,155,418,347,18.60,1025.43,49.51,607.44
77,161,154,417,346,18.60,1025.43,49.50,606.89
78,160,155,417,346,18.60,1025.42,49.49,603.08
79,160,155,416,347,18.59,1025.42,49.51,611.31
80,161,155,417,346,18.59,1025.42,49.51,607.99
81,160,155,416,347,18.59,1025.41,49.51,604.71
82,161,155,417,350,18.59,1025.41,49.52,605.80
83,161,155,417,351,18.59,1025.42,49.51,608.54
84,161,155,416,351,18.59,1025.43,49.51,607.44
85,160,155,416,351,18.59,1025.43,49.51,606.34
86,161,154,416,351,18.59,1025.42,49.51,603.08
87,161,154,415,351,18.59,1025.43,49.53,608.54
88,161,154,415,351,18.59,1025.43,49.53,604.71
89,161,154,414,351,18.59,1025.43,49.54,603.62
90,160,153,415,350,18.59,1025.43,49.54,609.09
91,160,153,414,351,18.59,1025.43,49.55,607.99
92,160,153,415,350,18.59,1025.43,49.56,609.09
93,160,152,414,349,18.59,1025.42,49.56,602.54
94,160,152,413,350,18.59,1025.42,49.56,610.20
95,159,152,414,349,18.59,1025.42,49.58,607.99
96,160,152,413,349,18.59,1025.42,49.57,610.75
97,159,152,413,350,18.59,1025.42,49.58,604.71
98,159,152,412,349,18.58,1025.42,49.58,609.09
99,158,152,413,348,18.58,1025.42,49.59,608.54
100,159,152,412,349,18.59,1025.42,49.59,609.09
101,159,151,412,349,18.58,1025.40,49.59,604.71
102,158,151,411,348,18.58,1025.40,49.58,612.42
103,158,151,412,348,18.58,1025.41,49.59,610.20
104,159,151,411,347,18.58,1025.40,49.59,609.64
105,158,151,411,348,18.58,1025.40,49.59,607.44
106,158,151,411,348,18.58,1025.39,49.59,606.89
107,158,150,410,347,18.58,1025.39,49.59,607.99
108,157,150,411,347,18.58,1025.39,49.59,608.54
109,158,150,410,348,18.58,1025.39,49.58,610.75
110,157,150,410,347,18.58,1025.39,49.59,610.20
111,158,150,410,347,18.58,1025.39,49.58,611.87
112,157,150,410,347,18.58,1025.38,49.58,610.20
113,157,150,409,346,18.58,1025.38,49.58,610.20
114,157,150,410,347,18.58,1025.38,49.59,612.42
115,157,148,408,347,18.58,1025.37,49.58,607.99
116,156,149,409,346,18.58,1025.37,49.57,611.87
117,158,149,408,347,18.58,1025.37,49.57,612.42
118,157,149,409,347,18.58,1025.37,49.58,610.75
119,157,149,408,347,18.58,1025.37,49.57,610.20
120,157,148,408,346,18.58,1025.37,49.59,611.31
121,156,148,407,347,18.58,1025.37,49.57,612.98
122,156,148,408,346,18.58,1025.38,49.57,614.66
123,161,149,408,347,18.58,1025.36,49.57,607.44
124,236,157,419,358,18.58,1025.33,49.58,597.18
125,462,180,449,384,18.59,1025.32,49.61,537.89
126,618,216,496,409,18.60,1025.32,49.70,471.46
127,703,258,554,438,18.60,1025.33,49.86,407.42
128,753,302,613,461,18.61,1025.34,50.08,354.86
129,777,344,664,481,18.62,1025.36,50.35,314.07
130,786,380,706,493,18.63,1025.37,50.65,284.60
131,784,407,734,499,18.64,1025.38,50.97,264.76
132,778,428,754,499,18.65,1025.40,51.33,252.24
133,766,441,766,496,18.65,1025.42,51.69,244.95
134,753,452,775,492,18.66,1025.42,52.07,238.76
135,736,458,778,486,18.67,1025.43,52.46,238.41
136,720,462,780,481,18.68,1025.44,52.84,235.69
137,703,463,781,476,18.68,1025.44,53.24,236.54
138,687,464,779,471,18.69,1025.45,53.64,237.90
139,669,463,777,467,18.70,1025.46,54.05,239.62
140,654,461,774,462,18.71,1025.74,54.47,244.41
141,639,460,772,459,18.72,1026.24,54.90,247.52
142,628,460,769,457,18.73,1026.62,55.32,250.71
143,620,459,767,456,18.74,1026.91,55.75,253.59
144,613,458,765,455,18.75,1027.12,56.15,258.35
145,607,458,764,454,18.76,1027.28,56.57,261.21
146,603,457,762,453,18.77,1027.40,56.98,264.13
147,600,457,761,453,18.79,1027.49,57.38,268.42
148,597,456,760,452,18.80,1027.57,57.75,269.73
149,596,456,760,452,18.81,1027.62,58.14,271.73
150,595,456,760,452,18.83,1027.66,58.50,274.89
151,594,456,759,451,18.84,1027.69,58.84,276.04
152,593,456,759,451,18.85,1027.71,59.18,278.60
153,594,456,759,451,18.86,1027.73,59.48,279.31
154,593,456,759,451,18.88,1027.75,59.78,282.17
155,593,457,760,451,18.89,1027.76,60.08,282.41
156,593,456,759,451,18.90,1027.77,60.34,283.62
157,593,458,760,452,18.91,1027.76,60.62,284.60
158,593,457,760,451,18.92,1027.76,60.86,286.57
159,592,458,760,451,18.93,1027.77,61.09,286.32
160,593,459,761,451,18.94,1027.77,61.31,288.07
161,593,459,761,452,18.95,1027.77,61.53,289.08
162,593,460,762,452,18.96,1027.77,61.73,289.58
163,593,460,762,452,18.97,1027.77,61.91,290.09
164,593,460,762,451,18.97,1027.77,62.07,289.33
165,593,461,762,452,18.98,1027.76,62.24,291.11
166,593,461,763,452,18.99,1027.75,62.41,292.14
167,594,462,764,452,19.00,1027.76,62.54,293.70
168,593,462,764,453,19.01,1027.76,62.65,292.66
169,594,463,764,453,19.01,1027.77,62.80,291.11
170,593,464,764,452,19.02,1027.77,62.90,292.92
171,594,464,765,453,19.03,1027.76,63.02,291.63
172,593,465,765,453,19.04,1027.77,63.11,294.75
173,593,466,765,454,19.04,1027.77,63.21,294.75
174,594,466,766,453,19.05,1027.76,63.30,293.70
175,593,466,766,455,19.06,1027.76,63.38,293.96
176,593,468,767,454,19.06,1027.75,63.45,294.22
177,594,468,768,455,19.07,1027.75,63.51,294.48
178,593,469,768,455,19.08,1027.75,63.58,294.48
179,593,469,768,455,19.08,1027.74,63.61,296.07
180,593,470,768,455,19.09,1027.75,63.65,296.33
181,593,470,769,456,19.09,1027.74,63.70,295.27
182,593,471,769,456,19.10,1027.74,63.74,297.40
183,593,471,770,457,19.10,1027.73,63.77,296.86
184,592,472,770,457,19.11,1027.73,63.80,295.54
185,593,472,771,457,19.11,1027.74,63.81,297.40
186,593,473,771,457,19.12,1027.74,63.84,297.67
187,592,474,771,457,19.12,1027.74,63.86,296.60
188,593,473,771,458,19.13,1027.74,63.88,296.07
189,593,474,772,458,19.13,1027.73,63.88,299.28
190,592,475,772,458,19.14,1027.74,63.89,298.20
191,593,476,773,458,19.14,1027.74,63.90,297.93
192,593,477,772,458,19.15,1027.75,63.91,297.93
193,592,477,773,459,19.15,1027.75,63.90,298.74
194,591,477,773,459,19.16,1027.75,63.91,298.74
195,592,478,774,459,19.16,1027.75,63.90,299.01
196,592,479,773,459,19.17,1027.75,63.88,299.55
197,591,479,774,459,19.17,1027.74,63.90,299.28
198,591,479,774,460,19.18,1027.75,63.85,299.01
199,591,480,775,460,19.18,1027.75,63.85,297.93
200,592,479,775,460,19.18,1027.75,63.84,298.47
201,592,481,775,460,19.19,1027.75,63.81,300.37
202,591,481,776,461,19.19,1027.75,63.79,300.37
203,591,481,776,460,19.20,1027.75,63.78,300.92
204,591,482,775,461,19.20,1027.75,63.76,300.64
205,591,482,776,461,19.21,1027.75,63.74,298.74
206,590,482,776,462,19.21,1027.76,63.72,299.55
207,590,483,776,461,19.21,1027.76,63.67,300.92
208,591,484,776,462,19.22,1027.75,63.66,300.92
209,590,484,777,461,19.22,1027.76,63.62,302.57
210,591,484,777,462,19.22,1027.76,63.61,299.83
211,590,485,777,462,19.23,1027.75,63.58,301.47
212,590,485,778,463,19.23,1027.75,63.54,300.92
213,590,485,777,463,19.23,1027.74,63.51,301.47
214,589,485,778,463,19.24,1027.74,63.49,302.85
215,590,486,778,463,19.24,1027.74,63.47,301.19
216,590,486,777,463,19.24,1027.75,63.42,301.19
217,589,487,778,464,19.24,1027.74,63.38,301.74
218,589,486,779,464,19.25,1027.74,63.36,301.19
219,589,487,778,464,19.25,1027.74,63.34,303.96
220,589,487,779,464,19.25,1027.74,63.29,301.74
221,588,488,779,464,19.26,1027.74,63.24,300.92
222,589,489,779,465,19.26,1027.74,63.23,301.74
223,589,489,779,464,19.26,1027.75,63.18,302.57
224,588,489,779,465,19.27,1027.75,63.16,302.85
225,588,490,779,466,19.27,1027.74,63.11,303.68
226,588,490,779,465,19.27,1027.75,63.08,302.85
227,588,490,780,466,19.28,1027.74,63.06,302.29
228,588,490,779,465,19.28,1027.75,63.02,303.12
229,588,491,780,466,19.28,1027.75,62.98,303.68
230,588,491,779,466,19.28,1027.75,62.94,302.85
231,588,491,779,466,19.29,1027.75,62.91,303.96
232,587,490,780,466,19.29,1027.74,62.88,301.19
233,587,491,780,466,19.29,1027.75,62.85,302.85
234,586,492,780,468,19.30,1027.75,62.82,303.96
235,587,493,780,467,19.30,1027.75,62.78,303.12
236,587,492,781,468,19.30,1027.75,62.75,305.65
237,587,492,781,468,19.30,1027.75,62.71,303.96
238,586,492,780,469,19.30,1027.76,62.67,303.96
239,586,493,780,468,19.31,1027.76,62.63,302.29
240,586,494,781,469,19.31,1027.76,62.61,303.96
241,587,493,781,468,19.31,1027.76,62.57,303.40
242,586,494,781,469,19.31,1027.76,62.53,303.96
243,586,494,781,469,19.32,1027.75,62.49,304.24
244,586,494,781,469,19.32,1027.75,62.49,304.24
245,586,494,781,469,19.32,1027.76,62.42,306.21
246,586,494,781,470,19.32,1027.76,62.40,305.08
247,585,495,782,469,19.33,1027.77,62.37,304.52
248,585,495,781,469,19.33,1027.76,62.34,306.21
249,585,495,781,470,19.33,1027.75,62.29,304.80
250,586,495,780,469,19.33,1027.75,62.27,305.93
251,585,495,781,470,19.33,1027.75,62.24,305.08
252,584,496,782,470,19.34,1027.75,62.21,305.08
253,585,496,781,470,19.34,1027.74,62.18,305.08
254,584,496,782,470,19.34,1027.75,62.14,305.37
255,584,496,781,470,19.34,1027.75,62.11,305.65
256,584,496,781,471,19.34,1027.74,62.06,306.21
257,584,496,781,470,19.35,1027.74,62.05,306.50
258,584,496,781,471,19.35,1027.74,62.01,305.65
259,584,497,781,471,19.35,1027.74,61.99,305.08
260,583,497,782,471,19.35,1027.73,61.94,306.78
261,584,497,782,471,19.35,1027.73,61.91,306.78
262,583,497,782,471,19.36,1027.73,61.88,306.21
263,583,498,781,471,19.36,1027.73,61.86,305.93
264,583,498,781,471,19.36,1027.73,61.82,305.65
265,583,498,782,472,19.36,1027.74,61.80,305.65
266,583,498,782,472,19.36,1027.74,61.77,307.93
267,582,498,782,472,19.37,1027.74,61.74,306.21
268,583,498,781,473,19.37,1027.74,61.70,305.93
269,582,499,782,472,19.37,1027.74,61.67,306.78
270,582,499,782,473,19.37,1027.74,61.65,307.35
271,582,499,782,473,19.37,1027.74,61.62,306.50
272,582,498,783,473,19.37,1027.73,61.59,308.50
273,581,498,782,472,19.37,1027.74,61.56,306.78
274,582,499,782,473,19.38,1027.74,61.53,306.21
275,581,499,782,473,19.38,1027.75,61.51,307.07
276,582,499,782,474,19.38,1027.75,61.47,307.93
277,581,500,782,473,19.38,1027.75,61.46,306.78
278,581,499,782,473,19.38,1027.75,61.42,308.79
279,581,500,783,474,19.38,1027.75,61.39,307.35
280,581,500,782,473,19.39,1027.76,61.37,307.07
281,581,500,782,474,19.39,1027.76,61.34,308.21
282,580,500,783,474,19.39,1027.76,61.32,306.78
283,580,500,782,474,19.39,1027.76,61.28,307.35
284,580,500,782,474,19.39,1027.76,61.25,307.93
285,580,500,782,474,19.39,1027.76,61.22,309.66
286,580,501,783,474,19.40,1027.75,61.21,310.53
287,580,501,783,474,19.40,1027.75,61.17,306.78
288,579,500,782,474,19.40,1027.76,61.16,307.35
289,580,501,782,475,19.40,1027.75,61.11,307.93
290,579,501,783,475,19.40,1027.75,61.10,309.95
291,579,501,782,475,19.40,1027.75,61.08,309.08
292,579,501,783,476,19.40,1027.75,61.05,308.50
293,579,501,783,476,19.40,1027.75,61.02,308.50
294,579,501,782,476,19.41,1027.75,61.00,307.64
295,579,501,782,475,19.41,1027.75,60.97,308.21
296,579,502,782,476,19.41,1027.74,60.95,309.66
297,579,502,783,475,19.41,1027.75,60.92,308.50
298,579,502,783,476,19.41,1027.75,60.92,307.93
299,578,502,782,476,19.41,1027.75,60.89,307.35
300,578,502,782,476,19.41,1027.75,60.87,307.64
301,578,501,783,476,19.42,1027.75,60.84,308.50
302,578,502,782,476,19.42,1027.75,60.82,309.37
303,578,502,782,477,19.42,1027.75,60.79,309.08
304,578,502,782,477,19.42,1027.75,60.76,309.66
305,577,502,782,476,19.42,1027.74,60.75,309.08
306,577,502,782,477,19.42,1027.74,60.72,308.21
307,577,502,782,476,19.42,1027.74,60.68,308.50
308,577,502,782,477,19.43,1027.74,60.68,308.79
309,577,503,781,477,19.43,1027.74,60.66,309.37
310,577,502,782,477,19.43,1027.74,60.64,309.37
311,577,503,783,477,19.43,1027.74,60.60,308.50
312,576,502,782,478,19.43,1027.75,60.59,311.11
313,577,503,782,477,19.43,1027.75,60.57,311.70
314,577,502,782,478,19.43,1027.76,60.54,309.08
315,576,503,782,478,19.43,1027.76,60.53,311.70
316,576,503,782,477,19.44,1027.76,60.49,309.95
317,576,502,782,478,19.44,1027.76,60.47,310.24
318,576,503,782,478,19.44,1027.76,60.47,311.41
319,576,503,782,478,19.44,1027.76,60.43,310.24
320,575,503,781,478,19.44,1027.76,60.42,309.08
321,575,503,782,477,19.44,1027.76,60.39,310.53
322,575,503,782,478,19.44,1027.76,60.36,311.41
323,575,503,782,479,19.44,1027.76,60.36,310.82
324,575,503,782,478,19.44,1027.76,60.33,310.82
325,575,503,782,478,19.45,1027.76,60.31,309.37
326,574,503,782,478,19.45,1027.76,60.28,309.37
327,575,503,782,479,19.45,1027.76,60.27,312.29
328,574,503,782,478,19.45,1027.77,60.25,309.66
329,575,503,782,479,19.45,1027.76,60.23,310.82
330,574,504,781,479,19.45,1027.77,60.21,311.11
331,574,504,782,479,19.45,1027.77,60.19,310.24
332,574,504,781,480,19.45,1027.77,60.18,310.53
333,573,504,781,479,19.45,1027.76,60.17,310.82
334,574,503,782,480,19.46,1027.77,60.14,311.41
335,574,503,781,480,19.46,1027.78,60.12,311.70
336,574,504,781,479,19.46,1027.78,60.11,310.53
337,573,504,782,480,19.46,1027.78,60.09,309.66
338,573,504,782,480,19.46,1027.78,60.06,311.99
339,573,504,782,480,19.46,1027.79,60.05,310.82
340,573,504,782,480,19.46,1027.79,60.03,309.66
341,573,504,782,480,19.46,1027.79,60.01,311.99
342,573,504,782,480,19.46,1027.79,59.99,309.66
343,573,504,782,480,19.47,1027.79,59.98,309.95
344,573,504,781,480,19.47,1027.79,59.96,309.66
345,573,504,782,480,19.47,1027.78,59.93,311.41
346,572,504,782,480,19.47,1027.78,59.93,311.11
347,572,504,782,481,19.47,1027.77,59.90,311.99
348,572,504,781,481,19.47,1027.77,59.89,312.58
349,572,504,782,482,19.47,1027.77,59.85,311.99
350,572,504,782,481,19.47,1027.77,59.84,311.41
351,571,504,781,481,19.47,1027.77,59.84,311.99
352,571,504,781,481,19.48,1027.76,59.82,310.82
353,571,504,781,482,19.48,1027.76,59.81,310.53
354,571,504,782,481,19.48,1027.76,59.78,311.11
355,571,504,781,481,19.48,1027.75,59.76,311.11
356,570,504,781,481,19.48,1027.75,59.74,312.58
357,571,504,782,481,19.48,1027.75,59.72,312.58
358,571,505,781,481,19.48,1027.75,59.72,311.41
359,571,504,782,481,19.48,1027.75,59.70,311.11
360,571,505,781,482,19.48,1027.74,59.69,311.99
361,571,505,781,482,19.49,1027.74,59.67,311.11
362,571,504,781,481,19.49,1027.73,59.66,311.41
363,571,504,782,482,19.49,1027.73,59.62,312.58
364,569,504,782,482,19.49,1027.73,59.62,310.82
365,569,505,782,482,19.49,1027.73,59.60,309.95
366,570,504,782,482,19.49,1027.72,59.58,311.99
367,570,504,782,482,19.49,1027.73,59.56,311.11
368,570,505,781,483,19.50,1027.73,59.54,312.58
369,569,505,781,482,19.50,1027.72,59.54,312.88
370,569,505,781,482,19.50,1027.72,59.52,312.29
371,570,504,781,482,19.50,1027.71,59.51,311.99
372,569,505,781,483,19.50,1027.71,59.49,312.29
373,569,505,781,483,19.50,1027.72,59.49,312.58
374,569,504,780,483,19.50,1027.71,59.47,311.99
375,568,505,781,483,19.50,1027.72,59.45,311.70
376,569,505,781,483,19.50,1027.72,59.43,313.18
377,569,505,781,483,19.51,1027.72,59.41,313.77
378,569,505,781,483,19.51,1027.73,59.40,312.29
379,569,505,780,483,19.51,1027.73,59.39,312.29
380,569,505,782,484,19.51,1027.74,59.37,311.99
381,568,505,780,484,19.51,1027.74,59.34,311.99
382,568,506,780,483,19.51,1027.74,59.33,311.99
383,568,504,781,484,19.51,1027.74,59.32,311.41
384,568,505,780,483,19.51,1027.73,59.31,312.88
385,568,505,781,484,19.51,1027.73,59.30,312.58
386,568,505,780,484,19.51,1027.73,59.29,314.37
387,568,505,780,484,19.52,1027.74,59.27,313.77
388,567,505,780,484,19.52,1027.75,59.26,312.58
389,567,505,781,484,19.52,1027.76,59.23,312.88
390,567,505,781,484,19.52,1027.76,59.23,312.29
391,567,505,781,484,19.52,1027.76,59.21,313.47
392,567,505,780,484,19.52,1027.76,59.22,312.29
393,566,505,781,485,19.52,1027.76,59.18,313.77
394,567,505,781,484,19.52,1027.76,59.18,312.58
395,567,505,780,484,19.52,1027.77,59.18,312.58
396,567,506,780,485,19.52,1027.77,59.14,313.77
397,567,506,781,484,19.53,1027.77,59.13,314.67
398,566,505,781,484,19.53,1027.77,59.12,314.07
399,567,505,780,485,19.53,1027.77,59.12,312.88
400,566,505,780,485,19.53,1027.76,59.10,313.77
401,566,505,780,485,19.53,1027.77,59.08,311.99
402,566,505,780,485,19.53,1027.77,59.08,313.47
403,566,505,780,485,19.53,1027.77,59.05,315.57
404,566,505,780,486,19.53,1027.77,59.04,312.88
405,566,505,780,485,19.53,1027.77,59.02,311.99
406,566,505,780,486,19.53,1027.77,59.02,314.37
407,566,505,780,485,19.53,1027.77,58.99,313.18
408,566,506,780,485,19.53,1027.77,58.99,313.18
409,565,505,780,485,19.53,1027.77,58.96,315.87
410,565,505,780,486,19.54,1027.77,58.96,312.58
411,565,505,780,485,19.54,1027.77,58.94,314.07
412,565,505,780,486,19.54,1027.77,58.94,315.57
413,565,505,779,486,19.54,1027.78,58.92,313.18
414,565,505,779,486,19.54,1027.77,58.91,315.87
415,565,505,780,486,19.54,1027.78,58.89,315.27
416,565,505,780,485,19.54,1027.78,58.89,314.37
417,564,505,780,486,19.54,1027.78,58.87,313.77
418,565,505,779,487,19.54,1027.78,58.86,313.18
419,564,505,780,486,19.54,1027.77,58.84,312.88
420,564,505,780,486,19.54,1027.77,58.84,312.88
421,564,505,780,486,19.55,1027.77,58.83,314.07
422,564,505,779,487,19.55,1027.77,58.81,315.57
423,564,506,779,486,19.55,1027.77,58.80,314.67
424,564,505,780,486,19.55,1027.77,58.79,314.07
425,564,505,780,487,19.55,1027.77,58.78,315.57
426,563,505,779,487,19.55,1027.77,58.74,314.07
427,564,505,779,487,19.55,1027.77,58.75,314.37
428,563,505,780,486,19.55,1027.77,58.72,313.77
429,564,505,780,486,19.55,1027.76,58.74,313.77
430,563,505,779,487,19.55,1027.76,58.71,314.67
431,563,506,779,487,19.55,1027.76,58.71,312.29
432,563,505,779,487,19.55,1027.76,58.69,314.37
433,563,505,779,486,19.55,1027.76,58.67,314.37
434,562,505,779,487,19.55,1027.75,58.67,313.18
435,563,505,779,487,19.55,1027.75,58.64,314.97
436,563,505,779,488,19.55,1027.76,58.64,313.77
437,563,505,779,488,19.56,1027.76,58.63,312.88
438,563,505,779,487,19.56,1027.76,58.64,314.07
439,562,506,779,488,19.56,1027.76,58.62,313.77
440,562,505,779,487,19.56,1027.76,58.58,315.87
441,562,505,779,488,19.56,1027.76,58.58,313.18
442,561,505,779,488,19.56,1027.76,58.58,313.77
443,562,505,779,487,19.56,1027.76,58.56,315.27
444,561,506,779,488,19.56,1027.76,58.56,315.87
445,561,505,780,488,19.56,1027.76,58.54,313.77
446,561,505,779,488,19.56,1027.77,58.54,313.77
447,561,505,779,489,19.56,1027.77,58.52,314.97
448,561,505,780,488,19.56,1027.76,58.51,314.37
449,561,506,779,488,19.56,1027.76,58.50,315.27
450,562,505,778,488,19.56,1027.75,58.48,314.67
451,561,505,779,488,19.56,1027.75,58.48,314.07
452,561,505,779,488,19.56,1027.75,58.47,315.57
453,562,505,779,489,19.57,1027.75,58.46,314.97
454,560,505,779,488,19.57,1027.75,58.45,316.78
455,561,505,779,488,19.57,1027.75,58.44,314.67
456,561,505,779,488,19.57,1027.74,58.42,315.87
457,561,505,778,489,19.57,1027.75,58.42,315.57
458,561,506,778,489,19.57,1027.75,58.40,313.77
459,560,505,779,489,19.57,1027.75,58.41,314.97
460,560,505,778,489,19.57,1027.75,58.39,314.37
461,560,505,779,490,19.57,1027.74,58.37,314.97
462,560,505,778,490,19.57,1027.74,58.37,316.17
463,559,505,778,489,19.57,1027.74,58.35,315.27
464,560,505,778,489,19.57,1027.74,58.34,316.78
465,560,505,779,489,19.57,1027.74,58.32,314.37
466,559,505,779,489,19.58,1027.74,58.33,315.87
467,560,504,778,490,19.58,1027.74,58.31,315.57
468,560,505,778,489,19.58,1027.73,58.30,314.97
469,559,505,778,490,19.58,1027.74,58.30,315.87
470,560,505,778,490,19.58,1027.74,58.28,317.08
471,559,505,778,490,19.58,1027.74,58.27,315.27
472,560,505,778,490,19.58,1027.75,58.26,314.37
473,559,505,778,489,19.58,1027.75,58.25,315.27
474,558,505,779,489,19.58,1027.75,58.25,316.17
475,559,505,779,490,19.58,1027.75,58.23,316.47
476,559,505,777,489,19.58,1027.75,58.23,315.57
477,559,505,777,490,19.58,1027.75,58.21,317.39
478,559,505,778,491,19.58,1027.75,58.20,315.87
479,559,504,778,490,19.58,1027.75,58.20,316.78
480,559,505,778,491,19.58,1027.75,58.16,315.87
481,558,505,779,491,19.58,1027.75,58.16,316.17
482,559,504,778,491,19.58,1027.75,58.16,316.17
483,559,505,778,490,19.58,1027.75,58.16,315.87
484,558,505,778,491,19.58,1027.75,58.16,316.17
485,558,505,778,491,19.59,1027.75,58.14,315.27
486,558,505,778,491,19.59,1027.75,58.14,316.17
487,557,504,777,491,19.59,1027.76,58.11,314.67
488,558,505,778,491,19.59,1027.76,58.11,314.97
489,557,505,778,491,19.59,1027.76,58.10,317.39
490,557,505,777,491,19.59,1027.76,58.09,316.47
491,558,505,778,491,19.59,1027.76,58.08,314.97
492,558,505,777,490,19.59,1027.77,58.07,315.87
493,557,505,777,491,19.59,1027.77,58.07,314.97
494,557,505,778,491,19.59,1027.77,58.06,317.39
495,557,505,777,491,19.59,1027.77,58.04,314.97
496,557,504,778,491,19.60,1027.77,58.02,316.47
497,557,505,777,492,19.60,1027.77,58.03,316.47
498,557,505,777,492,19.60,1027.77,58.03,317.08
499,557,505,778,491,19.60,1027.77,58.02,315.87
500,557,504,778,492,19.60,1027.29,57.99,314.97
501,554,504,776,487,19.59,1026.83,57.98,315.57
502,541,500,774,480,19.59,1026.49,57.97,320.77
503,524,495,770,473,19.58,1026.23,57.96,326.15
504,505,489,765,466,19.56,1026.06,57.91,330.72
505,487,484,760,461,19.54,1025.91,57.84,337.82
506,471,479,755,454,19.52,1025.80,57.76,346.68
507,455,474,750,449,19.49,1025.72,57.66,353.35
508,440,469,746,445,19.47,1025.66,57.54,359.49
509,428,464,740,440,19.45,1025.62,57.40,365.86
510,417,459,735,436,19.42,1025.58,57.24,373.72
511,406,453,730,433,19.40,1025.55,57.09,379.78
512,397,450,726,429,19.38,1025.54,56.91,385.44
513,388,445,721,425,19.35,1025.52,56.76,390.14
514,380,440,717,422,19.33,1025.51,56.58,397.06
515,373,436,714,419,19.30,1025.49,56.40,400.85
516,366,431,709,416,19.28,1025.49,56.23,408.41
517,360,428,705,413,19.26,1025.48,56.05,410.90
518,354,423,701,411,19.24,1025.47,55.86,417.02
519,348,420,697,409,19.22,1025.47,55.71,418.85
520,344,416,694,407,19.20,1025.47,55.53,424.67
521,339,412,690,404,19.18,1025.46,55.37,428.74
522,334,409,685,402,19.17,1025.46,55.19,432.88
523,331,405,682,401,19.15,1025.45,55.04,435.97
524,327,402,679,398,19.13,1025.46,54.89,439.39
525,323,398,676,396,19.12,1025.45,54.72,440.25
526,319,395,672,394,19.10,1025.43,54.57,444.33
527,316,391,668,393,19.09,1025.43,54.42,449.38
528,313,389,666,392,19.07,1025.42,54.28,452.11
529,310,385,663,390,19.06,1025.43,54.16,456.10
530,308,382,659,389,19.05,1025.42,54.01,456.40
531,304,379,657,388,19.04,1025.42,53.89,459.53
532,301,376,653,386,19.02,1025.42,53.76,459.53
533,298,373,651,385,19.01,1025.42,53.65,464.29
534,296,370,648,384,19.00,1025.43,53.53,470.14
535,294,368,645,383,18.99,1025.43,53.42,468.17
536,292,365,642,382,18.98,1025.43,53.30,470.47
537,290,362,640,381,18.97,1025.43,53.21,474.12
538,288,360,637,380,18.96,1025.44,53.09,473.45
539,286,357,635,380,18.95,1025.44,53.01,475.46
540,284,356,633,379,18.95,1025.44,52.92,474.12
541,282,353,630,378,18.94,1025.43,52.82,478.51
542,281,351,628,377,18.93,1025.43,52.75,478.85
543,279,348,626,377,18.92,1025.43,52.68,483.68
544,277,346,623,376,18.92,1025.43,52.62,484.37
545,275,344,621,374,18.91,1025.43,52.54,486.13
546,273,341,619,374,18.90,1025.43,52.49,489.31
547,272,339,616,373,18.90,1025.43,52.41,490.38
548,271,337,614,373,18.89,1025.42,52.35,493.99
549,268,335,612,372,18.88,1025.43,52.29,494.72
550,267,332,610,371,18.88,1025.42,52.19,495.08
551,265,331,608,370,18.87,1025.42,52.14,496.55
552,264,329,606,370,18.86,1025.42,52.08,497.65
553,263,326,604,370,18.86,1025.41,52.02,499.50
554,262,325,602,368,18.85,1025.41,51.95,501.74
555,261,323,601,368,18.85,1025.41,51.91,503.62
556,259,321,598,368,18.84,1025.41,51.83,504.75
557,258,319,596,366,18.83,1025.41,51.79,503.24
558,256,318,594,366,18.83,1025.41,51.72,505.51
559,256,316,592,366,18.82,1025.41,51.68,508.57
560,254,314,591,364,18.82,1025.40,51.61,507.04
561,253,312,589,365,18.81,1025.41,51.57,508.57
562,252,310,587,365,18.81,1025.40,51.52,514.02
563,251,308,586,363,18.81,1025.40,51.48,510.51
564,250,307,584,363,18.80,1025.41,51.43,515.60
565,249,305,583,362,18.80,1025.41,51.38,515.60
566,247,304,581,363,18.79,1025.42,51.33,519.59
567,247,303,579,362,18.79,1025.43,51.29,514.81
568,247,300,577,362,18.78,1025.43,51.25,517.99
569,245,299,576,360,18.78,1025.43,51.22,518.79
570,244,298,574,360,18.78,1025.43,51.17,519.59
571,244,297,573,361,18.77,1025.43,51.13,517.19
572,242,295,571,360,18.77,1025.43,51.10,517.59
573,242,294,570,359,18.77,1025.44,51.06,521.20
574,241,292,569,359,18.76,1025.45,51.02,522.01
575,241,291,567,359,18.76,1025.44,50.99,521.61
576,240,290,566,359,18.76,1025.43,50.96,522.82
577,238,288,564,358,18.75,1025.43,50.93,525.69
578,238,287,562,358,18.75,1025.42,50.90,526.51
579,236,285,561,357,18.75,1025.43,50.88,523.64
580,236,284,561,357,18.75,1025.43,50.84,525.69
581,235,283,558,357,18.74,1025.43,50.80,526.51
582,234,281,557,357,18.74,1025.43,50.78,526.10
583,234,280,557,357,18.74,1025.43,50.76,527.34
584,233,279,554,356,18.73,1025.43,50.73,531.93
585,233,278,553,356,18.73,1025.43,50.73,532.77
586,232,276,552,355,18.73,1025.43,50.68,529.83
587,231,275,551,354,18.73,1025.43,50.66,530.25
588,231,274,550,355,18.72,1025.43,50.64,531.93
589,229,273,548,355,18.72,1025.43,50.62,533.20
590,230,272,547,354,18.72,1025.43,50.60,532.77
591,229,270,546,354,18.72,1025.44,50.56,531.93
592,228,269,545,354,18.71,1025.44,50.54,532.35
593,227,269,544,354,18.71,1025.43,50.53,537.03
594,227,267,543,353,18.71,1025.43,50.52,537.46
595,225,266,542,354,18.71,1025.43,50.49,537.89
596,226,265,540,353,18.71,1025.43,50.48,539.62
597,225,264,538,352,18.70,1025.44,50.47,537.03
598,225,263,538,352,18.70,1025.44,50.45,536.60
599,224,262,537,352,18.70,1025.43,50.43,537.03
600,223,261,536,352,18.70,1025.43,50.40,534.89
601,223,260,535,352,18.70,1025.43,50.39,541.36
602,222,259,533,351,18.69,1025.43,50.38,540.05
603,222,258,533,351,18.69,1025.43,50.37,537.03
604,220,258,532,352,18.69,1025.43,50.36,541.36
605,220,256,531,351,18.69,1025.43,50.35,542.67
606,221,256,530,351,18.68,1025.44,50.32,542.67
607,219,254,528,352,18.68,1025.44,50.31,542.23
608,219,253,528,350,18.68,1025.44,50.28,544.87
609,219,252,527,350,18.68,1025.45,50.29,542.67
610,219,251,526,350,18.68,1025.46,50.26,543.11
611,217,250,525,351,18.68,1025.47,50.25,543.99
612,217,250,524,349,18.67,1025.47,50.24,543.99
613,217,249,522,349,18.67,1025.47,50.23,544.87
614,216,248,522,350,18.67,1025.48,50.22,546.20
615,216,247,521,349,18.67,1025.49,50.21,545.32
616,215,246,520,350,18.67,1025.49,50.19,545.76
617,214,246,519,349,18.66,1025.49,50.19,543.99
618,215,244,518,350,18.66,1025.49,50.15,546.65
619,214,244,517,350,18.66,1025.50,50.17,547.98
620,214,243,517,349,18.66,1025.49,50.16,551.13
621,214,242,515,349,18.66,1025.50,50.15,545.32
622,213,241,515,349,18.66,1025.51,50.13,545.32
623,213,240,514,349,18.65,1025.51,50.12,546.65
624,212,239,513,348,18.65,1025.50,50.11,547.54
625,212,239,513,348,18.65,1025.49,50.10,552.49
626,212,238,512,348,18.65,1025.49,50.10,550.23
627,211,237,510,349,18.65,1025.49,50.10,549.33
628,210,237,509,349,18.64,1025.49,50.09,552.04
629,210,236,509,349,18.64,1025.49,50.08,551.13
630,210,236,508,348,18.64,1025.49,50.08,553.86
631,210,235,508,349,18.64,1025.49,50.06,551.13
632,209,234,506,348,18.64,1025.49,50.05,552.04
633,209,233,506,349,18.64,1025.50,50.04,552.49
634,208,232,506,348,18.64,1025.50,50.06,552.04
635,208,231,505,348,18.63,1025.49,50.06,551.13
636,207,231,504,348,18.63,1025.48,50.04,552.49
637,207,230,503,348,18.63,1025.48,50.02,558.46
638,207,229,503,348,18.63,1025.47,50.02,553.86
639,206,229,502,348,18.63,1025.48,50.02,551.13
640,206,228,501,347,18.63,1025.48,50.01,555.69
641,206,228,500,348,18.62,1025.48,50.00,556.15
642,205,226,500,348,18.62,1025.48,50.00,557.53
643,205,226,499,348,18.62,1025.46,49.99,555.23
644,204,226,498,347,18.62,1025.46,49.98,553.40
645,204,225,497,347,18.62,1025.46,49.98,556.61
646,204,224,496,347,18.62,1025.45,49.99,558.46
647,204,224,496,347,18.62,1025.46,49.97,557.07
648,203,223,495,347,18.62,1025.45,49.96,555.23
649,202,222,494,346,18.62,1025.46,49.96,557.07
650,202,222,493,347,18.61,1025.46,49.95,557.53
651,202,222,493,347,18.61,1025.45,49.93,557.07
652,202,221,493,347,18.61,1025.46,49.94,557.53
653,202,220,492,347,18.61,1025.46,49.93,559.39
654,202,219,491,347,18.61,1025.46,49.93,557.53
655,201,219,490,347,18.61,1025.46,49.91,558.46
656,200,218,489,346,18.61,1025.47,49.91,559.86
657,200,218,489,346,18.60,1025.47,49.91,557.07
658,200,217,489,346,18.60,1025.47,49.92,560.32
659,200,217,488,346,18.60,1025.48,49.91,561.26
660,200,216,487,346,18.60,1025.47,49.89,557.53
661,199,216,487,346,18.60,1025.48,49.90,560.32
662,199,215,486,346,18.60,1025.49,49.91,560.79
663,199,214,486,346,18.60,1025.50,49.89,561.73
664,199,214,484,347,18.60,1025.49,49.89,561.26
665,198,213,484,345,18.60,1025.49,49.87,559.86
666,198,212,484,345,18.60,1025.48,49.87,566.47
667,198,212,483,346,18.60,1025.47,49.87,558.46
668,197,212,482,345,18.60,1025.47,49.87,561.26
669,197,211,482,346,18.59,1025.47,49.87,563.14
670,197,211,481,345,18.59,1025.47,49.85,563.61
671,197,210,481,346,18.59,1025.47,49.85,561.73
672,196,210,481,345,18.59,1025.47,49.85,565.99
673,196,209,480,345,18.59,1025.47,49.85,569.83
674,196,209,478,346,18.59,1025.47,49.85,562.67
675,195,209,479,345,18.59,1025.45,49.85,563.61
676,195,208,477,345,18.58,1025.45,49.83,568.86
677,195,207,477,345,18.58,1025.44,49.83,567.42
678,195,207,476,345,18.58,1025.44,49.83,562.67
679,195,207,476,347,18.58,1025.44,49.83,564.56
680,195,206,476,347,18.58,1025.44,49.83,565.99
681,195,206,477,348,18.58,1025.44,49.82,563.14
682,195,206,475,349,18.58,1025.43,49.83,568.38
683,195,205,475,349,18.58,1025.44,49.81,566.94
684,194,205,474,349,18.58,1025.43,49.82,569.83
685,193,205,473,348,18.58,1025.43,49.81,566.47
686,193,204,473,349,18.58,1025.42,49.81,567.42
687,193,203,473,349,18.58,1025.43,49.81,564.09
688,193,202,472,348,18.57,1025.42,49.80,568.38
689,192,203,471,348,18.57,1025.41,49.81,566.94
690,192,201,471,348,18.57,1025.42,49.80,568.86
691,191,201,470,348,18.57,1025.42,49.80,568.38
692,191,200,470,348,18.57,1025.42,49.81,566.47
693,191,200,469,347,18.57,1025.42,49.80,570.80
694,191,199,469,347,18.57,1025.42,49.79,568.86
695,190,200,468,347,18.57,1025.43,49.79,567.42
696,191,199,467,346,18.57,1025.43,49.79,569.83
697,190,198,467,346,18.57,1025.43,49.79,568.86
698,189,199,466,346,18.57,1025.44,49.78,568.38
699,189,198,465,346,18.56,1025.44,49.79,569.35
700,189,197,465,346,18.56,1025.45,49.78,572.74
701,189,197,465,345,18.56,1025.45,49.77,570.80
702,189,197,465,346,18.56,1025.46,49.77,565.99
703,189,196,464,346,18.56,1025.46,49.77,571.77
704,189,196,463,346,18.56,1025.46,49.77,571.77
705,188,195,463,345,18.56,1025.45,49.76,571.77
706,188,195,462,345,18.56,1025.45,49.76,569.83
707,188,195,462,346,18.56,1025.46,49.77,572.74
708,188,194,462,346,18.56,1025.46,49.74,573.72
709,188,194,462,346,18.56,1025.47,49.76,572.25
710,188,194,460,346,18.56,1025.48,49.74,570.80
711,187,193,461,345,18.56,1025.47,49.75,571.77
712,187,193,460,346,18.56,1025.48,49.73,572.25
713,187,193,459,345,18.55,1025.49,49.75,571.77
714,187,192,460,345,18.55,1025.48,49.74,574.70
715,186,191,458,345,18.55,1025.48,49.74,573.23
716,186,191,458,346,18.55,1025.47,49.74,573.72
717,186,190,459,346,18.55,1025.46,49.73,572.25
718,185,190,457,345,18.55,1025.45,49.74,570.80
719,185,190,457,345,18.55,1025.45,49.72,572.25
720,184,190,456,345,18.55,1025.45,49.73,572.25
721,184,189,456,345,18.55,1025.45,49.73,573.23
722,185,189,456,345,18.55,1025.45,49.72,574.70
723,185,189,455,345,18.55,1025.44,49.72,573.72
724,185,188,454,345,18.55,1025.45,49.71,575.69
725,185,188,455,345,18.55,1025.45,49.71,572.74
726,184,187,454,345,18.55,1025.45,49.72,571.77
727,184,187,454,345,18.55,1025.46,49.72,573.72
728,184,187,453,345,18.55,1025.46,49.70,573.72
729,183,186,453,345,18.55,1025.46,49.72,574.70
730,183,186,453,345,18.55,1025.45,49.70,574.21
731,183,186,451,344,18.55,1025.45,49.71,570.80
732,183,186,452,344,18.55,1025.44,49.71,571.77
733,183,185,452,344,18.54,1025.45,49.70,573.72
734,182,184,451,344,18.54,1025.45,49.70,574.70
735,183,185,450,344,18.54,1025.44,49.71,574.70
736,182,184,450,344,18.54,1025.44,49.70,577.67
737,182,184,450,344,18.54,1025.45,49.70,579.16
738,182,183,449,344,18.54,1025.45,49.70,575.69
739,182,183,449,344,18.54,1025.46,49.71,577.17
740,182,182,448,344,18.54,1025.45,49.69,581.17
741,182,183,448,344,18.54,1025.46,49.70,576.18
742,181,183,448,343,18.54,1025.46,49.70,574.70
743,181,183,447,344,18.54,1025.46,49.71,573.72
744,181,182,446,344,18.54,1025.47,49.70,580.66
745,180,182,446,343,18.54,1025.47,49.68,575.20
746,181,181,446,343,18.54,1025.47,49.69,573.72
747,181,181,446,344,18.54,1025.47,49.68,578.66
748,180,181,446,344,18.54,1025.47,49.69,578.66
749,180,180,445,344,18.54,1025.47,49.68,578.66
