Count,S1,S2,S3,S4,S5,S6,S7,S8,S9,S10,Flag
1,2248,1666,1457,1470,2344,608,845,2902,2917,938,0
2,2245,1662,1457,1469,2347,608,844,2870,2916,938,0
3,2244,1662,1458,1472,2347,606,847,2791,2917,939,0
4,2244,1659,1458,1468,2347,607,846,2739,2916,938,0
5,2247,1669,1457,1472,2345,608,848,2771,2918,939,0
6,2256,1678,1458,1472,2347,605,846,2843,2916,938,0
7,2254,1668,1459,1469,2351,606,847,2895,2918,938,0
8,2246,1657,1457,1472,2347,607,848,2891,2918,939,0
9,2252,1674,1458,1468,2348,605,848,2799,2918,938,0
10,2248,1670,1458,1469,2347,605,847,2740,2918,939,0
11,2247,1670,1459,1472,2346,608,847,2768,2918,938,0
12,2253,1673,1458,1472,2347,608,848,2842,2918,939,0
13,2253,1675,1457,1472,2348,606,847,2894,2918,939,0
14,2253,1666,1457,1469,2347,606,845,2899,2916,940,0
15,2248,1650,1458,1472,2347,606,849,2850,2918,939,0
16,2248,1671,1459,1470,2346,608,847,2768,2919,939,0
17,2253,1666,1458,1469,2346,605,844,2744,2918,940,0
18,2255,1673,1457,1470,2342,608,846,2788,2918,939,0
19,2249,1667,1459,1469,2352,606,846,2856,2918,938,0
20,2248,1657,1458,1470,2348,608,844,2893,2918,938,0
21,2248,1669,1458,1469,2347,608,847,2891,2919,938,1
22,2253,1669,1459,1469,2348,606,846,2829,2920,939,1
23,2252,1672,1459,1472,2350,608,846,2754,2918,939,1
24,2251,1661,1460,1473,2347,606,847,2744,2920,938,1
25,2246,1667,1458,1472,2350,608,846,2810,2918,938,1
26,2286,1671,1459,1472,2347,606,848,2875,2918,939,1
27,2249,1650,1459,1470,2347,606,848,2899,2919,938,1
28,2246,1655,1458,1474,2350,607,848,2881,2919,940,1
29,2246,1668,1458,1472,2349,608,848,2806,2920,940,1
30,2234,1666,1460,1472,2349,606,846,2744,2921,940,1
31,2248,1670,1458,1473,2347,606,846,2767,2920,941,1
32,2227,1667,1460,1473,2349,608,846,2835,2918,939,1
33,2245,1667,1457,1474,2344,608,847,2894,2920,939,1
34,2223,1668,1460,1474,2350,608,847,2901,2919,939,1
35,2251,1672,1459,1475,2349,616,848,2858,2919,940,1
36,2231,1666,1459,1476,2350,606,850,2779,2921,942,1
37,2258,1670,1458,1474,2350,608,850,2748,2920,940,1
38,2241,1667,1461,1478,2349,608,850,2782,2920,940,1
39,2219,1667,1460,1476,2349,608,849,2857,2921,940,1
40,2255,1673,1461,1477,2350,608,851,2902,2921,941,1
41,2244,1668,1467,1479,2351,608,851,2903,2920,941,1
42,2226,1667,1459,1481,2349,606,853,2838,2922,943,1
43,2250,1670,1460,1482,2350,607,854,2767,2920,944,1
44,2253,1669,1461,1484,2345,606,855,2758,2923,944,1
45,2244,1670,1467,1485,2350,608,855,2818,2922,944,1
46,2256,1674,1460,1487,2350,606,858,2874,2924,952,1
47,2251,1672,1461,1490,2351,607,862,2901,2922,947,1
48,2250,1664,1461,1490,2350,599,861,2888,2924,948,1
49,2250,1658,1463,1491,2352,608,863,2811,2926,948,1
50,2252,1654,1462,1490,2352,608,862,2755,2925,949,1
51,2268,1672,1462,1493,2350,608,865,2771,2927,949,1
52,2278,1674,1462,1496,2352,609,868,2836,2927,951,1
53,2255,1668,1463,1499,2353,607,867,2895,2930,952,1
54,2258,1669,1462,1502,2351,608,869,2900,2930,952,1
55,2255,1667,1462,1501,2353,610,870,2867,2929,953,1
56,2261,1677,1464,1502,2351,608,874,2802,2929,953,1
57,2265,1674,1462,1507,2354,613,875,2763,2931,956,1
58,2252,1670,1462,1508,2354,608,876,2791,2931,956,1
59,2256,1673,1461,1512,2353,609,878,2863,2932,957,1
60,2253,1673,1461,1512,2352,610,881,2911,2932,957,1
61,2259,1660,1464,1515,2352,608,882,2906,2934,958,1
62,2261,1657,1464,1525,2354,607,883,2853,2935,958,1
63,2267,1672,1456,1518,2354,607,884,2779,2936,960,1
64,2270,1673,1464,1519,2354,610,886,2768,2935,960,1
65,2266,1672,1466,1522,2354,610,887,2822,2937,964,1
66,2264,1686,1465,1523,2355,610,890,2887,2937,961,1
67,2268,1681,1467,1516,2354,606,891,2915,2939,965,1
68,2258,1672,1464,1527,2356,607,894,2905,2939,964,1
69,2262,1673,1464,1528,2353,610,896,2836,2939,966,1
70,2264,1675,1465,1529,2355,610,899,2781,2939,965,1
71,2260,1665,1466,1531,2355,609,899,2778,2942,966,1
72,2262,1670,1466,1532,2355,606,900,2843,2939,966,1
73,2268,1675,1466,1532,2356,610,900,2898,2944,968,1
74,2266,1673,1466,1539,2356,609,901,2908,2942,967,1
75,2269,1675,1467,1536,2356,610,902,2887,2944,968,1
76,2272,1676,1467,1541,2358,609,904,2814,2945,969,1
77,2231,1672,1467,1539,2358,609,905,2778,2946,967,1
78,2270,1679,1467,1540,2358,609,905,2796,2941,968,1
79,2268,1681,1468,1542,2357,609,907,2864,2946,970,1
80,2270,1657,1468,1543,2358,608,908,2906,2947,972,1
81,2280,1678,1467,1542,2357,609,909,2913,2948,970,1
82,2271,1675,1469,1544,2366,607,911,2861,2947,973,1
83,2276,1682,1468,1544,2358,618,910,2795,2948,972,1
84,2280,1677,1469,1545,2360,607,911,2780,2950,972,1
85,2280,1677,1472,1546,2360,610,908,2828,2952,971,1
86,2277,1679,1473,1546,2360,609,914,2886,2949,977,1
87,2275,1679,1470,1547,2360,610,905,2909,2950,974,1
88,2285,1678,1473,1548,2359,610,913,2905,2950,974,1
89,2279,1677,1469,1549,2360,610,912,2837,2951,971,1
90,2274,1675,1472,1550,2360,609,913,2778,2952,974,1
91,2282,1680,1472,1550,2361,609,912,2787,2952,974,1
92,2288,1680,1475,1551,2362,610,915,2851,2952,974,1
93,2275,1680,1473,1550,2362,610,915,2903,2952,976,1
94,2281,1656,1474,1550,2361,610,918,2917,2952,974,1
95,2275,1671,1475,1550,2362,610,914,2888,2952,974,1
96,2280,1678,1474,1552,2363,609,915,2816,2953,974,1
97,2282,1676,1473,1552,2363,611,913,2775,2952,974,1
98,2285,1681,1474,1553,2362,607,914,2806,2954,976,1
99,2264,1682,1475,1551,2362,611,915,2872,2953,975,1
100,2283,1681,1475,1554,2363,610,914,2917,2952,971,1
101,2246,1678,1474,1552,2363,610,915,2922,2954,974,1
102,2268,1680,1476,1554,2364,610,914,2873,2952,973,1
103,2282,1666,1474,1557,2363,611,912,2794,2952,973,1
104,2281,1674,1478,1550,2363,608,913,2775,2954,973,1
105,2281,1678,1474,1552,2363,610,913,2821,2953,974,1
106,2282,1678,1477,1551,2363,609,911,2884,2954,971,1
107,2285,1704,1477,1550,2364,610,908,2918,2952,972,1
108,2281,1684,1477,1549,2363,610,909,2912,2952,970,1
109,2284,1680,1477,1546,2364,610,906,2841,2952,970,1
110,2286,1683,1478,1548,2363,610,906,2770,2952,970,1
111,2316,1683,1478,1547,2365,610,906,2772,2951,970,1
112,2295,1682,1479,1544,2366,610,902,2839,2950,968,1
113,2290,1692,1478,1544,2369,611,901,2902,2948,968,1
114,2291,1688,1478,1540,2366,611,899,2916,2950,969,1
115,2298,1683,1478,1540,2365,610,898,2886,2952,968,1
116,2290,1687,1476,1538,2368,611,897,2805,2947,968,1
117,2286,1671,1480,1544,2366,611,892,2762,2948,967,1
118,2290,1682,1477,1531,2374,610,889,2788,2947,968,1
119,2288,1682,1480,1529,2368,612,887,2864,2947,966,1
120,2291,1680,1478,1528,2365,609,886,2910,2947,968,1
121,2279,1682,1478,1526,2370,611,884,2918,2947,964,2
122,2286,1684,1479,1523,2363,610,881,2860,2946,965,2
123,2287,1679,1480,1521,2368,610,880,2775,2946,965,2
124,2314,1683,1480,1521,2369,610,880,2756,2945,965,2
125,2302,1687,1481,1516,2368,611,877,2806,2945,963,2
126,2296,1694,1480,1513,2368,610,876,2875,2944,964,2
127,2294,1689,1482,1513,2370,611,872,2909,2942,963,2
128,2289,1688,1479,1512,2369,611,872,2896,2939,963,2
129,2290,1689,1480,1511,2370,612,869,2820,2941,962,2
130,2289,1675,1480,1507,2370,611,868,2752,2939,960,2
131,2294,1683,1480,1506,2371,610,866,2754,2939,962,2
132,2294,1686,1480,1504,2371,611,862,2834,2938,962,2
133,2261,1684,1479,1499,2371,611,861,2893,2938,960,2
134,2289,1687,1480,1499,2371,612,860,2907,2937,960,2
135,2291,1690,1481,1498,2370,612,859,2877,2937,960,2
136,2289,1684,1482,1495,2371,611,856,2788,2938,956,2
137,2310,1683,1482,1493,2371,611,853,2740,2936,958,2
138,2295,1697,1482,1491,2370,611,854,2770,2938,957,2
139,2305,1691,1486,1494,2374,614,851,2849,2935,955,2
140,2300,1692,1484,1488,2374,612,850,2898,2936,958,2
141,2305,1694,1483,1483,2374,613,847,2902,2934,956,2
142,2304,1690,1486,1478,2375,612,844,2839,2936,955,2
143,2300,1690,1483,1474,2374,613,843,2753,2934,955,2
144,2300,1691,1483,1470,2372,614,839,2736,2933,952,2
145,2297,1694,1484,1464,2374,613,834,2790,2932,954,2
146,2298,1691,1484,1460,2374,614,833,2862,2932,953,2
147,2299,1694,1483,1455,2374,613,827,2896,2931,951,2
148,2298,1689,1483,1452,2374,612,826,2887,2930,952,2
149,2298,1689,1483,1450,2373,613,822,2795,2929,950,2
150,2298,1690,1483,1442,2374,614,817,2724,2927,949,2
151,2295,1691,1483,1440,2373,612,814,2730,2928,948,2
152,2296,1690,1483,1435,2374,612,808,2810,2926,947,2
153,2296,1691,1481,1431,2374,614,806,2873,2923,946,2
154,2295,1690,1482,1427,2373,613,799,2889,2923,943,2
155,2297,1690,1481,1423,2371,612,797,2850,2923,944,2
156,2297,1690,1482,1420,2372,612,795,2747,2921,943,2
157,2296,1690,1483,1415,2371,612,789,2700,2920,942,2
158,2294,1692,1482,1412,2372,613,787,2742,2918,941,2
159,2294,1689,1481,1410,2372,613,783,2830,2917,938,2
160,2296,1690,1481,1404,2371,612,779,2880,2916,937,2
161,2293,1688,1482,1400,2371,612,777,2883,2914,937,2
162,2296,1689,1482,1395,2371,612,773,2800,2915,937,2
163,2298,1690,1481,1393,2372,611,770,2704,2913,935,2
164,2294,1688,1481,1388,2370,614,765,2693,2912,934,2
165,2296,1690,1480,1386,2372,612,760,2767,2909,933,2
166,2293,1690,1481,1384,2372,612,757,2844,2908,931,2
167,2296,1686,1481,1381,2371,611,755,2877,2907,931,2
168,2294,1690,1479,1378,2370,613,751,2860,2904,929,2
169,2293,1685,1479,1376,2370,612,750,2750,2903,929,2
170,2292,1687,1480,1370,2370,610,745,2674,2902,926,2
171,2295,1686,1480,1367,2371,612,741,2697,2901,925,2
172,2291,1685,1480,1365,2370,610,739,2791,2899,927,2
173,2293,1689,1478,1362,2370,611,738,2858,2898,924,2
174,2290,1688,1479,1360,2369,612,734,2870,2897,925,2
175,2292,1684,1478,1356,2370,612,729,2814,2896,924,2
176,2293,1688,1480,1353,2370,611,727,2707,2895,923,2
177,2290,1685,1480,1352,2369,610,723,2662,2894,921,2
178,2293,1685,1479,1349,2370,611,722,2720,2894,920,2
179,2290,1685,1479,1347,2370,612,720,2812,2891,920,2
180,2292,1685,1478,1344,2370,612,717,2862,2890,918,2
181,2296,1684,1479,1341,2370,610,716,2863,2888,917,2
182,2291,1684,1480,1337,2368,610,714,2766,2888,917,2
183,2291,1685,1477,1336,2369,610,711,2664,2886,916,2
184,2287,1683,1477,1334,2365,612,710,2664,2885,914,2
185,2291,1685,1477,1330,2368,611,707,2749,2883,913,2
186,2293,1687,1477,1329,2368,611,703,2831,2882,914,2
187,2287,1682,1476,1326,2368,611,702,2861,2880,912,2
188,2289,1684,1476,1325,2366,610,699,2839,2880,912,2
189,2287,1683,1475,1326,2366,611,697,2718,2877,911,2
190,2287,1682,1475,1321,2368,611,695,2646,2874,909,2
191,2289,1684,1475,1320,2369,610,692,2677,2875,910,2
192,2289,1684,1475,1318,2366,611,692,2778,2872,908,2
193,2290,1681,1477,1316,2368,609,691,2845,2874,908,2
194,2288,1683,1476,1315,2365,610,688,2857,2871,906,2
195,2285,1682,1475,1313,2366,610,686,2794,2869,906,2
196,2286,1679,1477,1311,2363,610,684,2678,2869,905,2
197,2288,1682,1474,1310,2365,611,684,2640,2867,906,2
198,2288,1682,1474,1306,2366,610,682,2705,2866,904,2
199,2286,1678,1474,1307,2365,609,680,2802,2866,902,2
200,2284,1681,1475,1304,2364,610,677,2851,2865,902,2
201,2287,1683,1475,1303,2364,610,677,2852,2863,901,2
202,2282,1680,1474,1302,2364,610,675,2744,2863,902,2
203,2282,1684,1472,1300,2363,610,674,2643,2859,902,2
204,2281,1679,1474,1297,2363,609,672,2645,2859,902,2
205,2283,1680,1474,1296,2363,610,669,2739,2858,900,2
206,2284,1686,1475,1297,2364,610,668,2821,2858,898,2
207,2280,1682,1473,1296,2363,610,667,2851,2857,898,2
208,2280,1680,1472,1294,2363,610,668,2823,2854,898,2
209,2279,1678,1470,1294,2362,609,667,2698,2853,898,2
210,2278,1678,1473,1291,2363,608,662,2627,2854,898,2
211,2279,1679,1471,1290,2362,610,663,2667,2852,897,2
212,2282,1677,1472,1289,2361,607,661,2773,2851,896,2
213,2282,1677,1472,1289,2362,610,662,2836,2850,896,2
214,2280,1678,1469,1287,2361,609,659,2847,2849,894,2
215,2275,1679,1469,1285,2362,608,657,2776,2846,892,2
216,2276,1679,1469,1285,2362,610,659,2662,2846,891,2
217,2278,1678,1469,1282,2362,609,656,2627,2846,892,2
218,2278,1678,1467,1283,2361,608,654,2699,2843,891,2
219,2274,1675,1468,1283,2360,608,654,2796,2843,890,2
220,2274,1678,1467,1283,2362,608,652,2844,2842,889,2
221,2274,1675,1468,1281,2360,609,651,2840,2841,889,2
222,2277,1676,1469,1280,2361,609,650,2726,2841,889,2
223,2274,1673,1467,1278,2360,609,650,2627,2840,889,2
224,2274,1675,1468,1275,2360,609,650,2638,2840,886,2
225,2274,1678,1468,1274,2360,609,647,2738,2836,886,2
226,2270,1675,1467,1275,2358,607,648,2818,2837,888,2
227,2274,1677,1467,1274,2358,607,646,2846,2835,885,2
228,2270,1675,1467,1274,2359,610,646,2810,2834,886,2
229,2272,1676,1467,1271,2358,609,645,2682,2834,884,2
230,2266,1674,1466,1272,2358,609,646,2614,2833,886,2
231,2268,1675,1466,1270,2358,608,644,2662,2832,883,2
232,2266,1672,1466,1271,2357,609,643,2768,2831,883,2
233,2266,1673,1466,1270,2358,609,643,2834,2830,883,2
234,2266,1673,1466,1270,2358,609,641,2843,2830,882,2
235,2266,1675,1465,1269,2358,608,640,2761,2829,882,2
236,2265,1673,1463,1268,2359,608,640,2647,2827,883,2
237,2264,1672,1466,1269,2356,606,638,2621,2826,882,2
238,2264,1672,1462,1267,2358,606,636,2699,2826,880,2
239,2261,1673,1464,1267,2356,609,637,2797,2826,880,2
240,2262,1673,1464,1265,2358,608,636,2841,2824,880,2
241,2263,1674,1463,1265,2355,608,636,2835,2824,880,2
242,2260,1672,1464,1264,2356,608,633,2714,2822,881,2
243,2260,1671,1464,1263,2356,607,635,2619,2822,879,2
244,2257,1670,1462,1263,2355,606,635,2636,2820,878,2
245,2259,1672,1463,1262,2355,606,633,2740,2820,877,2
246,2262,1668,1462,1266,2355,606,633,2814,2818,878,2
247,2256,1668,1463,1263,2353,606,632,2842,2819,878,2
248,2255,1672,1462,1262,2355,605,631,2799,2815,876,2
249,2254,1670,1460,1263,2354,606,630,2673,2817,875,2
250,2253,1667,1462,1262,2352,606,632,2610,2816,877,2
251,2253,1670,1461,1261,2354,608,630,2664,2813,877,2
252,2257,1669,1462,1261,2354,606,629,2771,2814,877,2
253,2254,1668,1462,1261,2354,605,630,2833,2814,875,2
254,2254,1670,1459,1261,2353,607,628,2840,2811,875,2
255,2250,1667,1461,1261,2353,606,629,2752,2811,875,2
256,2250,1669,1459,1260,2352,606,628,2638,2809,874,2
257,2252,1667,1461,1261,2353,606,627,2619,2810,873,2
258,2251,1667,1459,1259,2352,604,628,2702,2809,874,2
259,2250,1670,1457,1259,2352,606,627,2797,2807,872,2
260,2248,1668,1458,1260,2350,606,627,2839,2807,872,2
261,2248,1670,1458,1259,2351,606,628,2830,2806,874,2
262,2250,1665,1459,1259,2351,606,627,2706,2806,872,2
263,2247,1669,1458,1259,2350,604,626,2612,2806,872,2
264,2247,1664,1458,1259,2350,606,626,2636,2803,872,2
265,2243,1666,1456,1258,2350,608,624,2743,2803,870,2
266,2245,1667,1457,1259,2350,606,625,2819,2803,871,2
267,2246,1665,1458,1257,2350,604,625,2841,2802,871,2
268,2244,1666,1456,1259,2350,604,625,2792,2802,870,2
269,2240,1662,1456,1258,2350,606,624,2663,2800,870,2
270,2242,1662,1457,1257,2350,605,622,2607,2799,869,2
271,2238,1661,1455,1257,2348,605,624,2667,2800,870,2
272,2240,1659,1455,1258,2349,603,624,2773,2799,868,2
273,2236,1661,1455,1256,2350,605,622,2832,2798,868,2
274,2236,1664,1453,1258,2348,605,623,2837,2798,868,2
275,2238,1665,1454,1255,2346,604,622,2738,2796,868,2
276,2238,1664,1455,1257,2346,604,622,2628,2797,867,2
277,2235,1660,1453,1256,2347,604,620,2617,2795,866,2
278,2232,1661,1454,1257,2347,605,622,2705,2794,866,2
279,2233,1661,1451,1256,2346,605,620,2797,2794,865,2
280,2234,1664,1452,1258,2347,603,620,2838,2792,865,2
281,2235,1664,1452,1255,2347,606,619,2822,2791,865,2
282,2234,1664,1452,1257,2346,604,619,2693,2792,863,2
283,2232,1659,1453,1255,2346,605,622,2607,2792,864,2
284,2231,1662,1451,1255,2344,604,621,2637,2792,865,2
285,2227,1661,1451,1255,2344,604,619,2747,2792,864,2
286,2229,1662,1451,1256,2344,604,620,2819,2789,864,2
287,2232,1659,1451,1256,2345,603,618,2838,2790,864,2
288,2230,1658,1451,1256,2344,603,620,2779,2787,864,2
289,2228,1659,1451,1255,2344,605,619,2656,2788,863,2
290,2227,1658,1450,1253,2342,604,618,2607,2788,863,2
291,2226,1658,1449,1257,2344,604,618,2670,2788,864,2
292,2226,1658,1451,1256,2344,603,620,2778,2787,864,2
293,2222,1657,1450,1256,2344,605,618,2831,2784,862,2
294,2222,1658,1446,1258,2342,603,617,2835,2786,861,2
295,2223,1658,1448,1256,2342,604,617,2731,2785,860,2
296,2224,1658,1447,1255,2342,603,616,2621,2785,862,2
297,2222,1654,1449,1256,2342,603,617,2618,2784,862,2
298,2220,1656,1448,1255,2342,603,617,2714,2781,860,2
299,2219,1658,1447,1256,2342,604,619,2799,2781,859,2
300,2218,1658,1448,1253,2342,604,617,2838,2782,859,2
301,2218,1654,1447,1258,2342,602,619,2810,2780,860,2
302,2216,1655,1446,1256,2341,602,616,2686,2780,858,2
303,2215,1653,1447,1256,2340,603,618,2606,2780,860,2
304,2219,1653,1444,1256,2339,604,616,2641,2779,858,2
305,2217,1654,1446,1255,2339,604,616,2754,2780,859,2
306,2215,1654,1447,1256,2339,603,617,2823,2777,859,2
307,2212,1656,1444,1256,2342,603,616,2838,2774,857,2
308,2211,1651,1446,1256,2340,602,616,2769,2778,858,2
309,2212,1651,1445,1256,2338,603,617,2650,2776,858,2
310,2211,1650,1443,1258,2339,602,616,2606,2776,858,2
311,2210,1654,1443,1257,2338,602,617,2678,2776,858,2
312,2212,1652,1443,1258,2339,603,616,2784,2774,857,2
313,2211,1655,1443,1254,2339,603,616,2832,2774,858,2
314,2212,1651,1443,1257,2338,604,615,2833,2774,856,2
315,2207,1654,1443,1257,2336,602,616,2723,2774,857,2
316,2205,1649,1442,1258,2338,602,616,2616,2774,857,2
317,2206,1651,1442,1258,2337,602,616,2625,2774,856,2
318,2210,1651,1443,1257,2338,602,615,2722,2772,855,2
319,2204,1651,1443,1258,2335,602,616,2805,2772,856,2
320,2206,1650,1441,1257,2338,603,616,2839,2771,856,2
321,2203,1647,1442,1257,2338,602,617,2806,2770,856,3
322,2194,1642,1438,1254,2331,600,618,2672,2770,856,3
323,2194,1642,1438,1251,2332,600,616,2603,2770,856,3
324,2187,1644,1436,1262,2331,600,615,2646,2770,856,3
325,2202,1645,1438,1268,2331,599,616,2761,2770,856,3
326,2200,1648,1436,1272,2331,602,617,2829,2770,856,3
327,2198,1652,1435,1280,2331,601,619,2835,2768,854,3
328,2200,1629,1435,1284,2331,600,618,2766,2769,858,3
329,2202,1650,1435,1291,2332,600,620,2654,2769,857,3
330,2203,1654,1438,1298,2330,602,622,2618,2770,858,3
331,2203,1645,1435,1303,2331,602,624,2698,2770,862,3
332,2227,1645,1439,1313,2332,599,630,2799,2770,858,3
333,2214,1642,1440,1320,2331,600,631,2836,2771,858,3
334,2210,1641,1438,1329,2333,601,634,2845,2770,859,3
335,2216,1650,1439,1337,2331,600,636,2739,2772,860,3
336,2214,1644,1440,1346,2331,600,641,2650,2771,860,3
337,2246,1645,1439,1354,2332,600,643,2654,2774,862,3
338,2219,1642,1440,1359,2333,600,648,2742,2774,862,3
339,2255,1650,1441,1364,2333,601,647,2824,2774,861,3
340,2216,1650,1442,1367,2333,602,650,2845,2774,862,3
341,2223,1652,1442,1370,2332,602,646,2819,2775,860,3
342,2224,1637,1441,1373,2333,601,654,2714,2775,864,3
343,2225,1646,1442,1374,2332,600,655,2653,2776,862,3
344,2222,1658,1442,1372,2334,601,658,2684,2774,866,3
345,2226,1666,1442,1371,2334,602,657,2777,2778,861,3
346,2228,1658,1443,1371,2333,602,660,2841,2778,863,3
347,2235,1652,1444,1370,2334,601,661,2858,2778,864,3
348,2227,1646,1444,1366,2333,601,667,2792,2778,866,3
349,2234,1654,1441,1367,2334,601,659,2683,2778,865,3
350,2230,1648,1445,1363,2334,601,660,2659,2779,865,3
351,2234,1651,1442,1362,2334,600,664,2719,2779,866,3
352,2230,1654,1443,1364,2334,599,665,2806,2779,867,3
353,2260,1655,1444,1358,2333,600,667,2852,2780,868,3
354,2240,1653,1443,1356,2334,601,664,2851,2782,867,3
355,2256,1654,1444,1352,2333,601,669,2753,2782,867,3
356,2240,1650,1442,1350,2331,601,665,2664,2781,868,3
357,2228,1650,1442,1349,2333,600,667,2673,2782,869,3
358,2232,1646,1444,1348,2333,600,670,2754,2782,867,3
359,2242,1653,1441,1346,2332,602,672,2825,2783,870,3
360,2254,1650,1446,1342,2332,601,678,2854,2785,870,3
361,2234,1656,1444,1340,2332,602,671,2822,2786,870,3
362,2240,1649,1443,1340,2332,599,674,2723,2787,874,3
363,2236,1657,1444,1338,2332,600,675,2658,2787,872,3
364,2224,1652,1445,1338,2335,601,676,2703,2787,872,3
365,2233,1652,1445,1336,2332,606,677,2792,2790,872,3
366,2220,1652,1444,1337,2333,602,671,2842,2790,873,3
367,2234,1654,1444,1338,2334,600,682,2854,2790,874,3
368,2234,1647,1444,1338,2333,600,682,2785,2792,875,3
369,2232,1648,1444,1338,2333,601,686,2691,2790,875,3
370,2234,1656,1443,1337,2334,600,687,2670,2793,875,3
371,2235,1643,1444,1338,2332,602,686,2731,2794,875,3
372,2229,1651,1444,1338,2332,600,685,2811,2794,878,3
373,2218,1651,1444,1339,2331,601,690,2854,2795,877,3
374,2231,1645,1443,1340,2333,601,692,2853,2794,877,3
375,2233,1651,1444,1339,2331,602,692,2758,2796,876,3
376,2232,1657,1446,1342,2332,599,696,2679,2798,878,3
377,2234,1648,1444,1342,2333,608,696,2691,2798,879,3
378,2230,1652,1443,1344,2331,601,698,2768,2799,879,3
379,2235,1658,1444,1341,2333,601,699,2843,2798,879,3
380,2234,1639,1444,1345,2334,600,704,2858,2799,878,3
381,2235,1658,1446,1347,2333,601,704,2830,2802,880,3
382,2234,1656,1442,1347,2334,601,702,2734,2802,881,3
383,2235,1651,1442,1348,2333,599,709,2682,2802,880,3
384,2235,1658,1443,1347,2333,601,708,2721,2802,880,3
385,2228,1654,1446,1347,2332,602,710,2800,2803,879,3
386,2230,1652,1446,1350,2332,602,710,2852,2804,881,3
387,2245,1653,1443,1349,2333,600,711,2865,2805,881,3
388,2234,1658,1443,1350,2333,600,714,2797,2805,882,3
389,2235,1658,1442,1349,2334,601,713,2709,2804,882,3
390,2237,1658,1444,1351,2333,601,714,2691,2806,883,3
391,2219,1650,1445,1352,2333,602,715,2748,2806,883,3
392,2246,1656,1443,1350,2334,601,718,2828,2806,883,3
393,2227,1656,1443,1352,2332,600,718,2858,2806,883,3
394,2238,1655,1443,1351,2334,601,718,2858,2806,883,3
395,2232,1664,1443,1351,2331,602,719,2766,2810,883,3
396,2231,1661,1444,1352,2334,602,720,2693,2811,883,3
397,2244,1652,1444,1352,2332,601,721,2706,2810,882,3
398,2248,1654,1444,1354,2336,602,722,2782,2811,882,3
399,2234,1664,1443,1353,2334,603,722,2849,2810,883,3
400,2238,1656,1444,1354,2332,602,723,2868,2811,883,3
401,2234,1666,1443,1354,2334,601,722,2831,2811,883,3
402,2226,1650,1444,1354,2331,602,723,2739,2810,884,3
403,2234,1658,1443,1354,2333,601,726,2683,2811,884,3
404,2234,1665,1444,1354,2334,601,724,2731,2818,886,3
405,2232,1646,1445,1354,2334,600,726,2809,2813,884,3
406,2228,1651,1445,1353,2331,602,728,2859,2814,885,3
407,2235,1650,1444,1356,2332,601,728,2869,2814,884,3
408,2231,1633,1444,1359,2332,602,727,2793,2813,885,3
409,2234,1649,1443,1354,2334,601,728,2710,2816,886,3
410,2232,1652,1446,1354,2333,599,730,2693,2817,887,3
411,2232,1648,1444,1356,2333,602,729,2763,2818,886,3
412,2230,1654,1444,1355,2333,600,732,2830,2817,888,3
413,2232,1651,1445,1354,2334,601,734,2871,2818,888,3
414,2211,1654,1449,1353,2332,602,731,2860,2818,887,3
415,2232,1648,1445,1355,2332,602,732,2762,2818,889,3
416,2232,1664,1444,1354,2332,602,731,2697,2819,887,3
417,2228,1653,1444,1357,2332,601,733,2714,2820,894,3
418,2250,1651,1444,1356,2342,602,736,2787,2820,890,3
419,2230,1676,1443,1356,2334,601,735,2858,2820,889,3
420,2198,1650,1446,1357,2332,600,739,2871,2822,891,3
421,2230,1650,1445,1358,2332,602,737,2825,2824,890,3
422,2242,1651,1444,1359,2335,601,738,2740,2824,892,3
423,2236,1651,1444,1359,2333,601,739,2698,2826,892,3
424,2220,1655,1442,1359,2331,602,740,2742,2825,893,3
425,2229,1654,1444,1359,2332,601,745,2818,2827,892,3
426,2253,1652,1444,1362,2332,602,743,2861,2827,892,3
427,2243,1653,1442,1363,2337,602,746,2864,2827,894,3
428,2232,1659,1444,1366,2332,601,750,2801,2829,896,3
429,2232,1659,1442,1367,2334,601,750,2718,2827,897,3
430,2238,1659,1444,1366,2332,602,751,2710,2831,897,3
431,2227,1652,1445,1368,2333,603,751,2770,2831,897,3
432,2229,1654,1442,1370,2333,601,754,2838,2832,899,3
433,2227,1642,1443,1370,2332,596,756,2871,2834,898,3
434,2232,1635,1444,1373,2332,603,757,2857,2834,899,3
435,2234,1654,1444,1375,2332,603,758,2771,2835,901,3
436,2228,1650,1444,1377,2332,602,759,2707,2836,901,3
437,2230,1640,1444,1379,2333,601,764,2726,2837,901,3
438,2226,1651,1443,1382,2332,601,766,2800,2838,901,3
439,2227,1644,1443,1381,2334,603,766,2863,2838,902,3
440,2229,1654,1444,1383,2334,603,771,2875,2839,902,3
441,2227,1634,1443,1385,2332,602,772,2832,2842,902,3
442,2230,1654,1443,1387,2333,602,776,2748,2841,904,3
443,2231,1655,1444,1390,2333,602,776,2712,2841,906,3
444,2210,1651,1443,1390,2333,603,776,2762,2842,904,3
445,2230,1664,1445,1390,2333,610,777,2833,2844,905,3
446,2234,1662,1444,1394,2331,602,779,2878,2845,905,3
447,2234,1654,1444,1395,2333,602,780,2880,2846,906,3
448,2235,1652,1446,1398,2333,601,782,2811,2848,906,3
449,2226,1648,1443,1396,2334,603,782,2730,2846,906,3
450,2230,1655,1443,1400,2333,602,786,2723,2849,908,3
451,2223,1652,1443,1399,2331,602,785,2796,2850,907,3
452,2230,1660,1443,1403,2332,600,788,2858,2850,908,3
453,2226,1664,1445,1404,2332,601,792,2886,2851,908,3
454,2264,1654,1443,1406,2334,602,791,2866,2850,909,3
455,2231,1656,1444,1406,2333,603,792,2782,2854,910,3
456,2220,1652,1444,1408,2333,602,792,2728,2854,910,3
457,2230,1650,1443,1411,2333,602,797,2746,2854,911,3
458,2232,1654,1443,1411,2332,602,794,2818,2855,910,3
459,2227,1634,1443,1412,2333,602,796,2873,2854,910,3
460,2235,1656,1443,1415,2334,602,799,2888,2857,912,3
461,2231,1672,1446,1414,2333,604,800,2842,2857,912,3
462,2226,1650,1445,1414,2331,603,798,2754,2859,911,3
463,2230,1659,1444,1416,2333,603,802,2725,2859,913,3
464,2231,1664,1444,1416,2334,611,802,2774,2859,912,3
465,2230,1654,1446,1419,2333,604,803,2840,2860,912,3
466,2231,1658,1446,1421,2333,603,805,2882,2860,914,3
467,2232,1662,1443,1419,2333,603,806,2883,2862,914,3
468,2235,1654,1442,1422,2334,602,807,2808,2862,914,3
469,2227,1660,1442,1423,2333,603,810,2739,2862,914,3
470,2231,1651,1445,1422,2333,603,809,2737,2864,914,3
471,2223,1653,1446,1424,2333,602,811,2800,2864,913,3
472,2197,1650,1444,1426,2334,603,811,2866,2866,916,3
473,2227,1650,1443,1426,2333,602,811,2890,2866,916,3
474,2230,1659,1445,1427,2334,604,812,2866,2866,916,3
475,2232,1646,1445,1427,2332,603,815,2789,2867,915,3
476,2227,1651,1446,1427,2333,603,815,2730,2867,916,3
477,2238,1654,1446,1430,2334,603,816,2758,2868,916,3
478,2229,1654,1443,1430,2333,604,816,2832,2868,918,3
479,2232,1656,1443,1429,2336,603,817,2890,2868,918,3
480,2234,1656,1445,1430,2334,604,815,2888,2869,917,3
481,2234,1644,1446,1430,2333,603,815,2837,2871,916,3
482,2229,1649,1444,1432,2333,603,826,2767,2871,918,3
483,2226,1651,1446,1434,2334,604,818,2733,2871,918,3
484,2235,1662,1445,1433,2333,604,821,2786,2872,918,3
485,2230,1634,1446,1434,2334,603,819,2851,2874,918,3
486,2236,1658,1445,1435,2334,602,822,2896,2874,919,3
487,2228,1647,1446,1436,2334,603,822,2885,2874,918,3
488,2243,1656,1445,1435,2336,603,823,2818,2875,921,3
489,2230,1651,1446,1438,2334,604,823,2739,2874,918,3
490,2230,1675,1446,1438,2333,603,826,2746,2876,919,3
491,2228,1654,1446,1438,2334,603,826,2810,2875,919,3
492,2234,1678,1446,1440,2335,602,824,2875,2876,920,3
493,2233,1648,1446,1441,2336,603,828,2891,2878,920,3
494,2231,1652,1443,1442,2336,603,828,2871,2875,920,3
495,2228,1658,1445,1438,2330,604,827,2792,2878,920,3
496,2232,1656,1446,1439,2334,603,827,2740,2880,920,3
497,2221,1656,1456,1441,2336,603,828,2765,2878,922,3
498,2240,1652,1446,1442,2334,602,829,2834,2880,922,3
499,2236,1658,1445,1442,2336,603,832,2890,2880,922,3
500,2234,1636,1446,1443,2336,603,827,2892,2882,922,3
501,2234,1664,1448,1433,2333,603,830,2843,2882,921,3
502,2231,1656,1445,1444,2336,604,834,2765,2881,923,3
503,2230,1654,1446,1446,2336,602,832,2742,2883,923,3
504,2207,1655,1446,1443,2336,603,832,2792,2882,922,3
505,2235,1643,1448,1443,2336,604,830,2856,2884,922,3
506,2234,1669,1447,1447,2336,604,832,2896,2885,923,3
507,2230,1655,1446,1446,2332,603,836,2890,2886,925,3
508,2235,1655,1446,1447,2335,603,834,2806,2884,924,3
509,2233,1658,1446,1446,2336,603,836,2746,2884,924,3
510,2231,1658,1448,1447,2336,603,837,2746,2887,924,3
511,2233,1656,1448,1448,2336,604,833,2820,2886,923,3
512,2238,1655,1448,1448,2336,603,836,2880,2888,924,3
513,2227,1654,1445,1449,2335,603,836,2891,2886,925,3
514,2233,1653,1446,1449,2337,603,836,2866,2886,926,3
515,2238,1659,1447,1447,2336,603,836,2787,2888,925,3
516,2229,1650,1448,1451,2336,603,838,2736,2889,924,3
517,2236,1655,1448,1451,2335,603,837,2766,2890,926,3
518,2223,1656,1446,1451,2338,602,838,2845,2888,926,3
519,2233,1645,1446,1450,2337,602,838,2890,2888,928,3
520,2250,1658,1448,1451,2336,603,838,2893,2889,925,3
521,2245,1656,1447,1450,2338,604,839,2840,2890,926,3
522,2233,1659,1447,1451,2337,604,840,2756,2890,928,3
523,2235,1656,1447,1452,2338,603,840,2738,2891,926,3
524,2236,1667,1449,1450,2336,604,840,2800,2891,926,3
525,2222,1655,1448,1452,2338,605,840,2864,2892,926,3
526,2230,1656,1449,1454,2337,605,842,2892,2888,926,3
527,2234,1655,1448,1454,2338,604,839,2882,2892,928,3
528,2218,1654,1448,1454,2337,603,842,2811,2894,927,3
529,2237,1660,1448,1455,2338,604,842,2740,2891,928,3
530,2230,1655,1448,1454,2337,604,841,2752,2894,927,3
531,2234,1668,1450,1455,2336,605,841,2826,2894,927,3
532,2235,1656,1450,1455,2337,602,843,2886,2893,930,3
533,2230,1650,1448,1455,2338,603,843,2894,2894,929,3
534,2251,1656,1449,1455,2338,605,842,2859,2894,928,3
535,2236,1654,1448,1456,2336,603,842,2786,2896,927,3
536,2223,1650,1447,1454,2338,604,836,2736,2894,930,3
537,2237,1658,1450,1458,2338,604,843,2772,2896,933,3
538,2242,1659,1449,1458,2338,604,844,2845,2895,930,3
539,2236,1658,1450,1456,2338,606,842,2895,2896,931,3
540,2242,1667,1450,1457,2339,606,842,2898,2896,929,3
541,2234,1666,1450,1457,2337,606,845,2833,2898,930,3
542,2236,1650,1450,1458,2338,604,846,2754,2897,928,3
543,2233,1657,1449,1458,2339,604,844,2746,2897,928,3
544,2237,1668,1450,1459,2339,603,843,2807,2896,930,3
545,2243,1661,1448,1458,2338,604,844,2870,2898,930,3
546,2234,1641,1450,1458,2338,604,846,2896,2898,930,3
547,2235,1653,1450,1459,2338,603,848,2884,2898,930,3
548,2233,1655,1448,1459,2339,603,844,2806,2898,931,3
549,2237,1671,1450,1458,2339,605,846,2746,2898,930,3
550,2242,1664,1449,1459,2339,605,843,2758,2899,931,3
551,2241,1666,1450,1458,2338,605,845,2827,2899,934,3
552,2237,1650,1450,1459,2339,603,843,2883,2899,932,3
553,2242,1658,1449,1461,2340,604,845,2894,2900,932,3
554,2235,1660,1450,1460,2338,603,842,2859,2901,932,3
555,2237,1674,1451,1459,2339,605,851,2782,2901,931,3
556,2232,1664,1450,1460,2339,604,846,2746,2901,933,3
557,2237,1664,1450,1461,2340,605,847,2782,2900,931,3
558,2235,1660,1451,1460,2339,605,846,2849,2901,931,3
559,2258,1664,1449,1461,2340,605,846,2893,2901,932,3
560,2246,1659,1452,1462,2338,605,843,2891,2901,931,3
561,2242,1668,1450,1459,2339,605,846,2831,2902,931,3
562,2243,1665,1449,1460,2339,604,846,2759,2900,932,3
563,2240,1664,1451,1462,2339,606,848,2755,2901,933,3
564,2235,1664,1451,1461,2341,603,846,2807,2902,938,3
565,2240,1665,1451,1462,2338,604,847,2870,2903,933,3
566,2254,1659,1454,1460,2338,606,845,2895,2903,930,3
567,2244,1660,1452,1462,2338,604,847,2878,2904,933,3
568,2238,1670,1451,1455,2339,604,846,2802,2902,932,3
569,2240,1667,1450,1463,2342,604,846,2746,2902,932,3
570,2243,1667,1450,1462,2340,604,845,2764,2904,934,3
571,2236,1667,1453,1462,2340,605,849,2841,2904,932,3
572,2240,1662,1451,1463,2341,605,848,2895,2904,933,3
573,2234,1655,1452,1464,2341,606,848,2898,2904,932,3
574,2234,1664,1451,1462,2341,606,846,2850,2904,931,3
575,2232,1658,1451,1464,2339,606,845,2770,2906,932,3
576,2236,1660,1451,1463,2341,603,846,2739,2906,934,3
577,2243,1659,1451,1464,2341,605,846,2778,2905,934,3
578,2242,1666,1450,1464,2341,603,847,2858,2905,934,3
579,2244,1667,1451,1464,2342,604,846,2898,2905,934,3
580,2244,1668,1453,1463,2340,604,845,2895,2905,932,3
581,2234,1666,1453,1464,2333,605,845,2830,2906,933,3
582,2238,1659,1452,1464,2342,604,845,2746,2906,934,3
583,2235,1646,1451,1464,2341,605,843,2743,2906,934,3
584,2242,1646,1451,1464,2342,604,845,2812,2906,934,3
585,2241,1642,1453,1464,2341,606,838,2872,2906,932,3
586,2273,1664,1454,1464,2340,603,846,2898,2906,933,3
587,2235,1659,1454,1465,2341,603,847,2874,2903,934,3
588,2239,1660,1453,1466,2340,605,846,2792,2907,935,3
589,2242,1659,1453,1463,2342,604,845,2739,2906,932,3
590,2244,1664,1453,1463,2342,605,846,2761,2907,933,3
591,2242,1678,1454,1466,2342,602,852,2843,2907,935,3
592,2241,1656,1453,1465,2342,605,844,2894,2907,934,3
593,2247,1664,1451,1466,2341,604,847,2902,2908,934,3
594,2244,1666,1452,1466,2342,604,846,2852,2906,934,3
595,2244,1671,1454,1466,2343,606,846,2770,2908,934,3
596,2224,1665,1453,1466,2343,604,846,2745,2910,934,3
597,2245,1661,1453,1466,2342,605,848,2794,2906,936,3
598,2242,1664,1452,1467,2342,605,847,2862,2909,936,3
599,2234,1664,1454,1466,2344,604,847,2899,2907,935,3
600,2230,1664,1456,1466,2343,605,845,2896,2909,934,3
601,2240,1664,1454,1465,2342,604,847,2827,2909,934,3
602,2242,1660,1453,1467,2342,604,846,2754,2908,934,3
603,2240,1648,1454,1464,2342,605,845,2746,2910,934,3
604,2242,1665,1455,1465,2342,604,849,2820,2909,935,3
605,2244,1665,1454,1464,2344,606,845,2883,2907,934,3
606,2242,1651,1454,1468,2343,606,846,2896,2910,934,3
607,2242,1668,1456,1465,2342,605,848,2873,2909,939,3
608,2235,1656,1453,1466,2344,605,849,2794,2909,936,3
609,2243,1647,1452,1466,2343,606,846,2738,2910,936,3
610,2243,1668,1454,1466,2343,606,846,2765,2911,934,3
611,2243,1660,1454,1466,2343,605,846,2838,2910,935,3
612,2242,1639,1456,1466,2344,604,842,2890,2910,935,3
613,2240,1661,1454,1467,2344,604,847,2898,2910,936,3
614,2241,1652,1454,1468,2344,604,846,2843,2910,935,3
615,2243,1667,1455,1467,2343,603,849,2766,2910,937,3
616,2242,1658,1454,1466,2344,605,845,2743,2911,936,3
617,2241,1670,1454,1467,2344,605,849,2792,2911,936,3
618,2243,1658,1454,1467,2344,602,847,2858,2912,936,3
619,2243,1645,1455,1466,2346,607,839,2895,2910,936,3
620,2244,1668,1454,1465,2344,605,847,2897,2912,934,3
621,2246,1650,1456,1466,2344,606,843,2812,2913,934,3
622,2243,1665,1455,1467,2344,605,848,2746,2912,936,3
623,2246,1651,1453,1466,2344,606,839,2745,2912,936,3
624,2243,1667,1454,1467,2344,605,850,2828,2911,934,3
625,2236,1664,1455,1467,2344,606,849,2886,2913,935,3
626,2248,1670,1455,1469,2344,606,849,2906,2912,936,3
627,2233,1666,1454,1467,2344,604,846,2872,2913,936,3
628,2245,1666,1456,1468,2345,605,849,2798,2914,936,3
629,2227,1666,1462,1468,2344,605,848,2747,2913,937,3
630,2248,1667,1455,1469,2346,604,847,2772,2914,937,3
631,2222,1661,1456,1467,2344,606,848,2850,2914,937,3
632,2247,1670,1455,1470,2345,613,847,2894,2914,936,3
633,2254,1668,1455,1468,2345,606,849,2902,2914,938,3
634,2249,1674,1455,1469,2346,605,848,2850,2914,937,3
635,2245,1661,1457,1467,2346,606,845,2766,2914,937,3
636,2246,1686,1455,1468,2345,606,849,2749,2914,937,3
637,2243,1664,1456,1469,2345,604,849,2794,2914,937,3
638,2246,1659,1456,1467,2344,605,846,2866,2914,937,3
639,2256,1668,1457,1467,2346,606,847,2895,2914,937,3
640,2242,1664,1456,1467,2346,608,847,2888,2914,935,3
641,2267,1666,1457,1467,2346,606,847,2812,2916,936,3
642,2241,1652,1456,1468,2346,605,855,2754,2914,938,3
643,2242,1662,1456,1470,2345,606,848,2752,2914,937,3
644,2246,1668,1456,1467,2346,606,848,2823,2915,939,3
645,2245,1668,1456,1467,2348,606,849,2888,2915,935,3
646,2248,1667,1458,1468,2346,605,848,2904,2915,938,3
647,2223,1661,1455,1468,2347,606,850,2874,2915,938,3
648,2240,1664,1459,1470,2346,605,847,2792,2915,938,3
649,2254,1671,1456,1468,2347,604,847,2746,2915,937,3
650,2246,1660,1456,1467,2346,606,846,2774,2915,936,3
651,2248,1690,1457,1467,2347,606,849,2851,2915,936,3
652,2250,1666,1458,1470,2347,605,846,2889,2915,938,3
653,2250,1662,1458,1472,2346,606,847,2896,2915,938,3
654,2268,1667,1457,1470,2347,606,847,2838,2910,938,3
655,2246,1650,1455,1466,2347,606,844,2760,2915,936,3
656,2244,1656,1458,1468,2346,606,846,2743,2917,936,3
657,2248,1667,1458,1470,2346,604,848,2805,2917,939,3
658,2251,1669,1457,1469,2347,605,850,2868,2917,936,3
659,2233,1666,1455,1467,2347,606,846,2902,2915,938,3
660,2249,1674,1458,1468,2347,608,848,2892,2915,936,3
661,2252,1668,1457,1467,2347,606,847,2814,2917,938,3
662,2250,1666,1458,1470,2344,608,848,2752,2916,938,3
663,2249,1660,1458,1469,2347,606,846,2755,2918,938,3
664,2259,1669,1456,1472,2349,605,848,2823,2914,938,3
665,2250,1658,1459,1476,2348,608,845,2882,2916,937,3
666,2245,1657,1458,1469,2347,605,847,2898,2917,939,3
667,2250,1668,1458,1470,2348,608,848,2872,2918,939,3
668,2250,1667,1458,1472,2347,606,850,2793,2917,937,3
669,2216,1666,1457,1472,2349,607,848,2746,2918,938,3
670,2248,1657,1458,1469,2345,606,847,2778,2918,938,3
671,2250,1682,1458,1468,2347,606,854,2852,2918,938,3
672,2251,1665,1459,1469,2348,605,846,2891,2918,937,3
673,2254,1667,1458,1472,2347,606,848,2897,2917,938,3
674,2243,1662,1457,1470,2349,607,848,2839,2916,938,3
675,2251,1670,1458,1469,2347,606,846,2763,2918,938,3
676,2250,1666,1458,1472,2349,602,848,2743,2918,938,3
677,2235,1668,1457,1472,2348,605,849,2804,2918,940,3
678,2254,1670,1458,1470,2349,605,847,2867,2917,939,3
679,2250,1666,1459,1470,2347,604,845,2902,2917,938,3
680,2260,1668,1459,1470,2348,608,847,2884,2917,938,3
681,2262,1668,1459,1470,2347,606,845,2808,2918,937,3
682,2249,1647,1458,1470,2347,606,840,2742,2920,938,3
683,2247,1648,1458,1471,2349,606,841,2752,2918,938,3
684,2243,1670,1459,1470,2350,608,847,2829,2918,938,3
685,2251,1675,1460,1469,2350,604,847,2885,2918,938,3
686,2252,1676,1459,1466,2350,608,846,2901,2919,939,3
687,2254,1668,1459,1470,2356,606,847,2862,2920,938,3
688,2256,1668,1460,1472,2349,606,846,2779,2919,940,3
689,2246,1658,1458,1472,2350,606,846,2739,2918,939,3
690,2251,1668,1459,1470,2347,608,847,2777,2920,938,3
691,2243,1667,1459,1471,2350,605,848,2855,2920,939,3
692,2252,1673,1460,1473,2350,607,847,2897,2918,939,3
693,2250,1674,1459,1474,2348,605,850,2902,2920,940,3
694,2250,1667,1460,1472,2350,605,847,2837,2918,938,3
695,2250,1659,1460,1469,2350,607,848,2757,2920,938,3
696,2250,1658,1458,1470,2350,606,847,2746,2919,939,3
697,2243,1666,1460,1474,2348,605,848,2808,2920,938,3
698,2235,1668,1459,1474,2349,606,849,2870,2920,940,3
699,2249,1688,1459,1472,2351,607,850,2904,2919,939,3
700,2260,1668,1459,1469,2350,606,847,2885,2920,938,3
701,2273,1668,1460,1472,2350,608,850,2808,2922,938,3
702,2251,1670,1460,1474,2349,606,848,2742,2920,940,3
703,2248,1670,1459,1474,2351,606,847,2761,2918,938,3
704,2255,1668,1460,1472,2351,607,847,2830,2920,938,3
705,2252,1666,1460,1472,2352,608,846,2880,2922,938,3
706,2250,1667,1459,1470,2352,608,847,2895,2920,939,3
707,2251,1659,1460,1472,2350,607,846,2859,2920,939,3
708,2249,1657,1460,1475,2349,608,846,2778,2920,939,3
709,2241,1667,1460,1472,2351,608,845,2745,2920,938,3
710,2250,1681,1462,1472,2351,606,852,2782,2921,939,3
711,2252,1665,1461,1474,2350,606,847,2854,2920,940,3
712,2246,1667,1461,1474,2351,608,846,2891,2920,939,3
713,2249,1666,1460,1473,2351,606,847,2896,2920,939,3
714,2249,1672,1459,1470,2350,608,846,2840,2921,939,3
715,2254,1674,1461,1470,2351,608,847,2760,2922,939,3
716,2254,1671,1461,1472,2352,607,848,2749,2922,938,3
717,2265,1670,1462,1474,2351,606,848,2802,2922,940,3
718,2256,1667,1462,1472,2352,608,847,2865,2921,939,3
719,2250,1672,1461,1472,2352,608,849,2904,2921,939,3
720,2255,1675,1461,1469,2350,608,846,2888,2920,938,3
