Count,S1,S2,S3,S4,S5,S6,S7,S8,S9,S10,Flag
1,2240,1668,1461,1455,2343,593,851,2904,2890,891,0
2,2236,1674,1461,1456,2344,593,850,2867,2890,891,0
3,2235,1666,1461,1456,2344,592,852,2782,2890,892,0
4,2244,1671,1462,1456,2344,592,849,2740,2888,891,0
5,2242,1689,1461,1456,2343,591,850,2806,2890,891,0
6,2199,1668,1461,1457,2344,592,851,2869,2888,892,0
7,2248,1671,1459,1456,2344,593,850,2904,2889,892,0
8,2235,1666,1462,1456,2344,592,850,2866,2890,892,0
9,2242,1670,1460,1455,2344,592,851,2786,2887,891,0
10,2254,1669,1462,1456,2344,591,850,2738,2890,893,0
11,2235,1686,1462,1458,2344,592,851,2772,2889,891,0
12,2200,1669,1462,1456,2346,592,850,2848,2889,891,0
13,2234,1674,1463,1455,2343,590,851,2892,2890,891,0
14,2242,1670,1463,1456,2344,592,849,2900,2889,891,0
15,2232,1664,1462,1455,2343,591,848,2851,2890,891,0
16,2238,1675,1462,1456,2344,591,852,2767,2890,889,0
17,2231,1659,1462,1458,2344,593,851,2742,2890,892,0
18,2255,1672,1463,1457,2343,591,850,2790,2891,891,0
19,2241,1672,1462,1457,2344,592,848,2862,2890,890,0
20,2228,1671,1460,1456,2334,592,850,2904,2890,892,0
21,2261,1669,1463,1457,2345,592,851,2894,2889,891,1
22,2242,1671,1462,1456,2344,592,849,2822,2890,893,1
23,2237,1678,1462,1457,2343,591,850,2752,2890,892,1
24,2236,1664,1462,1456,2344,592,848,2744,2890,892,1
25,2249,1674,1462,1456,2346,592,850,2814,2890,891,1
26,2217,1674,1461,1455,2344,592,852,2882,2890,891,1
27,2234,1651,1462,1458,2344,592,850,2898,2890,891,1
28,2242,1670,1462,1457,2352,592,850,2880,2890,891,1
29,2234,1672,1461,1457,2342,592,851,2805,2890,891,1
30,2234,1667,1462,1457,2346,591,851,2740,2891,891,1
31,2198,1670,1462,1454,2346,593,850,2766,2890,890,1
32,2238,1659,1461,1460,2346,593,850,2832,2891,891,1
33,2236,1669,1464,1457,2345,592,851,2888,2891,892,1
34,2236,1675,1464,1459,2346,592,852,2899,2891,892,1
35,2246,1670,1462,1459,2349,591,849,2854,2892,893,1
36,2234,1676,1462,1459,2346,593,852,2778,2890,891,1
37,2248,1670,1455,1460,2346,592,853,2740,2891,893,1
38,2241,1673,1463,1461,2345,592,853,2783,2891,894,1
39,2251,1672,1464,1459,2346,592,854,2854,2891,896,1
40,2242,1675,1463,1462,2346,592,854,2901,2890,894,1
41,2252,1672,1465,1462,2345,591,854,2897,2891,894,1
42,2246,1672,1464,1466,2344,592,856,2843,2893,896,1
43,2240,1663,1463,1466,2346,588,858,2761,2893,897,1
44,2224,1672,1463,1468,2346,592,860,2753,2893,899,1
45,2233,1667,1464,1468,2346,593,860,2806,2892,898,1
46,2226,1669,1464,1472,2348,592,860,2874,2894,900,1
47,2233,1672,1464,1474,2347,593,861,2901,2894,899,1
48,2246,1677,1463,1473,2347,592,862,2898,2894,901,1
49,2258,1672,1464,1476,2346,593,864,2818,2896,901,1
50,2251,1672,1464,1478,2347,592,867,2760,2898,903,1
51,2243,1671,1467,1478,2348,591,866,2758,2898,904,1
52,2234,1674,1464,1479,2348,594,869,2832,2898,903,1
53,2263,1672,1466,1483,2347,592,870,2887,2898,905,1
54,2243,1675,1464,1483,2348,593,874,2900,2899,906,1
55,2247,1673,1464,1488,2348,593,873,2875,2898,906,1
56,2242,1654,1464,1487,2350,593,874,2806,2899,907,1
57,2249,1669,1466,1490,2349,594,883,2765,2902,907,1
58,2242,1677,1466,1491,2349,594,879,2778,2902,909,1
59,2249,1678,1465,1493,2350,594,879,2854,2902,910,1
60,2247,1666,1467,1494,2347,590,883,2900,2903,910,1
61,2233,1674,1468,1498,2350,593,884,2916,2904,911,1
62,2267,1678,1465,1500,2350,592,885,2862,2903,911,1
63,2209,1673,1465,1501,2350,593,885,2795,2905,911,1
64,2248,1672,1466,1502,2350,592,888,2771,2905,913,1
65,2251,1674,1466,1505,2350,593,891,2811,2907,913,1
66,2251,1681,1467,1507,2350,598,891,2873,2907,912,1
67,2252,1666,1468,1507,2350,594,892,2906,2908,913,1
68,2249,1688,1468,1511,2351,594,897,2911,2907,913,1
69,2267,1675,1468,1514,2350,593,898,2845,2908,915,1
70,2226,1677,1467,1513,2351,594,900,2777,2909,915,1
71,2252,1672,1468,1515,2351,594,900,2774,2910,916,1
72,2254,1678,1470,1516,2351,593,902,2826,2912,917,1
73,2255,1675,1467,1518,2351,594,904,2891,2912,917,1
74,2248,1672,1469,1520,2352,594,903,2910,2912,917,1
75,2259,1683,1470,1520,2352,594,904,2902,2911,919,1
76,2258,1677,1469,1523,2353,592,906,2828,2914,920,1
77,2252,1678,1470,1523,2351,594,907,2779,2913,918,1
78,2255,1686,1472,1524,2353,595,905,2788,2914,920,1
79,2254,1667,1473,1526,2352,594,910,2845,2915,920,1
80,2258,1686,1469,1526,2354,595,910,2906,2914,921,1
81,2266,1679,1469,1526,2352,594,910,2914,2916,921,1
82,2248,1678,1475,1527,2354,595,911,2885,2916,921,1
83,2267,1676,1472,1531,2352,593,911,2808,2917,922,1
84,2261,1659,1473,1529,2354,594,912,2776,2917,922,1
85,2258,1696,1474,1531,2354,594,913,2804,2918,922,1
86,2276,1681,1474,1531,2354,594,914,2867,2919,922,1
87,2244,1678,1474,1532,2356,595,915,2916,2919,923,1
88,2272,1679,1475,1532,2354,594,916,2918,2920,924,1
89,2264,1690,1474,1534,2355,595,915,2867,2920,925,1
90,2264,1700,1473,1536,2356,594,918,2794,2920,924,1
91,2275,1681,1475,1537,2357,594,918,2777,2921,923,1
92,2251,1681,1475,1536,2355,595,922,2827,2920,924,1
93,2271,1682,1467,1537,2358,594,917,2882,2921,923,1
94,2264,1658,1474,1538,2356,595,919,2915,2922,925,1
95,2266,1690,1474,1530,2358,595,919,2915,2920,923,1
96,2271,1679,1472,1539,2358,595,920,2848,2921,923,1
97,2259,1682,1476,1539,2358,595,918,2788,2923,925,1
98,2269,1681,1475,1542,2358,595,921,2779,2922,925,1
99,2267,1675,1477,1540,2358,596,920,2840,2922,925,1
100,2302,1686,1476,1542,2360,594,920,2894,2922,925,1
101,2270,1688,1476,1540,2358,595,921,2918,2922,924,1
102,2266,1681,1475,1541,2359,595,922,2906,2922,924,1
103,2270,1686,1477,1542,2358,595,918,2828,2922,924,1
104,2248,1681,1478,1540,2360,597,919,2780,2922,923,1
105,2281,1682,1479,1541,2360,595,919,2791,2921,923,1
106,2272,1664,1478,1540,2358,596,917,2853,2922,923,1
107,2271,1694,1478,1534,2360,595,917,2912,2922,924,1
108,2271,1672,1479,1539,2360,596,916,2920,2921,922,1
109,2264,1683,1477,1539,2362,596,917,2885,2921,923,1
110,2272,1684,1480,1537,2359,595,913,2811,2922,922,1
111,2269,1675,1479,1536,2362,596,915,2769,2921,922,1
112,2280,1688,1480,1533,2360,595,909,2803,2922,922,1
113,2269,1682,1479,1533,2361,596,910,2866,2921,922,1
114,2275,1688,1479,1531,2360,596,907,2907,2920,924,1
115,2271,1682,1480,1529,2362,596,905,2918,2919,922,1
116,2267,1683,1480,1529,2362,596,904,2856,2920,920,1
117,2246,1681,1481,1527,2361,595,903,2781,2919,921,1
118,2293,1688,1480,1523,2361,596,901,2762,2920,919,1
119,2278,1693,1479,1522,2362,597,896,2816,2918,920,1
120,2278,1698,1482,1520,2363,595,898,2885,2918,918,1
121,2284,1685,1480,1518,2362,596,893,2912,2918,919,2
122,2283,1690,1485,1520,2368,598,896,2904,2918,918,2
123,2283,1692,1483,1515,2368,598,893,2831,2917,918,2
124,2283,1692,1483,1510,2368,599,889,2764,2916,918,2
125,2281,1690,1483,1504,2368,598,886,2765,2916,916,2
126,2282,1690,1484,1499,2366,598,882,2834,2915,915,2
127,2281,1691,1483,1496,2366,598,880,2893,2915,916,2
128,2282,1692,1483,1490,2368,598,875,2908,2914,913,2
129,2283,1691,1483,1485,2368,598,872,2880,2914,913,2
130,2280,1690,1483,1481,2368,598,870,2794,2914,913,2
131,2282,1691,1486,1477,2366,598,866,2739,2913,913,2
132,2283,1692,1484,1470,2365,598,859,2767,2912,910,2
133,2280,1690,1483,1467,2368,598,857,2848,2910,910,2
134,2280,1691,1483,1463,2366,598,852,2898,2909,908,2
135,2282,1689,1483,1458,2364,598,848,2905,2906,908,2
136,2282,1689,1482,1454,2365,598,845,2842,2907,907,2
137,2282,1690,1483,1451,2365,598,840,2747,2906,906,2
138,2283,1689,1483,1446,2363,597,835,2723,2905,905,2
139,2282,1690,1482,1444,2364,596,834,2776,2904,905,2
140,2283,1691,1483,1438,2364,596,827,2854,2902,904,2
141,2282,1690,1483,1433,2364,596,824,2894,2902,902,2
142,2283,1691,1481,1432,2364,597,820,2891,2900,901,2
143,2280,1690,1482,1425,2364,597,815,2804,2898,900,2
144,2281,1690,1480,1423,2363,598,812,2715,2898,900,2
145,2283,1691,1482,1420,2363,597,808,2712,2896,899,2
146,2282,1688,1482,1417,2364,595,805,2794,2896,897,2
147,2283,1689,1482,1412,2364,596,802,2862,2894,898,2
148,2280,1688,1482,1410,2362,595,797,2888,2894,896,2
149,2281,1691,1481,1404,2364,596,794,2867,2892,893,2
150,2282,1689,1482,1402,2362,596,790,2762,2891,892,2
151,2281,1687,1482,1396,2363,597,786,2694,2890,890,2
152,2282,1688,1481,1394,2363,596,784,2718,2889,891,2
153,2282,1691,1480,1392,2363,597,782,2806,2886,890,2
154,2284,1688,1481,1388,2362,597,776,2870,2886,889,2
155,2283,1689,1482,1385,2363,595,773,2882,2886,889,2
156,2280,1686,1482,1382,2363,595,771,2826,2883,888,2
157,2282,1687,1480,1379,2363,597,768,2721,2883,886,2
158,2283,1687,1482,1376,2362,596,764,2680,2882,885,2
159,2286,1688,1480,1372,2362,596,761,2732,2878,885,2
160,2282,1689,1480,1370,2362,595,758,2823,2878,883,2
161,2286,1687,1482,1367,2362,596,757,2872,2876,883,2
162,2281,1688,1480,1366,2361,596,751,2874,2874,882,2
163,2283,1690,1481,1363,2362,595,749,2789,2873,881,2
164,2279,1685,1480,1361,2362,595,748,2683,2873,881,2
165,2282,1687,1480,1358,2361,595,746,2674,2872,880,2
166,2286,1686,1480,1355,2361,594,743,2753,2871,880,2
167,2281,1688,1480,1354,2361,596,740,2834,2869,878,2
168,2283,1691,1480,1351,2362,596,737,2872,2868,877,2
169,2283,1685,1480,1349,2359,594,735,2858,2867,877,2
170,2279,1686,1480,1347,2360,597,731,2746,2866,875,2
171,2278,1685,1478,1344,2362,595,731,2664,2864,876,2
172,2279,1685,1480,1344,2361,596,728,2678,2864,876,2
173,2280,1686,1480,1340,2360,595,726,2777,2862,875,2
174,2282,1688,1480,1336,2361,595,724,2849,2862,873,2
175,2277,1685,1479,1336,2360,595,722,2869,2858,873,2
176,2276,1685,1478,1334,2361,595,719,2826,2859,873,2
177,2275,1687,1479,1332,2360,596,718,2710,2858,871,2
178,2279,1685,1478,1329,2361,595,716,2649,2857,872,2
179,2278,1684,1477,1329,2362,595,714,2696,2855,870,2
180,2277,1683,1479,1329,2359,594,712,2794,2855,870,2
181,2280,1687,1478,1326,2359,594,711,2854,2854,870,2
182,2274,1685,1478,1325,2360,594,710,2863,2852,869,2
183,2277,1685,1477,1322,2359,594,707,2788,2851,867,2
184,2274,1684,1475,1322,2360,594,705,2679,2850,866,2
185,2275,1683,1478,1319,2359,594,701,2647,2850,867,2
186,2275,1684,1476,1318,2360,594,700,2720,2848,866,2
187,2276,1686,1478,1317,2359,594,699,2812,2848,863,2
188,2274,1683,1476,1315,2359,594,696,2859,2845,864,2
189,2277,1682,1477,1314,2359,594,697,2859,2844,864,2
190,2278,1683,1477,1313,2358,593,695,2754,2844,864,2
191,2275,1681,1478,1312,2358,594,692,2651,2843,863,2
192,2275,1682,1475,1310,2357,594,691,2654,2842,864,2
193,2273,1683,1475,1308,2358,594,691,2748,2841,861,2
194,2273,1682,1475,1307,2357,594,690,2830,2840,861,2
195,2275,1683,1476,1306,2357,594,689,2859,2839,861,2
196,2274,1681,1476,1306,2358,593,686,2834,2838,860,2
197,2274,1679,1475,1306,2357,594,686,2712,2837,858,2
198,2267,1679,1475,1302,2358,594,684,2636,2836,858,2
199,2270,1682,1474,1301,2358,593,683,2665,2835,857,2
200,2268,1679,1476,1301,2358,594,681,2768,2834,858,2
201,2268,1683,1474,1300,2356,595,682,2838,2833,858,2
202,2267,1681,1473,1300,2357,594,680,2858,2832,857,2
203,2266,1679,1474,1300,2355,594,680,2800,2830,857,2
204,2268,1680,1474,1298,2356,594,678,2682,2830,855,2
205,2266,1679,1474,1297,2355,592,675,2632,2830,856,2
206,2266,1680,1474,1295,2354,594,674,2690,2828,855,2
207,2264,1679,1472,1295,2355,594,675,2790,2827,856,2
208,2266,1679,1474,1296,2355,593,676,2846,2826,856,2
209,2266,1678,1472,1293,2354,593,673,2853,2826,854,2
210,2266,1675,1472,1292,2353,593,671,2762,2825,853,2
211,2266,1681,1470,1292,2354,594,672,2652,2824,854,2
212,2264,1680,1472,1291,2353,593,670,2635,2823,853,2
213,2262,1677,1472,1292,2352,593,670,2715,2822,852,2
214,2262,1677,1473,1290,2353,593,668,2808,2821,852,2
215,2266,1678,1472,1290,2352,592,667,2850,2821,851,2
216,2263,1675,1470,1290,2353,593,666,2842,2819,851,2
217,2259,1677,1472,1290,2352,592,666,2726,2818,851,2
218,2258,1675,1469,1289,2354,594,664,2634,2818,850,2
219,2261,1678,1468,1288,2352,593,664,2647,2814,848,2
220,2262,1675,1469,1288,2352,591,663,2747,2817,849,2
221,2258,1676,1469,1288,2353,592,664,2825,2816,849,2
222,2259,1675,1467,1286,2352,593,662,2850,2813,850,2
223,2255,1674,1468,1286,2351,592,662,2819,2812,848,2
224,2257,1675,1469,1285,2351,592,659,2696,2811,848,2
225,2258,1678,1467,1284,2352,592,660,2625,2811,848,2
226,2258,1674,1468,1285,2351,591,659,2666,2810,847,2
227,2256,1675,1467,1283,2351,592,658,2770,2809,847,2
228,2252,1675,1467,1283,2351,592,658,2837,2808,846,2
229,2252,1674,1467,1281,2351,592,657,2852,2808,846,2
230,2253,1675,1467,1283,2351,591,657,2780,2807,846,2
231,2250,1676,1467,1283,2349,592,657,2664,2807,843,2
232,2250,1675,1466,1283,2349,592,657,2624,2805,846,2
233,2251,1674,1465,1282,2351,592,654,2691,2805,845,2
234,2251,1672,1465,1281,2350,592,655,2793,2804,844,2
235,2250,1672,1466,1281,2348,591,653,2842,2803,845,2
236,2246,1672,1466,1281,2347,591,654,2848,2803,842,2
237,2247,1675,1463,1282,2349,592,655,2742,2802,844,2
238,2250,1672,1465,1281,2350,591,653,2637,2801,843,2
239,2248,1672,1465,1277,2347,592,654,2632,2800,841,2
240,2246,1672,1466,1281,2348,592,652,2720,2799,842,2
241,2246,1669,1465,1278,2350,591,652,2809,2800,842,2
242,2242,1672,1464,1278,2348,591,650,2848,2798,841,2
243,2245,1674,1464,1278,2350,591,650,2831,2797,841,2
244,2246,1671,1464,1278,2347,590,650,2707,2797,840,2
245,2242,1670,1464,1277,2347,590,649,2619,2798,841,2
246,2242,1669,1464,1277,2347,590,650,2645,2795,840,2
247,2240,1670,1463,1278,2346,591,648,2749,2796,839,2
248,2235,1672,1462,1278,2347,591,648,2826,2794,839,2
249,2242,1667,1463,1276,2347,590,648,2846,2793,840,2
250,2242,1667,1463,1275,2346,589,649,2802,2794,839,2
251,2241,1670,1462,1276,2346,591,647,2679,2791,837,2
252,2240,1667,1460,1277,2346,590,648,2616,2792,840,2
253,2235,1669,1462,1276,2345,590,648,2670,2792,838,2
254,2235,1672,1462,1278,2346,590,646,2774,2791,837,2
255,2236,1672,1459,1276,2344,591,646,2834,2790,837,2
256,2235,1670,1462,1276,2346,591,646,2848,2790,836,2
257,2235,1672,1458,1275,2345,591,646,2762,2787,836,2
258,2232,1667,1460,1275,2343,590,646,2650,2788,836,2
259,2232,1667,1459,1275,2343,589,646,2621,2787,835,2
260,2234,1667,1460,1277,2346,590,646,2698,2786,835,2
261,2231,1668,1460,1276,2343,590,645,2796,2787,835,2
262,2230,1666,1459,1276,2344,590,646,2840,2784,836,2
263,2230,1668,1458,1276,2344,589,644,2842,2784,835,2
264,2228,1667,1458,1276,2342,589,643,2730,2784,835,2
265,2228,1668,1458,1274,2343,590,644,2630,2782,834,2
266,2227,1667,1458,1275,2342,589,643,2635,2783,834,2
267,2227,1665,1458,1275,2342,590,643,2730,2781,834,2
268,2225,1667,1457,1275,2341,590,643,2812,2779,834,2
269,2225,1666,1458,1276,2341,589,643,2843,2780,833,2
270,2225,1665,1458,1277,2342,589,642,2822,2781,833,2
271,2222,1666,1458,1275,2342,590,643,2698,2780,834,2
272,2222,1666,1456,1277,2341,590,642,2616,2779,834,2
273,2224,1664,1458,1276,2341,589,642,2648,2779,833,2
274,2224,1664,1455,1276,2339,588,642,2758,2777,833,2
275,2222,1664,1456,1275,2340,588,642,2829,2778,832,2
276,2219,1660,1456,1276,2340,590,642,2843,2777,832,2
277,2218,1665,1454,1277,2340,590,642,2787,2776,829,2
278,2220,1662,1455,1275,2338,589,642,2667,2776,828,2
279,2222,1659,1454,1275,2338,588,643,2616,2776,829,2
280,2219,1662,1454,1275,2339,587,640,2677,2774,830,2
281,2219,1660,1454,1275,2338,589,642,2782,2775,828,2
282,2216,1661,1454,1278,2338,588,640,2836,2773,832,2
283,2218,1658,1453,1276,2339,589,641,2846,2772,830,2
284,2216,1662,1453,1277,2338,590,641,2752,2772,828,2
285,2218,1661,1453,1276,2338,588,642,2639,2774,829,2
286,2214,1664,1453,1275,2338,589,640,2626,2773,827,2
287,2216,1658,1453,1277,2336,590,642,2707,2771,829,2
288,2211,1660,1451,1276,2338,589,642,2800,2770,826,2
289,2213,1660,1451,1277,2334,588,641,2842,2770,827,2
290,2212,1657,1451,1278,2338,588,640,2834,2770,827,2
291,2210,1658,1453,1278,2336,589,638,2720,2768,826,2
292,2210,1658,1452,1277,2336,590,637,2624,2769,827,2
293,2211,1658,1451,1277,2334,588,641,2639,2768,826,2
294,2211,1657,1449,1280,2336,590,640,2742,2767,826,2
295,2207,1657,1451,1277,2336,587,640,2818,2768,827,2
296,2206,1659,1450,1278,2336,587,642,2845,2767,827,2
297,2205,1657,1450,1281,2333,589,641,2809,2766,827,2
298,2207,1658,1449,1280,2335,588,637,2688,2766,825,2
299,2208,1659,1449,1277,2334,587,640,2616,2766,825,2
300,2203,1657,1450,1281,2333,587,640,2659,2766,826,2
301,2202,1656,1448,1277,2334,587,640,2766,2765,826,2
302,2204,1657,1448,1282,2332,588,638,2831,2763,825,2
303,2203,1656,1448,1280,2333,586,640,2846,2762,825,2
304,2202,1656,1448,1281,2332,589,640,2775,2763,824,2
305,2200,1653,1448,1281,2331,587,641,2659,2763,825,2
306,2199,1653,1447,1283,2332,587,640,2620,2762,824,2
307,2202,1658,1446,1282,2331,588,638,2690,2763,826,2
308,2200,1654,1448,1282,2332,588,637,2792,2762,824,2
309,2198,1654,1448,1283,2331,587,640,2840,2762,825,2
310,2198,1655,1448,1282,2331,587,638,2843,2762,824,2
311,2198,1654,1446,1282,2332,587,640,2738,2760,824,2
312,2195,1651,1445,1284,2330,586,640,2632,2762,824,2
313,2195,1655,1445,1283,2330,587,637,2634,2760,823,2
314,2198,1651,1446,1284,2330,586,640,2722,2760,824,2
315,2194,1654,1446,1283,2330,586,640,2808,2760,823,2
316,2195,1654,1445,1284,2330,586,640,2843,2759,823,2
317,2194,1651,1445,1284,2330,587,637,2827,2758,822,2
318,2192,1652,1443,1284,2330,587,638,2704,2757,823,2
319,2190,1650,1443,1286,2328,587,639,2619,2758,824,2
320,2190,1652,1442,1286,2329,587,638,2647,2757,822,2
321,2193,1652,1442,1285,2330,587,640,2753,2756,822,3
322,2190,1641,1437,1282,2323,585,636,2821,2755,822,3
323,2170,1646,1438,1285,2323,586,636,2846,2755,821,3
324,2191,1645,1439,1290,2323,586,636,2795,2755,821,3
325,2152,1642,1440,1295,2323,585,641,2677,2755,823,3
326,2186,1644,1440,1302,2322,585,640,2617,2755,821,3
327,2164,1643,1440,1307,2323,584,642,2680,2755,824,3
328,2191,1648,1441,1311,2324,586,642,2777,2755,823,3
329,2197,1643,1440,1319,2324,585,646,2835,2754,823,3
330,2194,1647,1450,1326,2323,583,648,2845,2755,822,3
331,2172,1648,1442,1334,2324,584,649,2770,2756,826,3
332,2193,1651,1440,1339,2326,585,654,2661,2755,826,3
333,2195,1642,1442,1350,2326,586,655,2648,2757,826,3
334,2198,1651,1442,1358,2325,585,658,2716,2758,826,3
335,2206,1649,1442,1368,2325,585,662,2807,2758,827,3
336,2171,1646,1443,1376,2325,584,664,2850,2758,827,3
337,2202,1658,1442,1382,2323,585,668,2848,2758,826,3
338,2203,1644,1444,1387,2326,586,669,2757,2759,826,3
339,2214,1649,1443,1394,2326,586,672,2662,2760,827,3
340,2210,1653,1444,1398,2326,585,670,2670,2760,827,3
341,2206,1650,1444,1400,2328,592,674,2760,2761,829,3
342,2206,1650,1446,1402,2327,585,678,2834,2760,830,3
343,2212,1641,1447,1402,2326,584,678,2859,2762,828,3
344,2214,1658,1446,1402,2326,585,679,2832,2763,827,3
345,2217,1664,1446,1402,2328,584,682,2726,2762,830,3
346,2216,1648,1447,1400,2328,584,682,2666,2763,832,3
347,2216,1670,1445,1399,2328,586,683,2689,2763,832,3
348,2226,1655,1446,1397,2327,585,685,2782,2765,832,3
349,2220,1648,1448,1393,2326,586,683,2849,2764,832,3
350,2219,1646,1448,1392,2328,585,686,2862,2765,833,3
351,2217,1651,1450,1390,2326,585,694,2808,2766,833,3
352,2219,1635,1446,1388,2327,585,687,2701,2763,833,3
353,2230,1656,1448,1386,2327,586,685,2662,2766,833,3
354,2222,1664,1448,1382,2327,585,689,2726,2766,834,3
355,2222,1650,1448,1380,2328,585,689,2813,2768,836,3
356,2233,1655,1447,1378,2328,585,690,2853,2768,836,3
357,2226,1649,1447,1376,2326,586,690,2862,2767,835,3
358,2225,1654,1448,1372,2326,586,692,2782,2769,836,3
359,2210,1652,1449,1370,2327,584,693,2681,2770,837,3
360,2227,1658,1448,1368,2326,585,693,2680,2769,837,3
361,2223,1654,1447,1368,2328,585,693,2756,2770,839,3
362,2221,1654,1448,1367,2328,585,695,2829,2771,840,3
363,2226,1651,1449,1365,2328,586,696,2866,2772,839,3
364,2222,1655,1448,1364,2333,586,698,2850,2773,839,3
365,2226,1656,1448,1365,2326,585,701,2747,2774,841,3
366,2222,1658,1448,1363,2328,585,704,2674,2774,840,3
367,2224,1668,1447,1362,2327,585,704,2697,2774,840,3
368,2223,1652,1449,1362,2327,586,704,2774,2776,840,3
369,2221,1660,1449,1362,2327,586,707,2843,2776,842,3
370,2234,1655,1448,1362,2328,584,710,2862,2778,842,3
371,2222,1657,1450,1362,2328,586,710,2823,2778,842,3
372,2246,1656,1448,1362,2328,586,715,2734,2778,843,3
373,2230,1661,1448,1362,2326,587,712,2683,2780,842,3
374,2223,1647,1448,1363,2328,585,713,2718,2779,845,3
375,2252,1656,1449,1363,2326,586,715,2810,2780,844,3
376,2227,1658,1448,1364,2326,585,717,2862,2780,846,3
377,2230,1658,1447,1363,2321,586,721,2867,2782,846,3
378,2202,1654,1448,1363,2328,586,720,2795,2783,844,3
379,2226,1660,1448,1363,2326,586,722,2706,2784,844,3
380,2224,1662,1446,1364,2326,585,724,2690,2782,845,3
381,2225,1644,1448,1366,2329,585,724,2752,2786,846,3
382,2222,1658,1447,1366,2328,587,726,2827,2784,846,3
383,2191,1654,1457,1366,2328,586,726,2863,2786,846,3
384,2232,1654,1451,1367,2325,586,728,2856,2786,846,3
385,2224,1654,1448,1357,2328,585,730,2774,2787,847,3
386,2225,1653,1450,1368,2328,586,729,2698,2787,847,3
387,2224,1646,1447,1367,2328,587,731,2701,2787,846,3
388,2232,1659,1449,1367,2328,587,731,2787,2788,846,3
389,2225,1652,1448,1358,2327,586,733,2852,2789,847,3
390,2226,1642,1447,1368,2326,586,734,2866,2789,847,3
391,2185,1651,1448,1368,2325,585,736,2835,2790,848,3
392,2218,1657,1450,1368,2326,587,736,2742,2790,842,3
393,2228,1660,1448,1368,2328,587,735,2696,2791,848,3
394,2237,1657,1450,1368,2328,586,738,2729,2792,849,3
395,2232,1659,1449,1367,2329,586,739,2812,2791,850,3
396,2216,1658,1448,1369,2328,586,738,2858,2792,850,3
397,2225,1672,1448,1368,2327,587,740,2874,2791,849,3
398,2216,1656,1449,1367,2326,587,741,2807,2794,849,3
399,2242,1654,1450,1368,2328,587,739,2722,2794,849,3
400,2222,1647,1449,1361,2327,585,742,2694,2794,849,3
401,2223,1659,1448,1367,2328,586,742,2752,2793,850,3
402,2226,1649,1447,1368,2328,586,743,2827,2792,850,3
403,2220,1656,1449,1366,2328,586,742,2864,2795,849,3
404,2226,1672,1449,1366,2326,586,743,2866,2795,850,3
405,2225,1659,1448,1370,2327,585,744,2783,2795,851,3
406,2222,1658,1448,1368,2328,587,741,2698,2794,850,3
407,2224,1658,1448,1368,2327,586,744,2702,2795,850,3
408,2222,1660,1449,1366,2326,587,742,2779,2796,849,3
409,2222,1654,1449,1365,2328,586,747,2850,2796,850,3
410,2226,1647,1448,1370,2326,585,747,2867,2797,851,3
411,2221,1656,1448,1367,2328,587,747,2842,2797,852,3
412,2220,1650,1448,1366,2328,587,748,2749,2798,851,3
413,2226,1659,1450,1365,2327,587,749,2693,2798,851,3
414,2223,1650,1449,1366,2327,587,748,2722,2798,851,3
415,2223,1656,1449,1367,2327,586,745,2805,2798,852,3
416,2224,1658,1448,1368,2328,587,749,2860,2800,853,3
417,2189,1656,1448,1366,2328,586,752,2880,2798,854,3
418,2221,1666,1449,1360,2328,586,748,2816,2799,852,3
419,2223,1654,1449,1366,2327,587,750,2726,2802,853,3
420,2211,1654,1448,1367,2328,586,753,2705,2801,854,3
421,2221,1652,1448,1368,2327,586,754,2754,2802,854,3
422,2216,1656,1446,1367,2328,587,756,2831,2802,854,3
423,2221,1679,1450,1363,2327,586,753,2874,2804,854,3
424,2226,1656,1447,1369,2326,587,754,2871,2803,855,3
425,2224,1638,1450,1369,2326,578,757,2786,2804,856,3
426,2219,1658,1448,1371,2328,586,762,2707,2805,856,3
427,2221,1655,1448,1371,2327,586,759,2715,2806,857,3
428,2220,1646,1448,1371,2327,587,760,2786,2807,856,3
429,2218,1658,1448,1372,2327,587,763,2851,2807,857,3
430,2220,1657,1448,1374,2328,588,763,2877,2807,858,3
431,2217,1651,1448,1377,2328,585,766,2850,2809,858,3
432,2222,1659,1446,1378,2328,586,768,2770,2808,858,3
433,2218,1652,1448,1377,2327,585,769,2706,2811,858,3
434,2218,1660,1448,1378,2326,587,773,2734,2811,858,3
435,2224,1655,1448,1380,2328,586,772,2818,2812,861,3
436,2220,1638,1449,1382,2328,586,775,2867,2812,859,3
437,2224,1654,1449,1383,2326,586,775,2884,2813,859,3
438,2222,1656,1449,1383,2328,587,779,2824,2814,861,3
439,2220,1673,1448,1387,2327,586,778,2744,2817,860,3
440,2222,1659,1450,1388,2328,586,779,2712,2818,862,3
441,2220,1671,1448,1391,2328,585,782,2768,2818,862,3
442,2219,1656,1447,1389,2328,587,786,2840,2818,862,3
443,2240,1656,1448,1391,2326,587,783,2874,2820,861,3
444,2214,1656,1448,1392,2326,587,787,2883,2820,863,3
445,2220,1652,1448,1394,2328,586,787,2800,2821,865,3
446,2227,1658,1447,1395,2328,588,790,2730,2822,863,3
447,2218,1660,1447,1396,2327,587,790,2726,2822,866,3
448,2230,1656,1450,1398,2331,588,791,2795,2824,864,3
449,2210,1658,1448,1398,2329,587,794,2866,2824,866,3
450,2219,1646,1448,1400,2326,586,796,2882,2824,866,3
451,2220,1667,1448,1398,2328,593,795,2862,2824,866,3
452,2203,1656,1446,1402,2330,587,798,2785,2826,866,3
453,2222,1634,1448,1408,2326,588,798,2722,2826,866,3
454,2218,1654,1448,1404,2328,588,803,2745,2827,868,3
455,2223,1660,1448,1405,2328,588,803,2830,2827,868,3
456,2217,1647,1448,1410,2328,587,804,2875,2826,868,3
457,2236,1659,1448,1408,2324,588,804,2887,2829,866,3
458,2222,1654,1448,1410,2326,587,806,2836,2830,868,3
459,2214,1656,1448,1410,2327,588,807,2748,2830,868,3
460,2219,1635,1447,1414,2328,587,808,2726,2830,869,3
461,2220,1654,1448,1414,2326,586,809,2779,2832,870,3
462,2217,1676,1448,1414,2330,587,809,2853,2831,870,3
463,2226,1659,1448,1415,2328,586,811,2889,2833,871,3
464,2218,1658,1450,1416,2328,587,810,2882,2834,871,3
465,2217,1650,1448,1417,2328,586,812,2804,2835,870,3
466,2220,1653,1448,1418,2328,588,811,2737,2834,870,3
467,2218,1669,1446,1418,2328,587,815,2741,2834,872,3
468,2224,1662,1450,1418,2327,588,814,2810,2837,871,3
469,2216,1658,1448,1419,2327,588,817,2870,2838,870,3
470,2220,1659,1447,1422,2328,588,813,2885,2837,872,3
471,2210,1654,1447,1421,2328,587,818,2860,2837,872,3
472,2243,1656,1449,1422,2328,587,819,2781,2838,871,3
473,2226,1655,1449,1423,2326,587,818,2731,2839,873,3
474,2222,1659,1449,1423,2327,587,820,2760,2840,873,3
475,2219,1665,1450,1426,2328,586,822,2840,2840,873,3
476,2203,1653,1450,1426,2330,587,824,2890,2840,874,3
477,2205,1657,1446,1426,2329,587,824,2900,2840,874,3
478,2209,1652,1449,1425,2328,586,825,2841,2842,873,3
479,2218,1662,1448,1427,2327,588,824,2754,2842,873,3
480,2216,1659,1448,1428,2326,587,824,2736,2842,875,3
481,2214,1656,1447,1429,2328,588,825,2789,2842,875,3
482,2218,1653,1449,1428,2328,587,826,2857,2843,875,3
483,2216,1650,1450,1429,2328,587,827,2892,2845,875,3
484,2234,1660,1449,1429,2328,588,826,2882,2844,875,3
485,2210,1654,1448,1430,2328,587,828,2803,2844,876,3
486,2221,1658,1448,1432,2328,589,829,2738,2845,875,3
487,2231,1661,1448,1432,2328,588,832,2744,2845,877,3
488,2212,1658,1450,1430,2328,588,828,2817,2846,874,3
489,2223,1657,1449,1431,2330,587,834,2875,2846,876,3
490,2244,1658,1450,1432,2327,587,832,2891,2848,877,3
491,2224,1658,1448,1433,2328,588,834,2862,2848,877,3
492,2236,1656,1449,1433,2328,588,835,2776,2849,877,3
493,2216,1654,1449,1433,2328,588,834,2734,2850,875,3
494,2244,1660,1450,1433,2328,587,836,2768,2850,877,3
495,2220,1650,1450,1434,2329,587,836,2842,2851,878,3
496,2218,1658,1448,1435,2328,588,838,2888,2850,878,3
497,2221,1651,1450,1435,2328,586,837,2891,2851,877,3
498,2222,1659,1450,1435,2328,588,837,2831,2852,877,3
499,2220,1664,1449,1435,2327,588,836,2748,2852,877,3
500,2213,1654,1448,1436,2326,587,838,2742,2852,877,3
501,2218,1659,1450,1435,2328,589,838,2801,2851,878,3
502,2228,1659,1449,1437,2328,586,841,2871,2851,878,3
503,2222,1672,1450,1429,2329,587,840,2898,2854,879,3
504,2222,1666,1449,1437,2329,588,839,2882,2854,878,3
505,2220,1657,1450,1439,2330,587,840,2802,2854,877,3
506,2221,1654,1450,1438,2329,587,841,2742,2855,879,3
507,2255,1660,1450,1440,2329,587,841,2758,2854,878,3
508,2223,1667,1450,1438,2329,589,839,2828,2856,878,3
509,2221,1638,1449,1438,2329,588,841,2886,2856,879,3
510,2206,1659,1450,1440,2330,587,843,2902,2856,879,3
511,2206,1657,1450,1440,2330,588,842,2852,2857,881,3
512,2221,1668,1450,1442,2330,589,841,2773,2856,879,3
513,2222,1658,1450,1442,2330,586,843,2736,2857,879,3
514,2225,1658,1451,1442,2330,587,841,2782,2858,880,3
515,2221,1651,1450,1443,2329,586,844,2854,2858,880,3
516,2219,1650,1449,1448,2329,588,845,2893,2858,881,3
517,2208,1660,1449,1443,2330,588,845,2897,2858,880,3
518,2219,1670,1451,1444,2330,588,845,2823,2859,881,3
519,2219,1668,1450,1443,2329,589,845,2749,2859,881,3
520,2246,1659,1448,1444,2328,587,846,2744,2859,881,3
521,2216,1657,1450,1444,2329,588,845,2814,2859,880,3
522,2218,1666,1449,1446,2331,589,847,2875,2859,882,3
523,2224,1664,1451,1445,2330,587,845,2899,2862,881,3
524,2222,1670,1450,1436,2329,588,846,2872,2862,881,3
525,2235,1659,1451,1446,2330,589,846,2785,2862,882,3
526,2216,1656,1450,1446,2329,589,848,2739,2862,882,3
527,2223,1665,1449,1445,2330,588,847,2769,2863,881,3
528,2226,1668,1451,1446,2330,589,846,2846,2862,881,3
529,2222,1654,1450,1447,2330,590,851,2899,2862,882,3
530,2219,1654,1450,1448,2330,588,850,2898,2862,883,3
531,2219,1652,1450,1448,2331,586,849,2839,2864,882,3
532,2198,1658,1450,1446,2331,589,849,2766,2862,882,3
533,2223,1658,1451,1446,2331,588,846,2746,2864,882,3
534,2229,1660,1451,1448,2338,590,850,2801,2864,882,3
535,2226,1665,1449,1448,2330,588,846,2862,2863,884,3
536,2217,1660,1449,1448,2330,588,850,2904,2864,883,3
537,2223,1678,1450,1448,2331,587,852,2892,2864,882,3
538,2218,1658,1452,1447,2330,590,850,2806,2865,882,3
539,2221,1645,1450,1449,2330,590,851,2746,2866,882,3
540,2228,1661,1450,1447,2331,589,850,2759,2866,884,3
541,2221,1672,1452,1448,2330,589,850,2832,2866,882,3
542,2218,1656,1451,1449,2331,589,851,2890,2866,883,3
543,2213,1660,1450,1448,2332,588,850,2906,2866,883,3
544,2223,1659,1451,1449,2331,588,850,2859,2867,883,3
545,2245,1662,1450,1450,2331,587,850,2773,2867,884,3
546,2218,1654,1450,1450,2331,589,851,2742,2867,883,3
547,2230,1662,1450,1449,2332,589,848,2790,2866,884,3
548,2228,1661,1452,1450,2336,590,850,2856,2868,885,3
549,2218,1658,1452,1450,2331,588,851,2898,2869,885,3
550,2197,1658,1451,1451,2331,588,851,2897,2868,884,3
551,2226,1672,1452,1450,2331,590,850,2827,2869,883,3
552,2217,1658,1451,1452,2330,590,850,2748,2868,884,3
553,2200,1658,1450,1449,2331,590,851,2754,2870,885,3
554,2226,1671,1450,1450,2331,589,851,2823,2869,884,3
555,2217,1657,1452,1451,2331,588,854,2881,2870,885,3
556,2222,1664,1451,1451,2331,589,854,2898,2870,884,3
557,2220,1675,1451,1450,2331,589,853,2876,2870,885,3
558,2221,1654,1451,1450,2331,590,853,2790,2870,885,3
559,2222,1661,1451,1450,2330,588,853,2742,2870,886,3
560,2221,1658,1450,1451,2332,588,852,2770,2870,886,3
561,2247,1660,1452,1452,2331,589,852,2844,2871,885,3
562,2212,1664,1450,1450,2332,590,852,2900,2870,885,3
563,2224,1659,1452,1452,2332,589,853,2897,2873,885,3
564,2219,1658,1451,1451,2331,589,853,2840,2872,885,3
565,2227,1666,1452,1452,2332,589,852,2762,2872,886,3
566,2222,1655,1453,1453,2331,588,851,2747,2872,886,3
567,2219,1666,1451,1451,2332,589,850,2806,2872,886,3
568,2226,1676,1452,1452,2331,590,854,2874,2872,885,3
569,2232,1661,1453,1452,2334,589,854,2897,2872,885,3
570,2216,1658,1451,1454,2323,589,856,2890,2873,886,3
571,2222,1670,1451,1453,2332,589,853,2808,2872,887,3
572,2221,1656,1451,1452,2335,589,853,2744,2872,885,3
573,2226,1668,1452,1453,2332,589,851,2766,2874,887,3
574,2223,1659,1452,1452,2334,588,853,2831,2874,886,3
575,2223,1664,1451,1451,2331,590,854,2895,2874,886,3
576,2225,1667,1451,1453,2333,588,854,2902,2874,887,3
577,2219,1658,1452,1453,2334,589,853,2853,2874,886,3
578,2228,1667,1452,1452,2332,590,853,2774,2873,887,3
579,2225,1658,1453,1453,2331,589,853,2742,2874,886,3
580,2222,1655,1452,1452,2332,587,854,2789,2874,886,3
581,2224,1670,1452,1454,2333,594,853,2863,2874,887,3
582,2221,1657,1452,1453,2334,589,854,2899,2874,886,3
583,2227,1672,1452,1454,2333,591,853,2896,2875,887,3
584,2232,1666,1446,1454,2333,590,853,2817,2876,887,3
585,2211,1661,1451,1453,2334,589,854,2753,2875,886,3
586,2221,1655,1451,1455,2333,588,859,2756,2876,888,3
587,2224,1668,1453,1454,2334,589,854,2823,2874,887,3
588,2225,1660,1452,1453,2333,590,853,2888,2875,886,3
589,2221,1658,1454,1455,2333,590,853,2898,2877,887,3
590,2228,1667,1453,1452,2333,589,853,2868,2875,887,3
591,2231,1666,1452,1455,2343,590,854,2782,2875,888,3
592,2207,1662,1453,1454,2334,589,855,2749,2875,887,3
593,2249,1662,1453,1453,2334,590,854,2777,2876,886,3
594,2226,1666,1454,1455,2334,590,854,2852,2877,888,3
595,2224,1659,1454,1455,2333,589,854,2902,2876,888,3
596,2226,1652,1453,1455,2333,590,856,2894,2878,889,3
597,2225,1675,1455,1455,2334,590,855,2837,2877,887,3
598,2226,1668,1453,1455,2333,590,856,2754,2878,889,3
599,2231,1668,1452,1456,2335,590,854,2749,2880,888,3
600,2225,1656,1452,1458,2334,589,854,2819,2878,888,3
601,2202,1659,1452,1456,2336,589,856,2882,2878,888,3
602,2218,1659,1453,1456,2334,590,856,2898,2877,888,3
603,2230,1666,1453,1456,2333,590,855,2881,2880,887,3
604,2232,1664,1454,1456,2333,589,854,2794,2880,888,3
605,2192,1658,1453,1456,2334,589,855,2746,2880,888,3
606,2223,1664,1452,1455,2334,588,854,2774,2880,889,3
607,2216,1664,1454,1454,2338,590,853,2852,2878,887,3
608,2245,1666,1454,1455,2336,590,854,2892,2882,887,3
609,2223,1664,1454,1456,2334,590,855,2906,2882,888,3
610,2232,1664,1454,1457,2333,589,855,2840,2882,888,3
611,2226,1665,1454,1458,2335,590,856,2760,2880,889,3
612,2226,1664,1454,1456,2337,589,854,2744,2880,888,3
613,2210,1664,1455,1458,2334,589,856,2810,2882,889,3
614,2230,1660,1454,1456,2335,589,855,2874,2882,889,3
615,2219,1659,1454,1458,2328,589,858,2903,2882,890,3
616,2226,1661,1455,1458,2336,590,856,2889,2882,889,3
617,2221,1666,1454,1457,2334,590,856,2812,2881,889,3
618,2246,1662,1454,1456,2336,590,855,2743,2882,889,3
619,2227,1666,1454,1458,2334,589,858,2771,2881,889,3
620,2240,1667,1445,1456,2336,590,856,2835,2882,890,3
621,2227,1666,1455,1459,2335,590,859,2890,2882,890,3
622,2234,1666,1450,1458,2334,590,855,2899,2882,889,3
623,2231,1664,1454,1458,2336,591,856,2854,2882,890,3
624,2240,1666,1454,1456,2336,591,855,2768,2884,889,3
625,2229,1666,1456,1458,2337,589,855,2747,2882,890,3
626,2242,1665,1448,1458,2337,589,856,2790,2884,890,3
627,2227,1667,1454,1457,2338,591,854,2866,2882,889,3
628,2226,1650,1455,1459,2336,590,856,2899,2883,889,3
629,2233,1670,1455,1457,2336,590,857,2896,2883,890,3
630,2223,1643,1454,1459,2338,590,851,2811,2883,890,3
631,2229,1674,1455,1457,2338,594,855,2752,2883,889,3
632,2229,1670,1455,1459,2338,591,856,2755,2883,889,3
633,2230,1667,1456,1457,2338,591,855,2824,2884,888,3
634,2226,1666,1456,1459,2337,590,857,2886,2886,896,3
635,2235,1664,1454,1459,2336,590,856,2898,2884,890,3
636,2225,1670,1454,1458,2338,590,858,2866,2883,891,3
637,2260,1668,1455,1459,2338,589,856,2781,2883,890,3
638,2227,1672,1455,1458,2339,594,856,2748,2885,891,3
639,2223,1661,1456,1459,2337,590,855,2784,2884,891,3
640,2226,1685,1456,1460,2338,590,859,2860,2884,891,3
641,2226,1658,1456,1460,2337,590,857,2897,2886,891,3
642,2227,1664,1456,1458,2339,591,854,2901,2883,890,3
643,2216,1666,1454,1459,2339,591,854,2830,2885,890,3
644,2234,1666,1456,1458,2341,590,856,2749,2886,890,3
645,2235,1666,1456,1459,2338,590,856,2753,2885,890,3
646,2246,1668,1455,1460,2338,591,858,2818,2884,891,3
647,2230,1673,1454,1458,2337,590,856,2888,2884,890,3
648,2226,1672,1456,1459,2338,591,857,2897,2886,891,3
649,2229,1659,1457,1459,2338,591,855,2875,2886,890,3
650,2220,1660,1456,1458,2339,590,857,2794,2886,892,3
651,2233,1664,1456,1460,2339,589,857,2739,2886,890,3
652,2232,1669,1455,1459,2338,591,854,2778,2884,891,3
653,2226,1671,1457,1459,2339,591,851,2846,2886,889,3
654,2230,1664,1456,1460,2337,589,856,2899,2886,891,3
655,2227,1665,1456,1462,2338,591,858,2905,2886,891,3
656,2224,1661,1457,1462,2339,589,856,2845,2886,891,3
657,2200,1663,1457,1459,2338,590,856,2763,2888,891,3
658,2229,1651,1457,1459,2339,590,856,2747,2886,891,3
659,2229,1675,1458,1459,2339,590,856,2816,2887,892,3
660,2230,1668,1456,1459,2339,591,858,2882,2888,892,3
661,2226,1665,1457,1462,2339,590,856,2905,2888,891,3
662,2198,1666,1457,1459,2338,592,856,2888,2888,891,3
663,2226,1648,1457,1458,2339,591,855,2800,2887,891,3
664,2230,1674,1458,1462,2339,591,856,2746,2889,890,3
665,2227,1665,1458,1460,2338,590,858,2771,2887,890,3
666,2230,1666,1456,1460,2339,590,854,2835,2886,892,3
667,2232,1670,1457,1460,2340,591,856,2898,2886,891,3
668,2231,1667,1458,1462,2340,591,859,2902,2888,891,3
669,2228,1662,1458,1459,2340,591,856,2852,2888,892,3
670,2216,1667,1456,1461,2340,590,856,2771,2888,891,3
671,2236,1667,1452,1459,2339,592,855,2744,2888,891,3
672,2232,1672,1457,1459,2340,594,857,2802,2887,891,3
673,2227,1665,1458,1462,2340,590,859,2871,2889,891,3
674,2228,1664,1459,1460,2340,590,857,2897,2889,891,3
675,2234,1670,1458,1462,2340,590,858,2894,2889,892,3
676,2224,1665,1458,1461,2340,591,858,2811,2888,892,3
677,2230,1663,1458,1462,2339,592,856,2753,2888,892,3
678,2208,1666,1457,1459,2340,591,855,2762,2889,891,3
679,2258,1670,1457,1461,2338,592,856,2830,2889,892,3
680,2230,1686,1458,1461,2339,592,858,2889,2889,892,3
681,2230,1665,1458,1462,2339,590,860,2899,2889,892,3
682,2238,1669,1451,1460,2341,591,857,2858,2888,891,3
683,2228,1678,1458,1455,2339,592,858,2780,2890,891,3
684,2226,1653,1458,1459,2340,591,854,2743,2890,893,3
685,2235,1667,1458,1461,2340,591,856,2786,2890,891,3
686,2218,1664,1456,1462,2340,590,859,2862,2890,893,3
687,2227,1654,1457,1464,2341,591,856,2899,2890,892,3
688,2234,1668,1459,1461,2342,591,857,2894,2890,891,3
689,2222,1666,1458,1460,2341,591,857,2830,2890,891,3
690,2228,1658,1458,1464,2341,591,858,2748,2890,892,3
691,2229,1678,1457,1464,2341,591,858,2754,2890,893,3
692,2217,1668,1457,1460,2342,591,857,2827,2889,894,3
693,2230,1654,1458,1464,2340,592,856,2884,2891,891,3
694,2230,1686,1458,1462,2341,591,865,2906,2890,891,3
695,2214,1666,1458,1462,2342,592,858,2874,2890,893,3
696,2260,1670,1458,1463,2341,591,857,2787,2890,893,3
697,2232,1662,1459,1462,2340,590,856,2747,2891,891,3
698,2202,1666,1459,1461,2342,592,856,2779,2890,892,3
699,2224,1669,1459,1462,2342,590,856,2851,2891,892,3
700,2231,1666,1459,1462,2341,591,858,2902,2890,892,3
701,2227,1672,1458,1463,2341,591,858,2906,2891,894,3
702,2226,1662,1459,1463,2340,591,857,2838,2891,893,3
703,2230,1668,1458,1464,2341,592,857,2755,2891,891,3
704,2222,1665,1459,1463,2343,592,859,2754,2892,893,3
705,2231,1656,1459,1472,2342,592,859,2810,2892,892,3
706,2229,1685,1459,1464,2344,591,866,2880,2891,894,3
707,2204,1668,1458,1462,2342,591,857,2905,2891,894,3
708,2230,1671,1460,1464,2342,592,860,2882,2892,892,3
709,2229,1665,1460,1463,2342,592,857,2806,2891,892,3
710,2235,1670,1459,1462,2342,592,858,2746,2891,894,3
711,2230,1659,1458,1463,2342,592,859,2766,2891,896,3
712,2235,1670,1459,1463,2346,592,856,2840,2891,893,3
713,2230,1677,1459,1462,2342,590,858,2899,2893,893,3
714,2232,1670,1458,1464,2343,591,859,2902,2891,893,3
715,2223,1664,1459,1465,2342,591,858,2847,2891,893,3
716,2234,1675,1458,1462,2343,591,858,2771,2891,894,3
717,2225,1670,1459,1464,2341,591,860,2754,2892,894,3
718,2230,1658,1460,1467,2341,591,859,2798,2892,894,3
719,2233,1665,1459,1465,2341,591,863,2872,2894,893,3
720,2198,1670,1458,1464,2344,592,861,2901,2892,892,3
