Count,S1,S2,S3,S4,S5,S6,S7,S8,S9,S10,Flag
1,2233,1671,1453,1440,2338,588,845,2782,2877,882,0
2,2227,1667,1456,1440,2334,590,845,2742,2877,881,0
3,2233,1657,1455,1440,2339,585,846,2800,2880,883,0
4,2234,1664,1455,1438,2339,589,843,2866,2878,882,0
5,2230,1666,1454,1440,2339,589,846,2894,2876,882,0
6,2230,1667,1454,1440,2338,589,846,2858,2876,882,0
7,2228,1662,1455,1439,2338,585,843,2768,2878,881,0
8,2234,1668,1455,1440,2339,588,843,2735,2878,882,0
9,2236,1672,1454,1439,2339,587,843,2813,2876,881,0
10,2234,1661,1455,1441,2338,588,843,2874,2878,881,0
11,2194,1662,1455,1442,2337,589,845,2898,2878,882,0
12,2227,1665,1456,1442,2338,590,844,2874,2878,882,0
13,2229,1662,1455,1440,2339,590,843,2798,2877,882,0
14,2236,1670,1456,1440,2339,588,845,2742,2878,882,0
15,2230,1662,1455,1441,2339,582,845,2762,2878,881,0
16,2233,1669,1455,1441,2341,589,844,2834,2878,882,0
17,2225,1665,1456,1442,2340,590,846,2894,2878,883,0
18,2229,1648,1455,1442,2339,590,842,2898,2878,882,0
19,2248,1666,1456,1440,2339,589,844,2842,2878,881,0
20,2248,1665,1456,1441,2339,588,845,2762,2880,882,0
21,2231,1671,1457,1439,2340,589,846,2737,2880,883,1
22,2232,1669,1456,1441,2338,589,845,2798,2880,882,1
23,2233,1673,1456,1442,2339,595,844,2864,2878,882,1
24,2230,1667,1454,1442,2338,589,846,2902,2880,884,1
25,2232,1665,1455,1442,2340,590,843,2889,2878,882,1
26,2192,1662,1455,1441,2340,590,843,2808,2880,882,1
27,2243,1666,1455,1442,2340,589,844,2737,2881,882,1
28,2238,1671,1455,1441,2340,589,845,2760,2880,882,1
29,2232,1672,1456,1441,2338,590,846,2827,2880,881,1
30,2234,1679,1455,1434,2339,589,844,2888,2880,883,1
31,2234,1672,1455,1441,2338,590,845,2896,2880,881,1
32,2231,1675,1455,1444,2340,589,844,2856,2880,882,1
33,2234,1670,1456,1442,2340,590,846,2768,2882,882,1
34,2230,1666,1457,1443,2339,590,844,2737,2881,881,1
35,2232,1672,1457,1446,2339,590,848,2784,2881,882,1
36,2234,1664,1458,1443,2339,588,845,2859,2882,883,1
37,2230,1657,1456,1447,2339,589,846,2894,2880,884,1
38,2234,1665,1456,1445,2339,590,851,2896,2881,885,1
39,2231,1669,1457,1446,2341,590,850,2818,2881,890,1
40,2238,1674,1456,1448,2340,593,848,2752,2882,885,1
41,2232,1651,1458,1448,2339,589,849,2748,2883,885,1
42,2200,1667,1458,1449,2341,589,850,2823,2883,885,1
43,2227,1667,1456,1451,2340,590,851,2881,2878,887,1
44,2240,1670,1456,1452,2340,589,852,2902,2883,887,1
45,2243,1665,1458,1454,2344,591,853,2866,2884,888,1
46,2223,1666,1457,1455,2341,589,856,2794,2884,890,1
47,2235,1666,1456,1457,2342,590,854,2748,2883,889,1
48,2233,1670,1458,1457,2341,590,858,2777,2886,892,1
49,2236,1666,1457,1459,2342,590,855,2856,2885,890,1
50,2232,1667,1458,1462,2341,588,859,2894,2886,891,1
51,2242,1673,1457,1463,2342,591,860,2902,2886,892,1
52,2235,1670,1458,1463,2342,590,861,2839,2886,892,1
53,2240,1667,1459,1466,2342,590,865,2769,2890,896,1
54,2237,1667,1459,1468,2341,590,864,2752,2888,896,1
55,2237,1664,1458,1470,2342,591,867,2814,2890,898,1
56,2244,1678,1458,1474,2344,595,870,2883,2890,898,1
57,2245,1670,1460,1473,2343,590,871,2901,2891,898,1
58,2235,1670,1456,1476,2337,590,871,2889,2891,899,1
59,2243,1667,1459,1477,2342,589,871,2809,2892,899,1
60,2240,1660,1459,1479,2344,590,875,2759,2893,900,1
61,2246,1674,1459,1482,2344,594,876,2782,2892,900,1
62,2245,1672,1462,1482,2344,589,877,2843,2895,900,1
63,2242,1672,1460,1485,2343,590,879,2903,2895,903,1
64,2241,1670,1461,1488,2344,591,880,2914,2896,902,1
65,2241,1669,1461,1489,2346,590,883,2862,2896,902,1
66,2250,1672,1459,1490,2346,591,884,2790,2895,904,1
67,2243,1670,1462,1492,2344,591,885,2771,2897,900,1
68,2247,1675,1461,1494,2345,590,889,2810,2898,906,1
69,2245,1668,1461,1495,2344,591,897,2880,2898,906,1
70,2263,1670,1462,1498,2344,591,889,2907,2898,906,1
71,2233,1674,1462,1498,2347,591,892,2906,2898,906,1
72,2246,1682,1462,1495,2344,590,891,2835,2900,906,1
73,2247,1667,1462,1500,2346,584,894,2770,2901,906,1
74,2242,1672,1464,1502,2345,592,897,2784,2902,907,1
75,2248,1672,1464,1503,2345,592,896,2846,2901,907,1
76,2250,1678,1463,1504,2347,591,900,2898,2901,908,1
77,2255,1673,1464,1506,2348,591,898,2914,2904,910,1
78,2263,1673,1465,1507,2347,590,898,2873,2904,908,1
79,2251,1658,1463,1516,2347,591,900,2800,2904,909,1
80,2256,1682,1465,1510,2348,593,901,2772,2904,910,1
81,2248,1673,1465,1509,2349,592,901,2802,2905,911,1
82,2251,1679,1464,1510,2348,590,903,2865,2905,911,1
83,2252,1670,1466,1510,2347,592,906,2913,2906,910,1
84,2254,1655,1464,1512,2348,591,905,2906,2906,912,1
85,2250,1675,1463,1514,2350,591,905,2851,2906,912,1
86,2253,1675,1464,1512,2349,593,903,2776,2906,912,1
87,2253,1672,1466,1513,2349,591,904,2771,2909,912,1
88,2219,1674,1466,1515,2350,592,906,2837,2907,913,1
89,2268,1677,1468,1516,2349,592,907,2892,2907,914,1
90,2256,1667,1465,1515,2350,592,907,2909,2907,912,1
91,2264,1683,1467,1515,2350,592,906,2891,2909,912,1
92,2256,1675,1466,1518,2350,591,908,2822,2908,914,1
93,2260,1682,1468,1515,2350,593,906,2768,2910,913,1
94,2258,1688,1466,1510,2350,592,909,2798,2910,913,1
95,2261,1676,1467,1517,2351,592,908,2859,2910,914,1
96,2259,1679,1467,1518,2351,593,910,2908,2909,913,1
97,2265,1679,1467,1518,2350,590,911,2918,2910,915,1
98,2273,1678,1466,1519,2351,591,910,2859,2910,914,1
99,2257,1677,1468,1520,2350,591,912,2792,2912,914,1
100,2273,1680,1470,1520,2351,593,907,2770,2909,914,1
101,2256,1679,1467,1519,2352,592,910,2830,2910,913,1
102,2269,1683,1470,1518,2353,592,909,2883,2910,913,1
103,2300,1681,1474,1519,2352,593,909,2913,2912,912,1
104,2254,1677,1473,1519,2354,593,908,2904,2910,912,1
105,2264,1688,1468,1519,2353,594,906,2830,2910,912,1
106,2260,1676,1472,1519,2353,592,906,2766,2912,914,1
107,2267,1683,1470,1518,2352,592,909,2782,2910,914,1
108,2263,1698,1470,1518,2354,593,904,2854,2910,912,1
109,2266,1674,1472,1515,2355,592,906,2902,2910,912,1
110,2267,1686,1473,1515,2354,593,903,2913,2909,910,1
111,2264,1675,1472,1516,2353,592,907,2871,2910,911,1
112,2274,1678,1472,1514,2354,593,901,2786,2909,911,1
113,2268,1682,1474,1512,2355,592,900,2770,2909,910,1
114,2266,1679,1474,1509,2355,594,896,2810,2909,909,1
115,2285,1685,1474,1510,2356,593,893,2872,2907,909,1
116,2261,1682,1473,1506,2355,594,892,2918,2908,909,1
117,2272,1682,1472,1504,2354,594,890,2906,2911,910,1
118,2296,1686,1473,1504,2356,594,889,2830,2906,909,1
119,2259,1679,1473,1502,2355,593,887,2766,2906,910,1
120,2269,1686,1472,1499,2355,594,884,2766,2906,908,1
121,2263,1678,1475,1497,2357,594,884,2834,2906,907,2
122,2278,1686,1477,1499,2359,595,883,2898,2904,908,2
123,2275,1687,1476,1495,2360,596,882,2911,2905,907,2
124,2272,1685,1478,1488,2360,595,878,2870,2904,906,2
125,2278,1685,1478,1484,2360,594,874,2790,2904,906,2
126,2274,1684,1477,1480,2360,595,872,2746,2902,905,2
127,2275,1689,1475,1474,2360,595,868,2786,2902,904,2
128,2274,1690,1476,1468,2360,596,867,2859,2902,905,2
129,2276,1687,1476,1464,2359,595,860,2903,2902,904,2
130,2275,1687,1475,1460,2358,595,859,2900,2901,902,2
131,2278,1686,1478,1457,2358,594,854,2825,2900,901,2
132,2276,1684,1478,1451,2358,594,850,2742,2899,901,2
133,2277,1686,1476,1448,2358,596,847,2734,2898,900,2
134,2273,1686,1478,1444,2357,594,842,2809,2896,898,2
135,2274,1683,1476,1440,2356,595,838,2875,2895,898,2
136,2276,1687,1475,1436,2358,595,835,2898,2894,898,2
137,2274,1683,1478,1431,2358,594,832,2866,2895,896,2
138,2275,1685,1475,1426,2358,595,826,2768,2893,896,2
139,2276,1686,1475,1422,2358,593,822,2714,2891,892,2
140,2274,1684,1475,1419,2358,593,818,2752,2891,892,2
141,2276,1686,1476,1413,2358,595,815,2836,2890,891,2
142,2275,1683,1477,1413,2358,592,810,2886,2890,889,2
143,2275,1685,1475,1406,2357,595,806,2888,2887,888,2
144,2276,1684,1476,1404,2358,593,803,2811,2887,888,2
145,2275,1682,1474,1399,2357,593,800,2712,2885,886,2
146,2278,1686,1476,1397,2357,593,795,2706,2883,885,2
147,2276,1685,1476,1393,2356,594,793,2784,2883,884,2
148,2275,1685,1475,1389,2357,594,789,2856,2882,883,2
149,2274,1683,1474,1386,2354,593,785,2886,2882,882,2
150,2278,1686,1475,1382,2356,594,782,2859,2877,882,2
151,2276,1683,1474,1379,2357,594,779,2752,2878,881,2
152,2275,1682,1474,1374,2356,593,774,2682,2876,880,2
153,2275,1681,1474,1374,2356,594,771,2718,2874,878,2
154,2278,1684,1474,1370,2356,592,768,2816,2874,878,2
155,2278,1686,1474,1366,2355,592,763,2871,2872,878,2
156,2274,1682,1473,1363,2356,591,762,2882,2870,876,2
157,2274,1683,1474,1361,2356,594,759,2802,2870,876,2
158,2276,1682,1474,1358,2356,593,754,2698,2869,875,2
159,2280,1686,1475,1355,2356,593,751,2678,2867,874,2
160,2273,1686,1474,1354,2356,592,749,2754,2865,874,2
161,2275,1681,1474,1352,2355,592,746,2835,2865,873,2
162,2276,1683,1474,1348,2355,591,744,2871,2864,872,2
163,2274,1681,1472,1347,2355,594,742,2857,2862,871,2
164,2278,1685,1474,1341,2355,592,739,2744,2861,869,2
165,2273,1682,1474,1341,2354,592,735,2663,2860,870,2
166,2276,1684,1474,1337,2354,591,731,2690,2859,868,2
167,2278,1682,1474,1335,2355,591,731,2789,2859,867,2
168,2274,1681,1473,1334,2354,593,729,2854,2856,868,2
169,2276,1682,1472,1331,2355,592,726,2870,2856,866,2
170,2276,1682,1473,1329,2355,592,723,2803,2854,866,2
171,2274,1678,1473,1328,2353,591,723,2691,2855,866,2
172,2275,1680,1473,1323,2354,592,720,2657,2851,865,2
173,2272,1682,1471,1323,2353,592,718,2723,2851,864,2
174,2274,1682,1472,1321,2355,592,716,2819,2849,863,2
175,2275,1682,1473,1319,2352,592,713,2862,2849,862,2
176,2270,1681,1470,1318,2354,591,712,2855,2846,862,2
177,2274,1679,1472,1317,2353,592,709,2744,2846,860,2
178,2270,1680,1469,1315,2353,592,707,2650,2845,861,2
179,2271,1680,1469,1313,2354,592,707,2669,2843,860,2
180,2272,1680,1472,1309,2353,591,705,2770,2843,858,2
181,2269,1678,1468,1310,2354,592,704,2841,2841,858,2
182,2269,1679,1470,1308,2352,592,699,2860,2840,858,2
183,2267,1677,1469,1307,2353,592,699,2810,2839,858,2
184,2269,1682,1469,1304,2353,592,697,2693,2838,856,2
185,2271,1678,1470,1303,2352,592,696,2642,2837,856,2
186,2268,1678,1470,1301,2351,591,694,2702,2837,855,2
187,2268,1679,1468,1300,2354,591,691,2805,2834,854,2
188,2267,1678,1468,1299,2352,592,690,2854,2834,854,2
189,2267,1679,1469,1297,2352,592,690,2858,2833,853,2
190,2267,1680,1468,1297,2351,590,688,2754,2833,852,2
191,2270,1679,1468,1294,2351,590,686,2646,2832,853,2
192,2267,1675,1469,1294,2349,591,684,2650,2831,851,2
193,2269,1679,1466,1293,2351,591,684,2746,2828,852,2
194,2265,1677,1468,1291,2351,590,682,2827,2827,850,2
195,2266,1677,1468,1291,2351,592,680,2856,2827,850,2
196,2267,1675,1467,1289,2351,590,680,2821,2827,851,2
197,2266,1675,1467,1289,2350,590,680,2696,2826,850,2
198,2266,1679,1466,1290,2350,590,678,2630,2824,850,2
199,2261,1675,1467,1286,2351,591,676,2682,2822,848,2
200,2264,1676,1466,1286,2348,589,674,2786,2824,848,2
201,2260,1675,1466,1286,2350,591,674,2846,2820,848,2
202,2263,1675,1467,1285,2349,590,674,2854,2822,846,2
203,2259,1675,1466,1282,2350,590,671,2760,2820,846,2
204,2260,1674,1466,1283,2347,590,672,2648,2819,845,2
205,2262,1678,1465,1282,2350,590,670,2640,2818,846,2
206,2259,1676,1466,1282,2347,590,669,2726,2818,845,2
207,2259,1673,1465,1282,2349,590,666,2814,2814,844,2
208,2256,1672,1464,1280,2349,590,666,2850,2814,843,2
209,2257,1673,1465,1277,2347,590,666,2831,2813,843,2
210,2257,1674,1465,1275,2347,590,666,2705,2811,844,2
211,2259,1674,1463,1276,2348,589,663,2627,2811,843,2
212,2258,1674,1464,1275,2347,590,664,2662,2811,843,2
213,2258,1674,1464,1275,2347,590,664,2769,2810,841,2
214,2258,1672,1462,1274,2347,589,661,2837,2808,842,2
215,2254,1672,1464,1273,2346,590,660,2850,2808,841,2
216,2256,1673,1464,1274,2348,589,659,2773,2808,842,2
217,2255,1671,1464,1273,2347,590,658,2658,2807,841,2
218,2255,1674,1462,1270,2346,590,657,2628,2806,839,2
219,2249,1672,1463,1271,2346,588,656,2706,2804,839,2
220,2252,1672,1463,1270,2346,588,657,2805,2804,840,2
221,2254,1668,1462,1271,2346,589,657,2846,2803,840,2
222,2251,1670,1463,1271,2346,589,656,2839,2802,839,2
223,2253,1672,1460,1270,2345,590,655,2718,2802,837,2
224,2248,1670,1463,1268,2346,590,655,2625,2801,837,2
225,2249,1672,1462,1267,2346,588,654,2643,2800,838,2
226,2251,1669,1462,1269,2344,588,653,2753,2799,837,2
227,2250,1671,1460,1269,2345,588,652,2827,2799,838,2
228,2247,1670,1462,1268,2344,589,652,2844,2798,836,2
229,2248,1671,1459,1268,2346,589,652,2791,2796,835,2
230,2248,1668,1459,1266,2342,588,651,2670,2796,836,2
231,2244,1667,1461,1267,2344,588,651,2618,2795,835,2
232,2244,1670,1459,1266,2344,589,649,2686,2794,834,2
233,2246,1671,1459,1264,2342,589,650,2789,2794,834,2
234,2246,1670,1460,1265,2342,588,649,2842,2794,834,2
235,2246,1668,1458,1265,2342,588,649,2846,2792,834,2
236,2243,1665,1459,1266,2343,587,649,2735,2792,833,2
237,2242,1668,1458,1265,2342,588,648,2630,2790,834,2
238,2241,1670,1457,1265,2342,588,648,2634,2789,834,2
239,2242,1667,1458,1266,2342,588,646,2736,2790,832,2
240,2243,1667,1458,1266,2341,588,648,2813,2789,832,2
241,2237,1668,1458,1264,2342,587,645,2845,2787,832,2
242,2237,1667,1456,1264,2342,588,646,2808,2787,832,2
243,2234,1665,1458,1264,2341,588,643,2680,2787,832,2
244,2236,1667,1457,1262,2340,587,645,2615,2786,829,2
245,2236,1667,1457,1263,2340,587,644,2667,2785,828,2
246,2233,1665,1458,1263,2342,587,645,2775,2786,829,2
247,2234,1667,1456,1263,2342,587,644,2835,2784,828,2
248,2235,1667,1456,1263,2339,586,645,2844,2784,828,2
249,2232,1666,1455,1264,2340,587,643,2750,2782,828,2
250,2231,1666,1455,1263,2338,586,643,2638,2782,826,2
251,2234,1664,1455,1263,2339,586,642,2627,2782,828,2
252,2230,1666,1456,1262,2339,587,642,2714,2781,828,2
253,2231,1666,1453,1262,2339,586,641,2803,2779,827,2
254,2227,1667,1454,1262,2337,587,641,2844,2778,825,2
255,2229,1666,1454,1262,2338,586,641,2824,2778,826,2
256,2230,1666,1454,1261,2338,588,641,2698,2778,825,2
257,2229,1666,1451,1262,2338,587,641,2616,2776,826,2
258,2227,1661,1453,1264,2337,587,640,2648,2776,826,2
259,2227,1664,1454,1263,2338,586,641,2759,2776,825,2
260,2225,1666,1453,1262,2336,586,640,2830,2776,823,2
261,2226,1661,1454,1261,2336,586,638,2842,2775,826,2
262,2225,1666,1450,1261,2338,587,636,2771,2773,824,2
263,2224,1659,1453,1262,2336,587,636,2652,2774,824,2
264,2222,1662,1451,1261,2336,586,637,2619,2773,824,2
265,2221,1662,1451,1262,2335,586,640,2696,2772,823,2
266,2226,1660,1452,1261,2336,586,637,2795,2771,822,2
267,2222,1659,1450,1262,2336,586,637,2841,2771,822,2
268,2223,1660,1452,1262,2334,586,636,2834,2770,824,2
269,2222,1658,1450,1262,2335,587,636,2717,2770,823,2
270,2217,1659,1451,1262,2336,586,636,2618,2770,822,2
271,2218,1657,1450,1263,2334,585,636,2640,2770,822,2
272,2218,1659,1451,1262,2336,587,635,2746,2768,822,2
273,2216,1658,1449,1264,2333,586,635,2822,2766,821,2
274,2217,1658,1449,1262,2332,586,635,2843,2767,821,2
275,2217,1658,1448,1264,2334,585,637,2792,2767,822,2
276,2215,1656,1450,1263,2333,586,635,2667,2767,822,2
277,2212,1658,1450,1264,2333,585,635,2614,2766,822,2
278,2214,1657,1448,1264,2332,585,635,2678,2765,821,2
279,2213,1657,1448,1262,2332,585,635,2784,2765,822,2
280,2210,1655,1448,1263,2331,586,635,2836,2763,820,2
281,2214,1656,1448,1263,2332,586,635,2842,2763,819,2
282,2211,1658,1448,1263,2331,585,634,2736,2763,820,2
283,2211,1657,1447,1263,2332,586,634,2628,2762,822,2
284,2206,1656,1448,1263,2331,586,633,2632,2761,819,2
285,2209,1654,1448,1263,2330,585,633,2730,2762,820,2
286,2211,1654,1447,1265,2331,585,634,2811,2762,819,2
287,2208,1653,1446,1263,2331,585,634,2843,2760,818,2
288,2209,1656,1445,1265,2328,586,634,2811,2759,819,2
289,2203,1658,1445,1263,2329,586,633,2683,2760,818,2
290,2208,1654,1445,1263,2328,586,634,2615,2760,817,2
291,2206,1653,1446,1265,2330,584,635,2663,2759,817,2
292,2203,1655,1445,1265,2329,583,634,2770,2760,818,2
293,2203,1654,1444,1265,2328,585,634,2833,2758,817,2
294,2203,1654,1443,1265,2327,586,632,2845,2757,817,2
295,2203,1654,1444,1265,2327,586,633,2755,2756,818,2
296,2202,1653,1444,1267,2328,583,633,2640,2758,818,2
297,2199,1651,1444,1264,2330,584,632,2625,2756,816,2
298,2199,1653,1443,1267,2326,585,634,2709,2755,815,2
299,2201,1651,1441,1267,2327,584,631,2802,2755,816,2
300,2198,1650,1443,1266,2326,584,634,2843,2754,818,2
301,2196,1651,1443,1267,2327,584,633,2827,2754,816,2
302,2195,1647,1443,1266,2327,583,632,2702,2754,816,2
303,2198,1651,1441,1267,2326,585,632,2616,2754,816,2
304,2195,1653,1441,1266,2324,584,633,2648,2753,816,2
305,2196,1649,1441,1267,2324,586,634,2757,2751,815,2
306,2194,1651,1441,1269,2326,583,632,2828,2750,813,2
307,2192,1647,1442,1267,2326,583,632,2842,2753,814,2
308,2192,1651,1442,1268,2324,584,632,2776,2750,815,2
309,2192,1651,1439,1269,2323,584,634,2656,2749,816,2
310,2191,1650,1440,1270,2322,582,632,2618,2749,815,2
311,2190,1648,1440,1269,2325,582,633,2691,2750,814,2
312,2192,1650,1438,1270,2323,584,633,2795,2746,814,2
313,2191,1647,1437,1269,2323,584,631,2838,2748,813,2
314,2188,1648,1440,1270,2323,583,633,2835,2746,814,2
315,2187,1646,1437,1270,2322,583,633,2723,2747,813,2
316,2187,1646,1438,1270,2323,583,633,2622,2746,813,2
317,2190,1648,1438,1271,2322,584,634,2638,2746,812,2
318,2186,1648,1437,1271,2323,582,633,2742,2746,814,2
319,2185,1650,1437,1272,2322,584,633,2821,2745,813,2
320,2186,1648,1435,1272,2322,583,632,2844,2744,811,2
321,2187,1646,1435,1272,2322,583,634,2796,2744,812,3
322,2182,1637,1433,1269,2317,582,633,2674,2743,814,3
323,2171,1642,1433,1271,2316,582,632,2618,2744,814,3
324,2178,1642,1438,1275,2316,581,633,2679,2744,813,3
325,2176,1643,1432,1283,2318,581,633,2786,2744,813,3
326,2180,1625,1434,1288,2319,581,634,2840,2742,814,3
327,2180,1624,1432,1294,2317,581,636,2846,2744,814,3
328,2172,1642,1432,1299,2317,582,636,2752,2742,815,3
329,2186,1635,1434,1303,2318,582,634,2638,2744,814,3
330,2182,1647,1434,1310,2316,582,642,2642,2745,813,3
331,2187,1644,1434,1320,2317,581,644,2733,2744,816,3
332,2187,1645,1434,1327,2318,583,646,2812,2744,815,3
333,2190,1636,1433,1336,2319,581,651,2848,2744,816,3
334,2166,1640,1435,1346,2319,581,653,2826,2745,817,3
335,2192,1642,1438,1353,2320,582,656,2719,2746,818,3
336,2198,1636,1436,1362,2319,581,658,2646,2746,818,3
337,2199,1637,1436,1368,2320,582,664,2682,2746,818,3
338,2202,1645,1439,1374,2319,582,663,2777,2746,818,3
339,2200,1642,1438,1378,2320,582,666,2845,2754,818,3
340,2204,1650,1438,1383,2319,582,661,2853,2747,818,3
341,2210,1646,1436,1384,2320,582,669,2790,2748,820,3
342,2206,1650,1438,1386,2320,582,669,2692,2749,819,3
343,2186,1644,1437,1388,2322,583,672,2659,2749,820,3
344,2206,1658,1440,1386,2320,582,674,2723,2748,820,3
345,2215,1650,1440,1387,2320,581,674,2817,2752,821,3
346,2200,1648,1440,1386,2321,582,678,2851,2750,821,3
347,2215,1644,1440,1383,2321,582,677,2854,2752,822,3
348,2214,1646,1438,1380,2319,583,673,2748,2752,821,3
349,2202,1646,1440,1381,2320,578,679,2662,2754,821,3
350,2214,1642,1442,1378,2320,582,678,2679,2755,822,3
351,2215,1638,1440,1374,2321,581,680,2771,2754,823,3
352,2213,1643,1442,1371,2319,581,682,2840,2754,824,3
353,2206,1650,1439,1369,2321,579,683,2857,2754,823,3
354,2219,1668,1442,1366,2322,582,682,2818,2755,823,3
355,2237,1648,1441,1364,2320,583,682,2709,2756,824,3
356,2192,1648,1442,1361,2318,582,684,2661,2757,825,3
357,2219,1646,1441,1360,2320,582,685,2715,2757,826,3
358,2220,1649,1440,1358,2320,583,678,2803,2757,825,3
359,2219,1656,1441,1357,2320,582,685,2851,2758,826,3
360,2228,1654,1441,1353,2319,582,688,2859,2760,827,3
361,2219,1649,1441,1352,2321,583,687,2774,2759,827,3
362,2223,1650,1440,1352,2315,581,691,2675,2760,828,3
363,2219,1653,1440,1350,2322,583,692,2686,2760,828,3
364,2220,1642,1441,1348,2322,582,692,2766,2761,827,3
365,2220,1666,1443,1346,2321,582,691,2836,2762,828,3
366,2244,1650,1442,1348,2319,581,700,2863,2763,829,3
367,2218,1649,1441,1347,2320,582,696,2837,2763,832,3
368,2202,1650,1441,1346,2320,583,696,2730,2763,832,3
369,2227,1651,1442,1345,2322,582,698,2676,2766,831,3
370,2218,1646,1442,1345,2320,584,699,2706,2766,832,3
371,2218,1664,1442,1346,2320,582,704,2799,2768,833,3
372,2217,1646,1441,1346,2322,581,706,2857,2767,834,3
373,2216,1648,1441,1344,2321,584,706,2866,2766,834,3
374,2187,1647,1441,1347,2320,581,707,2792,2768,833,3
375,2215,1650,1442,1345,2322,584,708,2702,2770,834,3
376,2220,1648,1442,1346,2318,582,708,2683,2770,834,3
377,2223,1647,1449,1347,2319,582,712,2744,2771,835,3
378,2204,1648,1442,1346,2322,583,706,2825,2770,834,3
379,2214,1650,1443,1345,2321,584,712,2859,2771,835,3
380,2218,1640,1443,1347,2318,583,714,2848,2772,835,3
381,2218,1651,1442,1347,2320,582,716,2754,2773,835,3
382,2216,1644,1442,1348,2321,581,716,2680,2774,836,3
383,2220,1654,1441,1347,2320,582,717,2703,2773,836,3
384,2203,1648,1442,1347,2320,582,721,2787,2774,835,3
385,2198,1650,1441,1347,2320,584,722,2851,2774,835,3
386,2218,1668,1442,1350,2320,583,722,2869,2774,837,3
387,2218,1646,1442,1350,2321,582,722,2818,2776,838,3
388,2214,1646,1441,1348,2322,583,723,2719,2775,836,3
389,2226,1652,1442,1348,2316,584,724,2693,2777,838,3
390,2216,1665,1442,1350,2321,582,726,2743,2777,838,3
391,2221,1644,1442,1349,2321,583,728,2821,2778,838,3
392,2202,1651,1443,1350,2321,584,726,2861,2778,838,3
393,2241,1653,1443,1350,2322,583,728,2863,2777,838,3
394,2225,1652,1441,1349,2321,584,730,2780,2778,837,3
395,2223,1650,1443,1350,2319,584,727,2696,2779,839,3
396,2224,1654,1441,1350,2321,582,732,2702,2779,842,3
397,2230,1653,1442,1350,2321,583,729,2782,2779,840,3
398,2219,1656,1442,1349,2321,583,730,2854,2778,838,3
399,2216,1657,1441,1350,2320,584,730,2865,2780,838,3
400,2219,1648,1443,1349,2320,582,737,2836,2779,839,3
401,2216,1655,1442,1350,2319,583,732,2738,2780,840,3
402,2215,1635,1442,1350,2320,584,732,2688,2779,840,3
403,2214,1650,1442,1350,2322,583,730,2728,2781,839,3
404,2223,1652,1442,1350,2322,584,732,2817,2782,839,3
405,2222,1654,1444,1348,2320,585,734,2864,2782,838,3
406,2190,1648,1447,1349,2318,582,736,2863,2782,840,3
407,2216,1638,1442,1350,2320,582,738,2790,2782,841,3
408,2216,1644,1441,1350,2321,584,737,2701,2782,839,3
409,2216,1645,1442,1348,2320,584,735,2693,2784,839,3
410,2225,1654,1442,1348,2320,584,735,2773,2784,840,3
411,2232,1655,1442,1348,2322,582,737,2843,2785,841,3
412,2218,1650,1441,1349,2320,584,739,2870,2785,840,3
413,2217,1653,1441,1348,2322,584,738,2850,2786,842,3
414,2240,1652,1438,1347,2321,582,739,2752,2787,842,3
415,2218,1654,1442,1348,2320,584,739,2694,2787,840,3
416,2209,1648,1442,1348,2319,582,740,2718,2787,842,3
417,2242,1654,1436,1350,2329,584,740,2798,2787,843,3
418,2214,1643,1442,1348,2321,584,742,2859,2787,842,3
419,2215,1651,1443,1349,2321,582,744,2868,2789,842,3
420,2211,1654,1442,1349,2322,582,744,2805,2790,844,3
421,2219,1656,1442,1349,2321,584,744,2718,2789,844,3
422,2217,1658,1441,1350,2320,584,746,2700,2790,846,3
423,2226,1653,1442,1350,2322,585,744,2756,2790,844,3
424,2219,1653,1442,1352,2320,583,749,2832,2792,844,3
425,2214,1656,1442,1350,2321,584,750,2866,2792,846,3
426,2218,1660,1442,1352,2321,583,749,2859,2792,846,3
427,2218,1651,1441,1354,2320,584,756,2776,2793,845,3
428,2215,1635,1442,1354,2320,576,753,2701,2795,846,3
429,2218,1657,1442,1354,2320,584,751,2717,2794,847,3
430,2217,1650,1442,1356,2320,584,754,2799,2796,847,3
431,2215,1634,1442,1358,2321,585,756,2858,2796,848,3
432,2199,1649,1442,1359,2319,583,758,2876,2797,849,3
433,2216,1654,1439,1358,2321,584,757,2832,2798,848,3
434,2214,1651,1442,1361,2322,583,761,2739,2799,849,3
435,2218,1658,1441,1361,2320,584,760,2708,2799,850,3
436,2213,1647,1442,1363,2320,584,762,2750,2799,850,3
437,2199,1651,1442,1366,2317,584,766,2834,2800,851,3
438,2228,1654,1430,1366,2322,584,766,2870,2801,850,3
439,2228,1650,1442,1367,2322,584,769,2873,2803,850,3
440,2216,1650,1442,1369,2321,583,770,2799,2803,850,3
441,2206,1649,1442,1371,2319,584,774,2722,2804,852,3
442,2217,1650,1441,1372,2320,584,778,2720,2804,852,3
443,2207,1654,1442,1372,2321,585,774,2796,2804,854,3
444,2203,1653,1442,1374,2320,584,775,2853,2806,852,3
445,2203,1650,1442,1375,2314,583,779,2883,2808,853,3
446,2212,1648,1442,1378,2320,584,779,2847,2807,853,3
447,2223,1655,1441,1378,2321,584,782,2767,2807,854,3
448,2212,1643,1442,1380,2322,585,782,2714,2808,854,3
449,2219,1649,1442,1381,2319,583,783,2752,2810,854,3
450,2214,1658,1442,1383,2320,585,787,2826,2811,853,3
451,2204,1650,1442,1384,2319,584,787,2872,2811,856,3
452,2218,1651,1442,1386,2321,584,790,2886,2811,856,3
453,2212,1656,1439,1385,2321,584,788,2820,2810,855,3
454,2238,1654,1443,1386,2320,584,789,2730,2814,855,3
455,2219,1654,1441,1387,2320,584,791,2727,2816,854,3
456,2215,1657,1441,1390,2320,584,792,2785,2814,855,3
457,2215,1651,1442,1390,2322,584,792,2857,2817,857,3
458,2217,1659,1439,1390,2321,585,795,2888,2818,856,3
459,2209,1651,1442,1393,2320,584,797,2874,2818,857,3
460,2244,1652,1443,1393,2321,584,795,2782,2819,858,3
461,2214,1649,1443,1394,2322,583,808,2730,2820,859,3
462,2208,1652,1441,1396,2321,584,801,2750,2819,858,3
463,2213,1662,1442,1396,2321,585,800,2819,2820,859,3
464,2214,1649,1443,1396,2322,584,802,2873,2822,859,3
465,2215,1666,1443,1398,2320,584,804,2890,2821,859,3
466,2218,1651,1442,1399,2321,584,804,2840,2823,860,3
467,2214,1629,1442,1400,2321,584,806,2752,2822,860,3
468,2214,1648,1443,1401,2320,584,808,2726,2823,860,3
469,2237,1657,1442,1402,2322,583,808,2774,2825,861,3
470,2212,1659,1443,1403,2320,584,809,2852,2825,861,3
471,2219,1654,1442,1404,2322,584,810,2890,2826,861,3
472,2216,1656,1442,1403,2322,583,802,2872,2826,862,3
473,2215,1639,1442,1402,2321,585,812,2802,2826,862,3
474,2212,1648,1444,1404,2322,585,811,2731,2828,861,3
475,2216,1650,1443,1408,2321,586,811,2740,2827,862,3
476,2218,1650,1442,1410,2321,584,816,2814,2828,862,3
477,2219,1654,1442,1409,2322,585,813,2874,2829,864,3
478,2210,1654,1442,1409,2323,585,816,2894,2828,865,3
479,2196,1654,1442,1410,2322,586,815,2856,2830,862,3
480,2214,1658,1443,1411,2320,586,816,2771,2830,864,3
481,2213,1656,1442,1413,2321,585,818,2730,2831,865,3
482,2242,1655,1443,1413,2322,585,818,2766,2832,864,3
483,2250,1656,1443,1413,2322,586,818,2841,2834,864,3
484,2214,1654,1444,1414,2322,586,818,2883,2833,863,3
485,2218,1650,1444,1413,2323,586,820,2891,2834,866,3
486,2214,1650,1443,1418,2321,584,821,2827,2834,866,3
487,2217,1664,1443,1418,2322,584,822,2746,2834,866,3
488,2218,1667,1442,1408,2322,586,823,2739,2835,867,3
489,2216,1651,1442,1418,2322,586,824,2808,2834,865,3
490,2220,1659,1443,1419,2323,585,825,2871,2838,867,3
491,2219,1659,1444,1420,2322,585,826,2895,2836,868,3
492,2182,1654,1442,1420,2322,586,827,2870,2838,867,3
493,2221,1656,1443,1419,2322,586,827,2792,2837,867,3
494,2217,1660,1443,1419,2323,585,825,2737,2839,867,3
495,2217,1656,1444,1419,2323,586,827,2763,2838,868,3
496,2222,1657,1444,1421,2322,585,829,2839,2839,868,3
497,2206,1655,1444,1422,2323,585,829,2890,2840,868,3
498,2219,1658,1443,1422,2323,585,832,2898,2841,868,3
499,2215,1670,1445,1421,2322,586,828,2841,2842,867,3
500,2220,1658,1444,1422,2322,586,828,2760,2842,868,3
501,2216,1651,1442,1423,2323,585,834,2739,2842,869,3
502,2217,1659,1444,1426,2323,584,832,2794,2842,869,3
503,2214,1652,1443,1425,2323,586,832,2864,2842,868,3
504,2230,1658,1446,1425,2322,586,834,2890,2843,868,3
505,2220,1651,1444,1426,2322,586,835,2881,2844,868,3
506,2211,1656,1443,1427,2323,586,836,2802,2843,870,3
507,2237,1658,1443,1427,2323,584,834,2736,2843,870,3
508,2218,1648,1444,1427,2322,586,836,2753,2845,870,3
509,2219,1656,1446,1427,2323,586,837,2821,2846,870,3
510,2216,1662,1444,1430,2322,586,840,2883,2845,870,3
511,2203,1655,1444,1430,2323,586,838,2898,2845,872,3
512,2217,1636,1446,1437,2323,587,838,2849,2848,870,3
513,2220,1660,1443,1429,2324,586,837,2775,2847,871,3
514,2216,1654,1445,1431,2323,586,837,2739,2848,871,3
515,2218,1655,1446,1432,2322,586,838,2782,2850,872,3
516,2208,1654,1444,1432,2323,584,841,2850,2848,874,3
517,2253,1655,1444,1431,2324,585,841,2890,2848,872,3
518,2218,1635,1445,1432,2322,586,840,2890,2849,871,3
519,2206,1653,1447,1432,2323,586,842,2825,2850,872,3
520,2198,1656,1450,1432,2322,586,842,2753,2850,873,3
521,2218,1670,1444,1424,2323,585,842,2746,2850,873,3
522,2217,1674,1443,1434,2324,586,844,2814,2850,873,3
523,2227,1658,1433,1433,2323,587,842,2875,2850,873,3
524,2219,1635,1446,1433,2323,587,841,2893,2852,872,3
525,2218,1658,1445,1434,2323,586,839,2866,2852,873,3
526,2189,1653,1444,1436,2325,586,846,2791,2851,875,3
527,2223,1656,1445,1435,2325,586,843,2741,2852,874,3
528,2222,1653,1443,1435,2326,586,843,2771,2852,874,3
529,2218,1651,1446,1435,2324,586,843,2841,2851,872,3
530,2216,1648,1447,1435,2324,586,845,2889,2854,873,3
531,2211,1654,1444,1438,2326,585,846,2899,2854,874,3
532,2184,1651,1446,1436,2324,587,843,2836,2854,872,3
533,2217,1654,1445,1436,2326,585,844,2762,2854,874,3
534,2216,1655,1447,1438,2323,587,843,2740,2855,874,3
535,2217,1650,1448,1438,2325,586,846,2800,2856,873,3
536,2200,1657,1452,1438,2326,585,846,2870,2856,874,3
537,2226,1659,1444,1438,2325,586,846,2899,2857,874,3
538,2222,1656,1446,1437,2326,585,845,2882,2855,875,3
539,2218,1648,1447,1438,2325,586,846,2802,2856,875,3
540,2218,1658,1446,1437,2325,587,847,2740,2856,874,3
541,2225,1659,1446,1440,2325,586,846,2761,2856,876,3
542,2218,1674,1446,1438,2325,586,846,2832,2858,875,3
543,2216,1655,1446,1438,2326,586,848,2890,2856,874,3
544,2216,1658,1447,1439,2325,585,847,2903,2858,876,3
545,2184,1654,1448,1438,2326,585,848,2856,2858,876,3
546,2223,1653,1446,1441,2326,586,844,2773,2858,876,3
547,2233,1658,1447,1440,2326,585,847,2738,2858,876,3
548,2219,1658,1446,1440,2326,587,848,2787,2858,875,3
549,2222,1666,1448,1439,2324,586,846,2859,2859,874,3
550,2224,1656,1447,1442,2326,586,846,2898,2859,875,3
551,2219,1645,1446,1442,2326,586,848,2891,2859,876,3
552,2220,1658,1446,1440,2325,588,846,2811,2859,876,3
553,2219,1669,1445,1441,2326,587,846,2750,2859,876,3
554,2216,1656,1446,1441,2326,587,846,2744,2860,875,3
555,2222,1638,1447,1441,2325,587,846,2814,2860,875,3
556,2223,1661,1447,1442,2326,588,846,2882,2859,876,3
557,2223,1656,1447,1439,2326,588,843,2898,2859,876,3
558,2219,1649,1447,1440,2326,583,848,2866,2859,876,3
559,2226,1659,1446,1440,2326,587,848,2789,2862,875,3
560,2221,1680,1448,1441,2325,587,847,2742,2862,876,3
561,2219,1656,1447,1442,2326,587,848,2772,2862,877,3
562,2222,1661,1447,1442,2326,587,850,2846,2861,876,3
563,2219,1676,1446,1441,2328,587,848,2897,2862,876,3
564,2219,1651,1448,1441,2326,586,849,2896,2862,877,3
565,2222,1660,1446,1442,2327,587,847,2834,2863,876,3
566,2221,1682,1448,1442,2326,586,849,2760,2862,878,3
567,2228,1658,1448,1443,2325,587,848,2741,2862,877,3
568,2218,1664,1446,1442,2328,587,850,2805,2862,878,3
569,2224,1656,1448,1441,2327,587,846,2872,2864,877,3
570,2241,1658,1450,1442,2327,587,848,2895,2863,878,3
571,2214,1658,1446,1442,2319,586,850,2887,2864,878,3
572,2194,1654,1447,1444,2326,587,848,2807,2863,878,3
573,2218,1656,1449,1443,2328,586,848,2742,2864,877,3
574,2198,1658,1448,1443,2328,588,847,2765,2863,878,3
575,2221,1675,1450,1442,2326,587,852,2839,2864,878,3
576,2224,1652,1447,1444,2328,588,850,2890,2864,878,3
577,2215,1660,1445,1444,2325,586,850,2906,2864,878,3
578,2222,1656,1448,1442,2327,588,847,2852,2866,878,3
579,2221,1666,1448,1443,2328,587,849,2767,2866,877,3
580,2226,1659,1448,1443,2327,587,847,2742,2866,878,3
581,2258,1660,1450,1443,2326,587,849,2789,2866,879,3
582,2222,1667,1448,1443,2327,587,849,2857,2866,879,3
583,2221,1676,1447,1443,2329,587,848,2902,2865,878,3
584,2222,1648,1450,1443,2328,587,848,2889,2865,877,3
585,2209,1657,1449,1443,2330,586,849,2823,2866,879,3
586,2228,1661,1450,1444,2336,586,849,2745,2867,878,3
587,2220,1650,1448,1445,2328,587,850,2747,2866,878,3
588,2226,1670,1449,1445,2327,592,850,2824,2867,878,3
589,2221,1655,1449,1444,2328,588,849,2882,2866,878,3
590,2219,1662,1450,1443,2325,587,849,2904,2867,879,3
591,2227,1658,1450,1444,2328,588,849,2863,2867,878,3
592,2224,1647,1447,1444,2328,587,850,2783,2868,879,3
593,2222,1668,1448,1445,2329,587,848,2745,2867,880,3
594,2222,1651,1450,1444,2329,587,849,2774,2868,879,3
595,2216,1659,1451,1445,2327,587,850,2854,2867,879,3
596,2232,1659,1438,1446,2329,587,848,2893,2867,879,3
597,2224,1665,1450,1446,2329,587,847,2894,2868,880,3
598,2222,1649,1450,1446,2329,587,852,2842,2867,878,3
599,2224,1667,1449,1444,2327,587,842,2749,2868,878,3
600,2227,1659,1450,1445,2327,588,850,2747,2868,879,3
601,2222,1656,1448,1446,2330,587,851,2808,2869,879,3
602,2219,1664,1449,1446,2329,587,852,2875,2869,881,3
603,2229,1659,1450,1443,2330,588,847,2894,2867,879,3
604,2218,1662,1450,1444,2331,588,849,2888,2870,879,3
605,2223,1675,1450,1445,2329,587,852,2806,2870,878,3
606,2223,1666,1451,1446,2329,587,843,2738,2870,881,3
607,2229,1665,1451,1445,2330,588,847,2763,2869,879,3
608,2222,1656,1449,1444,2330,587,850,2834,2868,880,3
609,2227,1667,1450,1445,2330,587,849,2894,2870,879,3
610,2240,1659,1444,1446,2328,588,849,2898,2870,878,3
611,2194,1656,1450,1445,2330,588,847,2852,2869,880,3
612,2222,1658,1448,1445,2330,587,848,2773,2870,880,3
613,2221,1659,1447,1445,2330,587,850,2747,2870,880,3
614,2232,1662,1451,1446,2331,588,847,2786,2871,879,3
615,2227,1668,1451,1445,2330,588,851,2858,2870,879,3
616,2223,1656,1450,1448,2328,587,849,2900,2871,880,3
617,2226,1653,1451,1446,2330,589,850,2890,2871,879,3
618,2223,1672,1451,1446,2330,588,849,2824,2871,880,3
619,2226,1665,1450,1446,2330,589,850,2744,2871,879,3
620,2230,1665,1450,1446,2328,589,850,2752,2870,881,3
621,2223,1651,1450,1448,2329,588,850,2818,2871,880,3
622,2215,1659,1451,1448,2330,587,850,2886,2872,881,3
623,2221,1654,1450,1445,2331,587,850,2898,2870,880,3
624,2227,1670,1451,1446,2329,587,848,2870,2871,879,3
625,2264,1664,1450,1446,2330,588,847,2784,2872,879,3
626,2228,1664,1450,1448,2331,588,850,2742,2872,881,3
627,2240,1659,1449,1447,2330,588,848,2770,2871,879,3
628,2229,1662,1450,1446,2331,587,849,2852,2871,879,3
629,2222,1658,1450,1446,2330,589,847,2891,2872,879,3
630,2203,1662,1451,1446,2330,588,851,2902,2873,881,3
631,2219,1662,1451,1445,2331,587,850,2837,2872,881,3
632,2213,1665,1451,1446,2330,588,850,2761,2872,879,3
633,2219,1661,1451,1445,2331,587,848,2742,2872,879,3
634,2226,1667,1451,1446,2331,587,850,2809,2872,881,3
635,2254,1664,1452,1447,2330,588,850,2868,2873,880,3
636,2230,1666,1451,1446,2331,588,848,2903,2873,880,3
637,2245,1659,1454,1446,2331,588,851,2882,2873,880,3
638,2234,1666,1450,1447,2330,587,848,2803,2874,879,3
639,2223,1650,1452,1444,2331,589,847,2739,2874,880,3
640,2232,1666,1451,1446,2332,587,849,2763,2877,881,3
641,2224,1649,1452,1450,2331,588,852,2832,2874,881,3
642,2231,1664,1453,1446,2332,588,848,2893,2875,881,3
643,2227,1651,1451,1450,2331,587,849,2900,2873,880,3
644,2226,1662,1452,1444,2331,589,847,2854,2874,876,3
645,2225,1647,1453,1443,2331,588,849,2770,2874,881,3
646,2224,1659,1451,1446,2331,587,846,2743,2874,881,3
647,2226,1641,1452,1446,2331,588,846,2783,2874,882,3
648,2227,1661,1451,1446,2332,589,848,2863,2872,882,3
649,2212,1664,1452,1444,2332,588,847,2899,2873,880,3
650,2228,1662,1452,1446,2331,589,848,2889,2874,880,3
651,2201,1658,1450,1445,2332,588,847,2822,2873,882,3
652,2235,1659,1452,1444,2335,589,847,2744,2874,881,3
653,2232,1666,1451,1445,2333,589,848,2752,2874,880,3
654,2225,1650,1451,1444,2333,589,846,2812,2874,880,3
655,2231,1666,1453,1446,2332,588,846,2883,2874,882,3
656,2227,1667,1453,1448,2333,588,843,2894,2874,881,3
657,2230,1668,1452,1446,2332,587,848,2872,2874,882,3
658,2226,1670,1451,1446,2332,588,849,2787,2875,880,3
659,2235,1661,1454,1445,2333,590,844,2735,2875,880,3
660,2224,1667,1452,1444,2334,588,847,2774,2875,881,3
661,2258,1666,1452,1446,2331,588,848,2843,2875,882,3
662,2216,1659,1452,1446,2332,588,848,2896,2875,881,3
663,2224,1658,1452,1446,2334,588,848,2899,2874,882,3
664,2227,1658,1454,1443,2334,588,846,2842,2875,881,3
665,2226,1650,1453,1446,2333,589,845,2754,2875,879,3
666,2228,1659,1453,1445,2332,588,846,2746,2875,882,3
667,2227,1666,1452,1445,2332,588,848,2800,2876,882,3
668,2235,1666,1451,1445,2333,587,846,2866,2875,881,3
669,2230,1668,1454,1444,2334,589,846,2899,2875,881,3
670,2222,1662,1453,1446,2332,589,846,2882,2875,880,3
671,2226,1683,1454,1444,2332,587,848,2807,2875,882,3
672,2227,1652,1452,1446,2333,588,845,2744,2876,882,3
673,2226,1664,1451,1444,2334,589,846,2754,2875,880,3
674,2202,1664,1453,1443,2334,590,846,2831,2876,881,3
675,2246,1662,1454,1443,2334,589,845,2884,2875,881,3
676,2230,1670,1454,1446,2333,588,846,2899,2876,881,3
677,2225,1659,1453,1444,2334,589,846,2850,2876,879,3
678,2225,1661,1451,1443,2336,589,846,2775,2874,882,3
679,2218,1660,1462,1445,2336,589,845,2741,2876,880,3
680,2234,1664,1453,1445,2332,590,846,2780,2877,880,3
681,2232,1669,1452,1446,2336,587,845,2858,2878,881,3
682,2226,1660,1454,1444,2334,589,847,2892,2876,882,3
683,2227,1660,1453,1444,2336,588,844,2897,2875,881,3
684,2221,1663,1453,1445,2336,588,847,2826,2876,882,3
685,2232,1661,1453,1444,2333,589,845,2742,2876,881,3
686,2234,1670,1453,1444,2334,589,844,2746,2875,882,3
687,2225,1659,1455,1444,2336,588,844,2811,2878,882,3
688,2227,1661,1454,1445,2335,589,844,2881,2875,882,3
689,2211,1662,1453,1443,2336,589,846,2899,2875,881,3
690,2242,1664,1444,1444,2336,589,843,2867,2877,881,3
691,2230,1669,1453,1445,2336,588,845,2792,2876,881,3
692,2227,1679,1454,1445,2336,588,845,2741,2876,882,3
693,2232,1662,1454,1443,2336,590,842,2762,2876,880,3
694,2240,1666,1454,1443,2336,589,845,2845,2877,882,3
695,2222,1668,1453,1446,2336,590,845,2890,2877,881,3
696,2227,1659,1454,1445,2336,588,848,2903,2880,882,3
697,2227,1645,1454,1446,2335,588,841,2836,2878,882,3
698,2233,1666,1454,1444,2336,589,844,2755,2877,882,3
699,2232,1673,1456,1444,2336,588,844,2743,2880,883,3
700,2227,1658,1455,1443,2335,589,846,2796,2878,883,3
701,2230,1661,1455,1445,2336,589,844,2862,2877,883,3
702,2225,1666,1453,1445,2336,588,846,2900,2878,883,3
703,2224,1659,1455,1445,2335,590,846,2886,2876,882,3
704,2226,1664,1454,1445,2338,588,843,2806,2880,883,3
705,2228,1666,1456,1444,2335,589,846,2738,2878,883,3
706,2226,1665,1454,1445,2336,590,846,2753,2878,882,3
707,2233,1667,1456,1445,2337,590,844,2827,2878,882,3
708,2228,1668,1455,1443,2336,590,846,2884,2878,882,3
709,2248,1670,1454,1443,2337,588,844,2895,2877,882,3
710,2202,1665,1456,1445,2335,590,845,2858,2880,882,3
711,2227,1653,1455,1444,2337,587,848,2771,2880,883,3
712,2230,1666,1455,1444,2337,590,842,2739,2878,881,3
713,2206,1666,1454,1444,2338,589,845,2785,2878,882,3
714,2228,1648,1455,1442,2337,590,843,2851,2881,882,3
715,2230,1659,1455,1445,2336,590,853,2902,2880,882,3
716,2211,1659,1457,1444,2337,590,846,2895,2878,883,3
717,2253,1665,1456,1443,2336,590,845,2822,2877,882,3
718,2227,1686,1456,1444,2337,590,846,2754,2880,883,3
719,2208,1661,1453,1444,2338,589,845,2747,2878,882,3
720,2256,1665,1456,1444,2335,589,844,2809,2881,881,3
