Count,S1,S2,S3,S4,S5,S6,S7,S8,S9,S10,Flag
1,2230,1666,1459,1451,2346,591,847,2750,2886,890,0
2,2233,1689,1461,1452,2345,592,849,2749,2888,888,0
3,2200,1669,1463,1451,2346,590,847,2811,2888,891,0
4,2232,1668,1461,1451,2346,591,845,2872,2886,890,0
5,2238,1670,1462,1451,2353,592,844,2894,2888,889,0
6,2236,1683,1462,1452,2345,591,846,2882,2888,890,0
7,2218,1666,1462,1452,2346,590,847,2774,2888,892,0
8,2233,1674,1462,1451,2346,591,847,2737,2887,888,0
9,2235,1674,1463,1451,2346,590,847,2808,2888,890,0
10,2218,1670,1462,1451,2346,592,844,2874,2886,890,0
11,2232,1669,1462,1454,2346,590,845,2897,2888,890,0
12,2235,1671,1461,1454,2345,592,847,2874,2887,891,0
13,2222,1667,1462,1452,2347,590,845,2801,2888,890,0
14,2233,1672,1461,1453,2346,592,847,2736,2888,892,0
15,2230,1668,1461,1452,2346,591,846,2759,2888,888,0
16,2240,1680,1462,1453,2346,590,847,2837,2888,891,0
17,2210,1670,1462,1453,2346,590,846,2891,2888,891,0
18,2231,1670,1461,1452,2346,592,846,2895,2888,890,0
19,2237,1670,1462,1452,2344,590,845,2846,2888,889,0
20,2234,1664,1462,1452,2346,591,853,2774,2890,890,0
21,2234,1676,1462,1452,2348,590,848,2747,2890,891,1
22,2232,1659,1463,1453,2346,592,846,2786,2888,890,1
23,2234,1670,1462,1452,2347,591,845,2861,2887,890,1
24,2216,1671,1462,1454,2347,591,846,2898,2888,891,1
25,2233,1675,1462,1453,2347,591,847,2890,2887,890,1
26,2235,1672,1462,1451,2346,592,847,2823,2888,888,1
27,2210,1670,1464,1453,2346,590,847,2748,2889,891,1
28,2248,1670,1461,1452,2347,592,846,2741,2888,890,1
29,2242,1680,1462,1451,2347,591,848,2819,2890,891,1
30,2233,1673,1462,1454,2346,592,846,2883,2889,891,1
31,2234,1669,1461,1452,2346,592,845,2899,2888,886,1
32,2227,1670,1466,1453,2348,591,847,2876,2890,891,1
33,2235,1670,1462,1452,2348,593,845,2788,2888,890,1
34,2212,1667,1462,1454,2347,590,844,2741,2890,891,1
35,2233,1661,1463,1454,2346,592,847,2765,2889,890,1
36,2243,1673,1461,1455,2347,592,846,2842,2888,891,1
37,2242,1651,1464,1454,2348,590,848,2892,2890,891,1
38,2241,1673,1464,1455,2347,592,848,2907,2889,891,1
39,2238,1656,1462,1460,2348,592,851,2845,2890,893,1
40,2235,1670,1463,1458,2347,592,850,2768,2890,890,1
41,2240,1656,1464,1467,2347,592,852,2746,2890,893,1
42,2238,1669,1466,1459,2348,591,849,2800,2891,893,1
43,2235,1668,1462,1462,2349,587,854,2863,2890,896,1
44,2237,1665,1465,1464,2347,592,856,2904,2891,896,1
45,2240,1674,1463,1463,2347,592,856,2891,2891,897,1
46,2243,1682,1463,1463,2347,591,856,2823,2893,898,1
47,2238,1678,1463,1467,2350,592,850,2752,2891,898,1
48,2245,1674,1464,1468,2350,592,858,2762,2894,898,1
49,2244,1661,1464,1469,2348,591,860,2826,2895,899,1
50,2242,1662,1464,1474,2347,586,862,2886,2894,901,1
51,2237,1673,1465,1476,2350,592,862,2899,2894,901,1
52,2247,1678,1464,1476,2350,591,864,2876,2894,902,1
53,2250,1673,1460,1478,2347,592,864,2795,2896,902,1
54,2221,1670,1466,1479,2347,592,867,2757,2898,903,1
55,2235,1667,1466,1481,2350,592,872,2779,2898,904,1
56,2243,1676,1465,1483,2350,592,870,2859,2897,904,1
57,2251,1672,1466,1486,2352,591,873,2898,2899,906,1
58,2245,1682,1466,1487,2350,592,872,2903,2899,907,1
59,2247,1669,1466,1490,2351,593,879,2857,2900,907,1
60,2243,1677,1466,1491,2352,592,878,2774,2900,907,1
61,2249,1680,1466,1491,2352,592,877,2766,2901,907,1
62,2246,1667,1466,1495,2351,593,882,2815,2901,908,1
63,2237,1675,1466,1496,2350,592,884,2882,2902,909,1
64,2261,1678,1464,1497,2352,594,883,2906,2903,908,1
65,2228,1676,1467,1499,2351,592,885,2904,2904,908,1
66,2248,1675,1467,1501,2351,592,886,2833,2905,910,1
67,2251,1677,1467,1504,2354,591,889,2768,2906,911,1
68,2251,1676,1467,1506,2354,593,889,2780,2907,911,1
69,2247,1671,1467,1507,2354,593,891,2839,2906,913,1
70,2243,1675,1467,1509,2354,592,890,2894,2906,913,1
71,2253,1675,1468,1510,2354,594,893,2907,2907,914,1
72,2248,1673,1468,1513,2346,593,896,2882,2907,913,1
73,2251,1688,1468,1506,2354,593,897,2811,2906,914,1
74,2252,1661,1467,1522,2353,594,899,2768,2908,914,1
75,2256,1693,1468,1515,2354,594,898,2801,2909,914,1
76,2267,1677,1470,1515,2354,594,900,2862,2910,915,1
77,2234,1678,1468,1516,2355,592,901,2914,2910,915,1
78,2254,1673,1469,1518,2354,594,899,2916,2910,916,1
79,2255,1681,1470,1518,2354,594,904,2856,2911,917,1
80,2255,1674,1469,1519,2355,594,905,2788,2911,916,1
81,2294,1678,1474,1522,2355,592,905,2770,2913,917,1
82,2218,1678,1472,1522,2356,593,906,2831,2912,918,1
83,2259,1677,1474,1523,2356,593,906,2889,2914,919,1
84,2257,1680,1472,1522,2358,594,908,2910,2914,919,1
85,2257,1675,1472,1523,2357,594,907,2906,2914,918,1
86,2250,1678,1472,1523,2355,594,909,2830,2914,920,1
87,2243,1677,1474,1525,2355,594,909,2777,2915,920,1
88,2258,1678,1474,1526,2358,593,906,2788,2915,920,1
89,2261,1681,1474,1526,2358,594,910,2844,2918,921,1
90,2261,1678,1474,1526,2358,594,908,2906,2915,920,1
91,2295,1680,1474,1526,2358,593,911,2914,2917,921,1
92,2240,1676,1475,1528,2357,594,911,2878,2918,920,1
93,2262,1675,1475,1528,2358,594,909,2809,2918,922,1
94,2266,1686,1475,1528,2357,595,909,2770,2917,920,1
95,2264,1679,1475,1528,2358,594,910,2807,2917,920,1
96,2282,1680,1475,1530,2358,594,911,2866,2916,922,1
97,2255,1680,1475,1530,2359,594,911,2915,2919,922,1
98,2266,1701,1476,1529,2360,594,914,2919,2918,921,1
99,2270,1668,1476,1536,2359,595,911,2854,2919,921,1
100,2261,1683,1476,1530,2360,595,911,2783,2918,921,1
101,2265,1685,1475,1530,2360,595,912,2772,2918,919,1
102,2267,1680,1477,1529,2358,594,909,2830,2918,920,1
103,2300,1688,1475,1530,2361,595,910,2886,2918,921,1
104,2248,1682,1478,1530,2360,594,909,2918,2919,920,1
105,2286,1686,1478,1527,2362,595,908,2897,2918,919,1
106,2267,1661,1478,1529,2360,596,908,2827,2918,920,1
107,2270,1696,1478,1520,2362,595,908,2774,2918,920,1
108,2279,1686,1478,1526,2362,594,906,2778,2917,920,1
109,2267,1683,1478,1524,2360,594,906,2850,2918,919,1
110,2273,1682,1478,1526,2362,595,904,2910,2917,920,1
111,2272,1676,1480,1523,2362,595,905,2913,2918,919,1
112,2274,1686,1479,1522,2362,595,902,2878,2919,918,1
113,2272,1682,1477,1520,2362,594,898,2802,2915,917,1
114,2275,1686,1480,1519,2362,594,899,2760,2917,917,1
115,2272,1681,1479,1519,2363,596,893,2800,2915,917,1
116,2310,1687,1480,1518,2363,594,892,2866,2915,916,1
117,2250,1686,1478,1514,2364,595,892,2914,2914,917,1
118,2275,1676,1480,1512,2362,595,896,2913,2914,916,1
119,2273,1674,1480,1518,2363,595,888,2844,2914,915,1
120,2278,1693,1480,1510,2362,595,886,2770,2914,916,1
121,2280,1683,1480,1507,2372,594,884,2755,2914,914,2
122,2273,1684,1482,1504,2363,595,883,2830,2913,915,2
123,2286,1690,1484,1506,2369,598,885,2887,2914,914,2
124,2282,1689,1485,1502,2370,598,879,2907,2911,914,2
125,2283,1690,1483,1496,2368,596,878,2891,2912,914,2
126,2284,1690,1484,1493,2368,597,874,2807,2912,912,2
127,2280,1691,1483,1487,2368,597,872,2746,2910,912,2
128,2282,1691,1483,1482,2366,596,869,2766,2910,912,2
129,2279,1693,1482,1478,2369,598,866,2840,2907,910,2
130,2280,1693,1483,1474,2370,597,862,2892,2907,910,2
131,2279,1690,1484,1467,2368,597,857,2904,2906,910,2
132,2282,1691,1483,1464,2366,595,855,2854,2907,907,2
133,2280,1689,1482,1459,2366,597,850,2765,2906,907,2
134,2282,1694,1483,1455,2368,597,847,2729,2904,907,2
135,2277,1692,1485,1450,2368,597,843,2778,2904,904,2
136,2280,1692,1482,1445,2370,598,838,2855,2903,904,2
137,2282,1688,1483,1442,2366,595,834,2896,2902,904,2
138,2280,1688,1482,1437,2366,596,829,2892,2901,902,2
139,2281,1690,1482,1435,2366,596,826,2808,2899,901,2
140,2277,1691,1482,1429,2368,596,822,2724,2898,899,2
141,2280,1688,1481,1426,2368,598,818,2722,2897,898,2
142,2282,1689,1482,1421,2365,595,816,2802,2897,897,2
143,2282,1690,1482,1419,2368,597,810,2866,2895,897,2
144,2281,1691,1482,1415,2365,597,808,2890,2893,894,2
145,2282,1687,1482,1411,2365,595,804,2862,2893,893,2
146,2280,1691,1480,1408,2364,596,799,2760,2891,893,2
147,2282,1687,1483,1401,2363,595,795,2697,2890,891,2
148,2283,1690,1481,1398,2368,595,791,2730,2888,891,2
149,2283,1690,1481,1397,2364,596,788,2820,2887,890,2
150,2282,1691,1481,1392,2368,595,784,2876,2888,890,2
151,2282,1686,1480,1390,2365,595,781,2883,2885,888,2
152,2280,1687,1482,1387,2363,594,777,2813,2883,887,2
153,2280,1687,1481,1382,2366,595,774,2714,2882,886,2
154,2279,1685,1480,1381,2365,596,773,2688,2882,885,2
155,2281,1690,1481,1377,2364,596,766,2753,2880,883,2
156,2282,1685,1480,1374,2363,595,764,2834,2880,884,2
157,2282,1687,1482,1371,2364,595,761,2876,2878,883,2
158,2279,1686,1480,1368,2363,595,759,2870,2875,882,2
159,2279,1687,1479,1366,2363,596,757,2770,2874,880,2
160,2282,1688,1480,1361,2364,595,751,2676,2874,881,2
161,2278,1690,1479,1359,2363,594,749,2686,2873,879,2
162,2278,1685,1479,1358,2362,596,747,2778,2871,880,2
163,2283,1683,1481,1353,2363,595,745,2850,2870,879,2
164,2280,1686,1480,1350,2363,595,741,2872,2868,876,2
165,2282,1688,1480,1347,2363,594,739,2837,2867,876,2
166,2277,1686,1481,1347,2362,594,735,2723,2866,876,2
167,2279,1684,1480,1344,2362,594,731,2660,2865,875,2
168,2282,1686,1479,1344,2363,595,730,2706,2862,874,2
169,2280,1684,1480,1338,2362,595,728,2802,2863,872,2
170,2276,1686,1478,1337,2362,594,728,2862,2861,873,2
171,2280,1686,1480,1334,2362,595,724,2870,2861,872,2
172,2278,1684,1480,1333,2362,594,723,2790,2859,872,2
173,2280,1686,1480,1331,2361,594,721,2681,2858,872,2
174,2280,1683,1478,1330,2362,595,718,2656,2858,870,2
175,2279,1685,1477,1327,2362,594,714,2732,2856,868,2
176,2278,1686,1476,1324,2362,595,714,2822,2855,868,2
177,2278,1683,1480,1323,2361,594,713,2862,2854,868,2
178,2278,1682,1478,1321,2361,594,710,2852,2854,867,2
179,2279,1682,1478,1320,2362,594,709,2739,2852,866,2
180,2277,1682,1478,1318,2360,593,707,2650,2851,868,2
181,2278,1682,1478,1318,2360,593,706,2664,2850,866,2
182,2275,1682,1479,1315,2360,594,702,2768,2849,865,2
183,2278,1682,1477,1314,2361,592,701,2838,2848,865,2
184,2274,1684,1477,1314,2360,594,699,2859,2845,864,2
185,2270,1683,1478,1312,2360,595,698,2819,2843,862,2
186,2275,1682,1477,1309,2359,592,696,2699,2843,861,2
187,2274,1679,1475,1307,2360,593,694,2638,2843,861,2
188,2275,1681,1477,1307,2359,591,693,2691,2842,860,2
189,2270,1685,1476,1306,2360,593,690,2792,2840,860,2
190,2273,1684,1476,1304,2360,593,690,2852,2840,859,2
191,2273,1682,1475,1301,2358,593,690,2858,2838,859,2
192,2275,1682,1475,1302,2357,592,687,2768,2838,859,2
193,2274,1681,1475,1301,2358,592,686,2659,2837,858,2
194,2271,1682,1475,1297,2359,594,684,2642,2836,856,2
195,2268,1680,1475,1298,2358,592,683,2722,2834,858,2
196,2270,1682,1474,1298,2357,593,683,2810,2834,857,2
197,2274,1682,1475,1295,2357,592,681,2854,2834,855,2
198,2270,1678,1474,1296,2359,593,678,2843,2832,854,2
199,2268,1681,1474,1294,2358,594,677,2726,2830,854,2
200,2268,1680,1475,1292,2358,594,676,2634,2830,853,2
201,2270,1682,1474,1290,2358,592,676,2653,2828,853,2
202,2266,1679,1472,1291,2357,592,674,2758,2826,852,2
203,2266,1682,1474,1290,2358,593,674,2831,2826,852,2
204,2264,1679,1473,1290,2357,594,674,2852,2825,854,2
205,2265,1681,1473,1288,2358,593,672,2810,2824,852,2
206,2267,1680,1473,1287,2358,594,670,2688,2824,850,2
207,2264,1679,1474,1287,2355,591,669,2627,2824,851,2
208,2266,1681,1473,1286,2355,592,669,2680,2822,851,2
209,2263,1679,1472,1284,2356,594,666,2784,2822,850,2
210,2265,1678,1470,1284,2356,593,666,2843,2819,850,2
211,2264,1679,1473,1284,2358,592,666,2853,2819,849,2
212,2263,1678,1468,1282,2356,593,666,2762,2818,849,2
213,2263,1676,1470,1283,2355,592,665,2650,2818,849,2
214,2261,1676,1472,1283,2354,592,662,2634,2818,848,2
215,2259,1677,1469,1283,2355,592,662,2714,2816,846,2
216,2260,1676,1472,1282,2354,592,662,2808,2814,846,2
217,2262,1676,1469,1278,2355,591,660,2850,2814,847,2
218,2259,1676,1470,1278,2355,592,660,2839,2814,846,2
219,2260,1678,1469,1278,2353,593,659,2718,2811,846,2
220,2255,1672,1469,1277,2354,592,661,2626,2811,846,2
221,2256,1673,1469,1277,2354,591,658,2646,2810,845,2
222,2258,1674,1466,1276,2353,591,656,2754,2808,844,2
223,2256,1674,1468,1275,2353,590,657,2828,2810,845,2
224,2254,1674,1468,1275,2353,592,658,2849,2808,844,2
225,2254,1674,1466,1274,2353,591,657,2805,2806,844,2
226,2253,1672,1467,1273,2352,590,657,2680,2805,843,2
227,2254,1673,1466,1274,2353,592,653,2618,2804,842,2
228,2254,1674,1466,1274,2352,591,654,2673,2804,843,2
229,2253,1675,1465,1274,2352,591,653,2778,2803,842,2
230,2253,1675,1466,1273,2351,590,653,2839,2803,841,2
231,2254,1673,1466,1273,2350,590,653,2848,2802,842,2
232,2251,1673,1467,1272,2351,590,651,2755,2802,841,2
233,2250,1669,1466,1273,2352,591,652,2643,2800,841,2
234,2248,1672,1465,1272,2350,592,650,2625,2800,841,2
235,2248,1673,1464,1270,2351,591,649,2710,2798,840,2
236,2250,1672,1465,1272,2350,590,650,2803,2798,840,2
237,2250,1673,1466,1272,2350,590,648,2844,2798,839,2
238,2246,1670,1464,1272,2350,591,648,2834,2798,838,2
239,2246,1670,1464,1272,2350,590,649,2714,2796,838,2
240,2244,1674,1463,1269,2350,590,648,2620,2795,838,2
241,2246,1670,1464,1270,2348,590,648,2641,2794,836,2
242,2243,1671,1463,1270,2350,590,647,2746,2794,837,2
243,2244,1671,1463,1268,2348,591,647,2824,2794,835,2
244,2241,1672,1464,1269,2347,590,646,2843,2793,836,2
245,2237,1670,1462,1268,2348,590,646,2802,2792,836,2
246,2242,1672,1463,1268,2347,590,644,2677,2792,835,2
247,2240,1670,1463,1269,2347,589,645,2614,2792,837,2
248,2241,1667,1464,1269,2347,589,643,2670,2790,836,2
249,2242,1667,1463,1267,2347,590,643,2777,2789,834,2
250,2240,1670,1462,1270,2347,591,643,2837,2787,834,2
251,2236,1668,1460,1269,2347,589,643,2843,2788,835,2
252,2238,1668,1462,1268,2347,589,644,2755,2787,833,2
253,2236,1667,1462,1270,2347,589,642,2641,2787,833,2
254,2235,1668,1460,1268,2346,590,642,2622,2786,834,2
255,2232,1667,1460,1267,2344,590,642,2706,2785,833,2
256,2234,1667,1459,1268,2345,590,642,2801,2784,833,2
257,2235,1666,1460,1267,2346,588,642,2843,2785,833,2
258,2234,1665,1460,1268,2346,589,642,2832,2783,832,2
259,2232,1667,1458,1268,2345,589,641,2714,2782,830,2
260,2229,1666,1459,1268,2343,590,640,2619,2781,829,2
261,2229,1670,1457,1267,2344,590,642,2638,2781,832,2
262,2232,1665,1459,1268,2344,588,642,2744,2782,830,2
263,2230,1668,1459,1266,2344,589,640,2820,2779,830,2
264,2230,1667,1457,1267,2344,589,638,2843,2779,829,2
265,2226,1667,1457,1267,2342,590,640,2801,2778,828,2
266,2225,1667,1457,1266,2343,590,640,2674,2778,828,2
267,2226,1665,1456,1267,2343,588,640,2614,2776,828,2
268,2226,1666,1456,1266,2344,590,640,2666,2777,828,2
269,2226,1665,1456,1268,2342,589,640,2771,2777,828,2
270,2225,1666,1457,1266,2342,590,637,2835,2776,828,2
271,2222,1665,1458,1267,2344,588,637,2845,2774,828,2
272,2222,1659,1455,1269,2342,587,637,2756,2775,826,2
273,2219,1662,1456,1267,2341,587,637,2642,2774,827,2
274,2222,1664,1455,1267,2341,589,635,2621,2774,827,2
275,2221,1660,1455,1267,2340,588,635,2703,2773,828,2
276,2219,1660,1455,1267,2342,587,636,2799,2772,826,2
277,2217,1664,1454,1268,2340,588,635,2840,2771,824,2
278,2218,1664,1452,1268,2341,587,636,2835,2771,825,2
279,2215,1661,1452,1268,2340,589,634,2715,2771,826,2
280,2214,1658,1452,1268,2340,587,636,2616,2770,826,2
281,2216,1658,1454,1268,2339,587,636,2635,2770,826,2
282,2218,1658,1454,1268,2340,588,635,2741,2769,824,2
283,2217,1659,1451,1268,2340,589,635,2819,2768,825,2
284,2216,1659,1454,1268,2339,587,635,2845,2770,824,2
285,2211,1657,1451,1269,2339,587,636,2802,2767,825,2
286,2212,1662,1451,1269,2338,588,636,2678,2767,824,2
287,2214,1658,1451,1269,2338,589,634,2614,2766,824,2
288,2214,1660,1450,1269,2338,587,634,2664,2767,824,2
289,2213,1659,1451,1270,2338,588,634,2769,2765,823,2
290,2212,1656,1451,1269,2337,588,635,2835,2765,825,2
291,2211,1658,1450,1270,2336,587,634,2844,2765,823,2
292,2210,1655,1450,1270,2338,587,634,2759,2763,823,2
293,2208,1658,1449,1270,2336,588,634,2645,2764,822,2
294,2206,1657,1450,1269,2336,588,634,2620,2764,824,2
295,2210,1656,1450,1269,2334,587,635,2702,2763,823,2
296,2206,1659,1449,1269,2334,588,634,2797,2764,822,2
297,2203,1656,1449,1271,2335,588,634,2840,2762,822,2
298,2203,1658,1448,1270,2334,588,635,2836,2762,822,2
299,2203,1656,1448,1271,2336,587,632,2721,2762,821,2
300,2203,1655,1449,1271,2334,586,634,2624,2761,821,2
301,2200,1655,1450,1271,2334,587,634,2635,2760,822,2
302,2200,1653,1446,1272,2334,587,633,2738,2759,821,2
303,2199,1655,1448,1272,2334,587,634,2817,2758,820,2
304,2203,1656,1446,1274,2334,587,633,2843,2757,821,2
305,2200,1652,1447,1273,2333,586,634,2809,2759,820,2
306,2197,1653,1446,1273,2334,586,634,2684,2757,819,2
307,2198,1655,1446,1274,2334,586,634,2615,2758,822,2
308,2195,1653,1446,1273,2332,587,633,2662,2757,819,2
309,2200,1655,1444,1274,2332,586,631,2765,2757,819,2
310,2195,1652,1444,1274,2331,586,634,2830,2755,820,2
311,2194,1654,1444,1274,2331,585,634,2843,2755,820,2
312,2196,1652,1445,1274,2331,586,634,2766,2755,819,2
313,2198,1653,1445,1274,2332,586,634,2651,2755,820,2
314,2195,1650,1445,1274,2330,586,634,2619,2755,819,2
315,2193,1651,1443,1275,2330,586,634,2694,2754,819,2
316,2192,1652,1443,1276,2330,586,636,2794,2754,819,2
317,2194,1651,1446,1276,2330,585,634,2840,2753,818,2
318,2194,1651,1445,1274,2330,587,632,2840,2754,818,2
319,2189,1649,1442,1276,2329,585,634,2728,2752,819,2
320,2190,1650,1443,1275,2328,586,633,2627,2753,817,2
321,2190,1649,1444,1276,2329,585,634,2634,2752,818,3
322,2179,1634,1437,1274,2324,584,633,2729,2749,817,3
323,2183,1641,1437,1278,2325,584,631,2813,2749,818,3
324,2212,1646,1436,1283,2325,583,630,2842,2747,818,3
325,2200,1644,1437,1286,2326,584,628,2811,2748,817,3
326,2186,1642,1438,1294,2324,582,636,2696,2752,819,3
327,2206,1646,1440,1298,2323,584,638,2618,2749,819,3
328,2198,1643,1438,1303,2324,584,640,2656,2748,818,3
329,2178,1647,1438,1310,2326,585,640,2768,2747,819,3
330,2190,1640,1440,1316,2325,584,643,2834,2749,820,3
331,2185,1643,1440,1326,2325,585,645,2852,2749,820,3
332,2196,1651,1440,1333,2324,584,646,2790,2755,822,3
333,2199,1646,1440,1339,2326,578,650,2678,2752,822,3
334,2195,1651,1441,1352,2325,584,652,2635,2752,822,3
335,2196,1636,1442,1358,2327,586,658,2704,2758,821,3
336,2199,1646,1443,1365,2328,585,657,2801,2753,822,3
337,2194,1647,1442,1382,2326,582,661,2846,2754,824,3
338,2207,1651,1443,1380,2328,584,664,2855,2754,824,3
339,2204,1627,1442,1384,2328,584,664,2773,2754,825,3
340,2206,1649,1444,1388,2326,583,667,2674,2756,825,3
341,2210,1662,1444,1390,2327,586,670,2662,2756,824,3
342,2212,1643,1444,1394,2327,584,672,2739,2758,824,3
343,2214,1675,1445,1394,2328,585,674,2818,2756,826,3
344,2210,1650,1446,1392,2327,584,675,2859,2761,824,3
345,2221,1652,1446,1391,2327,584,675,2842,2758,826,3
346,2219,1648,1446,1391,2328,583,677,2744,2759,827,3
347,2222,1651,1445,1389,2328,585,677,2659,2758,827,3
348,2219,1646,1446,1388,2328,584,678,2682,2759,827,3
349,2214,1650,1434,1386,2328,585,681,2777,2758,826,3
350,2218,1651,1448,1381,2328,584,681,2842,2760,826,3
351,2240,1652,1446,1380,2328,584,680,2859,2761,827,3
352,2218,1645,1446,1378,2326,584,682,2823,2760,828,3
353,2222,1637,1446,1375,2328,585,682,2709,2761,829,3
354,2224,1656,1445,1372,2327,584,684,2665,2761,829,3
355,2222,1650,1448,1370,2328,585,683,2708,2762,828,3
356,2202,1654,1446,1368,2328,584,685,2794,2763,829,3
357,2220,1651,1448,1365,2328,584,686,2854,2762,832,3
358,2226,1654,1446,1364,2328,584,688,2858,2763,833,3
359,2214,1655,1448,1361,2326,585,687,2786,2764,832,3
360,2222,1655,1446,1358,2328,586,687,2685,2764,833,3
361,2220,1654,1449,1358,2327,586,688,2674,2766,832,3
362,2221,1650,1448,1355,2334,584,691,2738,2766,833,3
363,2248,1654,1446,1357,2328,586,690,2819,2767,834,3
364,2222,1650,1446,1354,2328,585,694,2862,2766,835,3
365,2221,1656,1447,1352,2328,586,693,2850,2768,836,3
366,2209,1655,1447,1351,2327,584,695,2762,2769,835,3
367,2226,1649,1445,1354,2328,585,696,2680,2769,838,3
368,2222,1653,1446,1353,2328,584,697,2688,2770,837,3
369,2189,1651,1448,1351,2327,586,699,2767,2770,837,3
370,2223,1654,1449,1350,2333,586,700,2840,2771,838,3
371,2210,1656,1449,1350,2328,585,698,2858,2774,838,3
372,2220,1651,1448,1351,2328,584,704,2835,2773,838,3
373,2227,1655,1448,1352,2328,584,706,2735,2773,840,3
374,2219,1655,1446,1352,2327,584,708,2672,2773,836,3
375,2227,1648,1447,1350,2328,586,707,2703,2774,839,3
376,2226,1652,1447,1352,2327,587,710,2792,2776,840,3
377,2224,1672,1446,1352,2328,584,711,2854,2776,842,3
378,2195,1652,1447,1354,2328,584,714,2859,2776,840,3
379,2197,1654,1446,1352,2328,585,714,2807,2776,840,3
380,2232,1658,1447,1353,2327,586,715,2712,2778,841,3
381,2210,1651,1448,1352,2328,584,718,2679,2779,840,3
382,2227,1657,1447,1352,2328,584,718,2737,2779,841,3
383,2228,1654,1447,1355,2329,584,719,2815,2778,842,3
384,2221,1654,1446,1352,2328,585,720,2865,2778,840,3
385,2222,1652,1448,1352,2327,585,719,2856,2780,841,3
386,2222,1650,1448,1354,2326,584,722,2787,2781,842,3
387,2195,1655,1447,1355,2326,584,724,2698,2780,843,3
388,2223,1659,1448,1355,2328,585,724,2696,2782,842,3
389,2218,1656,1446,1354,2328,585,726,2763,2782,843,3
390,2227,1658,1447,1354,2328,584,725,2841,2782,846,3
391,2222,1650,1448,1355,2328,586,727,2869,2784,843,3
392,2219,1656,1447,1354,2328,585,728,2850,2784,843,3
393,2219,1666,1445,1355,2328,584,729,2762,2784,844,3
394,2221,1656,1447,1353,2328,585,728,2690,2783,843,3
395,2234,1655,1448,1354,2328,584,728,2707,2786,845,3
396,2215,1653,1448,1355,2328,586,731,2787,2786,845,3
397,2222,1651,1446,1357,2328,585,730,2850,2786,845,3
398,2222,1658,1446,1354,2328,584,730,2868,2786,844,3
399,2218,1656,1448,1355,2326,586,734,2829,2787,844,3
400,2222,1648,1449,1354,2328,586,731,2733,2787,843,3
401,2222,1647,1448,1357,2327,593,733,2691,2787,845,3
402,2225,1656,1446,1354,2328,585,734,2731,2787,845,3
403,2221,1658,1446,1366,2328,586,734,2810,2787,844,3
404,2222,1646,1446,1355,2328,586,736,2859,2788,845,3
405,2218,1652,1448,1355,2327,586,735,2866,2790,844,3
406,2223,1651,1447,1353,2328,586,735,2804,2790,845,3
407,2223,1652,1448,1355,2328,585,735,2712,2790,845,3
408,2226,1657,1446,1354,2328,585,738,2696,2790,846,3
409,2226,1660,1447,1354,2329,585,736,2759,2790,846,3
410,2221,1662,1448,1352,2328,586,738,2833,2790,846,3
411,2189,1651,1447,1354,2330,585,739,2871,2790,846,3
412,2226,1658,1447,1355,2328,585,739,2862,2792,847,3
413,2227,1654,1446,1354,2328,584,741,2778,2791,848,3
414,2222,1659,1446,1354,2328,585,741,2703,2792,847,3
415,2220,1652,1446,1353,2328,586,743,2704,2793,847,3
416,2224,1651,1446,1353,2326,586,742,2786,2793,848,3
417,2256,1655,1446,1355,2328,585,743,2843,2793,849,3
418,2217,1653,1447,1354,2327,585,744,2866,2794,848,3
419,2221,1661,1446,1353,2327,586,744,2842,2794,847,3
420,2226,1656,1448,1353,2326,584,744,2757,2795,848,3
421,2222,1659,1447,1355,2328,584,745,2695,2796,850,3
422,2230,1656,1446,1355,2328,585,746,2726,2796,849,3
423,2218,1655,1446,1354,2328,585,747,2802,2796,851,3
424,2214,1654,1446,1355,2328,585,746,2860,2796,851,3
425,2218,1651,1446,1356,2328,585,749,2873,2798,850,3
426,2223,1655,1447,1358,2328,585,750,2820,2798,851,3
427,2219,1655,1448,1358,2328,584,750,2726,2801,851,3
428,2227,1654,1446,1360,2328,585,754,2705,2800,853,3
429,2230,1659,1446,1362,2331,586,754,2747,2800,852,3
430,2214,1656,1447,1361,2329,586,757,2827,2801,853,3
431,2220,1660,1448,1362,2327,585,756,2872,2802,853,3
432,2216,1650,1447,1364,2327,585,759,2866,2802,854,3
433,2209,1650,1446,1365,2326,585,760,2795,2803,854,3
434,2223,1655,1446,1366,2327,591,760,2720,2804,854,3
435,2206,1652,1446,1366,2326,586,762,2716,2806,854,3
436,2218,1651,1448,1369,2327,586,764,2786,2806,854,3
437,2218,1658,1446,1369,2326,585,770,2845,2807,856,3
438,2218,1666,1447,1371,2328,584,769,2876,2807,856,3
439,2215,1658,1445,1373,2328,587,768,2859,2807,855,3
440,2219,1654,1446,1374,2328,586,770,2779,2808,856,3
441,2220,1659,1446,1374,2327,586,771,2710,2810,856,3
442,2225,1652,1447,1378,2326,585,773,2731,2810,857,3
443,2218,1657,1445,1379,2326,586,778,2802,2810,858,3
444,2241,1657,1447,1379,2328,586,776,2862,2812,858,3
445,2222,1662,1448,1381,2327,584,779,2882,2812,858,3
446,2215,1648,1447,1381,2327,586,780,2838,2814,857,3
447,2220,1650,1446,1384,2326,586,782,2758,2814,860,3
448,2219,1656,1446,1386,2328,584,777,2710,2816,860,3
449,2216,1654,1446,1386,2328,586,782,2750,2816,859,3
450,2220,1651,1448,1387,2328,586,786,2832,2818,860,3
451,2218,1656,1447,1388,2327,587,786,2874,2818,861,3
452,2210,1654,1446,1390,2328,585,788,2880,2818,862,3
453,2220,1654,1446,1391,2329,585,790,2824,2820,862,3
454,2209,1647,1448,1391,2329,586,791,2736,2822,862,3
455,2218,1647,1446,1393,2328,586,791,2722,2822,860,3
456,2218,1679,1447,1394,2328,586,794,2785,2822,862,3
457,2222,1656,1448,1396,2328,585,794,2851,2822,864,3
458,2217,1648,1446,1396,2328,585,797,2880,2822,862,3
459,2230,1655,1435,1396,2328,587,796,2872,2824,862,3
460,2219,1650,1447,1398,2327,586,795,2800,2826,863,3
461,2202,1654,1448,1399,2328,587,799,2732,2824,863,3
462,2217,1658,1446,1401,2328,586,803,2730,2825,865,3
463,2234,1654,1448,1402,2328,586,801,2800,2826,866,3
464,2216,1654,1445,1402,2327,586,803,2871,2826,864,3
465,2218,1648,1449,1403,2328,586,803,2888,2827,865,3
466,2208,1656,1446,1402,2327,587,806,2863,2827,866,3
467,2216,1658,1447,1404,2328,585,809,2776,2828,866,3
468,2212,1652,1448,1406,2328,586,806,2723,2829,866,3
469,2226,1656,1446,1408,2328,586,806,2749,2830,866,3
470,2220,1655,1448,1408,2328,587,807,2832,2830,866,3
471,2219,1658,1448,1409,2327,587,810,2883,2831,867,3
472,2223,1656,1446,1410,2328,586,810,2891,2830,867,3
473,2216,1658,1448,1410,2330,588,812,2833,2831,867,3
474,2217,1657,1446,1411,2329,586,811,2758,2832,867,3
475,2217,1659,1446,1413,2328,587,810,2726,2834,866,3
476,2211,1656,1448,1411,2329,586,814,2774,2834,868,3
477,2215,1655,1447,1414,2328,585,814,2843,2834,868,3
478,2217,1654,1446,1414,2329,586,814,2888,2833,870,3
479,2217,1655,1447,1414,2328,587,813,2888,2834,868,3
480,2219,1656,1446,1414,2328,587,814,2813,2835,868,3
481,2219,1661,1448,1415,2329,586,815,2739,2836,869,3
482,2217,1669,1446,1411,2328,587,817,2739,2836,870,3
483,2180,1652,1450,1417,2329,586,817,2808,2837,870,3
484,2224,1662,1446,1418,2330,587,818,2871,2835,870,3
485,2220,1664,1448,1418,2330,587,818,2893,2838,869,3
486,2202,1655,1446,1418,2328,588,821,2875,2838,870,3
487,2222,1654,1446,1420,2328,587,821,2795,2838,870,3
488,2210,1656,1449,1419,2328,587,824,2738,2838,870,3
489,2194,1656,1447,1420,2330,587,822,2758,2838,870,3
490,2222,1660,1447,1419,2330,587,822,2827,2840,871,3
491,2203,1653,1458,1420,2330,586,823,2888,2841,872,3
492,2224,1655,1447,1421,2329,587,825,2897,2841,872,3
493,2196,1652,1458,1422,2330,587,823,2853,2842,871,3
494,2222,1658,1446,1421,2330,587,822,2770,2840,874,3
495,2218,1677,1448,1422,2329,587,822,2735,2843,872,3
496,2224,1664,1448,1421,2328,587,823,2774,2843,872,3
497,2222,1650,1448,1423,2329,587,832,2850,2843,873,3
498,2221,1670,1448,1426,2330,586,826,2892,2843,874,3
499,2218,1653,1447,1424,2330,587,826,2895,2842,870,3
500,2250,1658,1449,1424,2330,588,827,2825,2844,873,3
501,2233,1658,1448,1425,2328,587,826,2744,2846,872,3
502,2216,1652,1447,1425,2328,587,828,2736,2844,874,3
503,2218,1656,1448,1424,2330,588,827,2798,2845,873,3
504,2222,1662,1448,1425,2328,587,824,2862,2846,873,3
505,2211,1658,1448,1424,2330,588,829,2897,2848,874,3
506,2210,1656,1448,1425,2323,587,828,2885,2846,873,3
507,2222,1661,1447,1427,2330,588,829,2803,2847,874,3
508,2222,1659,1448,1426,2330,588,829,2739,2850,875,3
509,2216,1656,1447,1428,2330,587,829,2754,2846,876,3
510,2211,1656,1450,1428,2328,588,832,2818,2850,873,3
511,2216,1656,1450,1428,2329,588,830,2880,2850,874,3
512,2221,1659,1448,1428,2329,586,828,2891,2849,874,3
513,2219,1658,1447,1429,2329,587,834,2856,2850,875,3
514,2228,1660,1448,1427,2328,588,833,2775,2850,876,3
515,2221,1656,1448,1428,2330,588,837,2738,2851,874,3
516,2218,1655,1450,1429,2329,588,833,2770,2851,875,3
517,2218,1656,1447,1430,2330,588,834,2840,2851,874,3
518,2218,1657,1448,1430,2331,587,834,2889,2851,876,3
519,2220,1658,1448,1429,2330,587,837,2894,2850,878,3
520,2224,1661,1450,1430,2331,586,835,2840,2851,875,3
521,2219,1664,1451,1430,2330,587,834,2759,2853,876,3
522,2228,1659,1449,1430,2329,587,836,2734,2852,877,3
523,2255,1659,1450,1432,2329,586,835,2790,2853,876,3
524,2218,1664,1448,1432,2331,587,838,2858,2854,877,3
525,2226,1659,1449,1430,2330,588,834,2896,2854,875,3
526,2223,1666,1448,1431,2330,590,837,2890,2854,877,3
527,2232,1655,1448,1434,2329,588,838,2807,2854,878,3
528,2215,1654,1450,1433,2329,586,836,2738,2854,878,3
529,2216,1660,1448,1432,2331,587,837,2752,2854,876,3
530,2219,1670,1449,1433,2330,587,837,2819,2854,878,3
531,2218,1653,1450,1432,2331,587,836,2881,2856,876,3
532,2220,1656,1448,1432,2330,588,837,2893,2857,878,3
533,2218,1643,1449,1434,2330,588,835,2866,2856,877,3
534,2226,1657,1450,1433,2330,587,838,2790,2856,879,3
535,2222,1659,1449,1434,2330,588,838,2732,2856,876,3
536,2253,1660,1450,1432,2329,588,838,2762,2858,877,3
537,2218,1659,1450,1434,2331,587,839,2834,2857,878,3
538,2195,1658,1448,1435,2330,588,836,2891,2858,878,3
539,2221,1656,1449,1433,2331,587,836,2900,2856,878,3
540,2220,1648,1450,1434,2330,589,841,2843,2858,877,3
541,2218,1659,1450,1435,2331,587,840,2762,2858,878,3
542,2222,1671,1450,1435,2331,588,838,2739,2858,879,3
543,2219,1658,1449,1435,2331,587,838,2786,2858,878,3
544,2220,1636,1450,1435,2331,589,835,2854,2858,878,3
545,2224,1666,1448,1434,2330,588,840,2898,2859,877,3
546,2219,1654,1450,1435,2331,587,837,2894,2859,879,3
547,2221,1650,1450,1438,2331,588,840,2819,2859,878,3
548,2217,1660,1449,1436,2331,588,840,2742,2859,883,3
549,2222,1673,1450,1435,2331,586,839,2744,2859,879,3
550,2219,1654,1450,1435,2331,589,841,2809,2860,878,3
551,2223,1666,1452,1435,2331,588,841,2871,2860,878,3
552,2220,1668,1450,1437,2331,588,840,2898,2860,879,3
553,2225,1658,1450,1436,2331,589,839,2872,2859,879,3
554,2219,1658,1449,1436,2331,589,840,2790,2862,878,3
555,2219,1675,1451,1436,2331,588,840,2741,2862,879,3
556,2228,1659,1450,1436,2332,587,839,2753,2861,880,3
557,2219,1658,1451,1438,2332,588,841,2826,2862,879,3
558,2224,1659,1448,1436,2332,588,842,2889,2862,880,3
559,2236,1660,1452,1436,2332,588,840,2894,2862,878,3
560,2218,1656,1450,1437,2331,587,840,2856,2862,880,3
561,2224,1666,1451,1436,2332,587,840,2775,2863,879,3
562,2216,1658,1450,1438,2333,588,840,2734,2862,878,3
563,2219,1661,1450,1438,2331,589,842,2774,2862,881,3
564,2224,1682,1450,1437,2331,588,843,2852,2863,880,3
565,2222,1647,1450,1435,2332,589,839,2890,2863,878,3
566,2214,1658,1450,1438,2329,589,842,2898,2863,879,3
567,2222,1658,1451,1438,2332,588,841,2826,2862,880,3
568,2218,1653,1450,1438,2331,588,841,2747,2864,880,3
569,2225,1664,1450,1436,2334,587,841,2745,2862,879,3
570,2255,1660,1451,1437,2331,586,840,2802,2863,880,3
571,2219,1662,1452,1437,2333,587,843,2864,2863,881,3
572,2223,1654,1450,1438,2332,588,838,2896,2864,880,3
573,2258,1660,1449,1438,2334,588,840,2883,2864,881,3
574,2194,1658,1451,1437,2333,588,841,2802,2864,881,3
575,2232,1659,1453,1438,2331,588,840,2738,2866,880,3
576,2221,1654,1452,1437,2332,588,840,2746,2866,881,3
577,2224,1679,1450,1438,2332,589,842,2823,2866,880,3
578,2245,1665,1451,1438,2334,589,840,2880,2865,881,3
579,2197,1659,1450,1438,2334,589,841,2901,2866,880,3
580,2236,1660,1450,1438,2332,589,841,2859,2866,881,3
581,2221,1664,1453,1437,2331,589,841,2780,2866,881,3
582,2223,1654,1450,1439,2333,588,839,2738,2866,882,3
583,2216,1658,1452,1437,2334,589,840,2766,2866,879,3
584,2227,1661,1451,1438,2333,589,840,2845,2865,880,3
585,2219,1658,1450,1438,2334,589,841,2890,2867,880,3
586,2219,1659,1452,1438,2333,588,842,2904,2867,881,3
587,2228,1664,1450,1437,2336,589,839,2834,2866,881,3
588,2220,1651,1451,1446,2334,589,839,2755,2866,879,3
589,2221,1674,1450,1437,2334,588,841,2742,2866,881,3
590,2223,1666,1451,1437,2332,590,837,2788,2867,881,3
591,2230,1661,1451,1437,2334,588,841,2862,2867,881,3
592,2218,1655,1454,1440,2332,588,842,2894,2864,882,3
593,2221,1659,1451,1440,2334,588,843,2893,2867,882,3
594,2227,1665,1453,1440,2331,588,840,2811,2867,880,3
595,2205,1660,1462,1437,2334,589,842,2746,2868,881,3
596,2224,1659,1451,1438,2336,589,839,2746,2867,880,3
597,2224,1665,1452,1438,2333,590,842,2812,2868,879,3
598,2226,1670,1452,1440,2333,590,840,2878,2867,882,3
599,2220,1643,1451,1438,2335,589,838,2894,2867,881,3
600,2223,1658,1452,1438,2335,590,838,2874,2868,881,3
601,2218,1657,1454,1439,2333,588,841,2790,2869,881,3
602,2226,1667,1452,1438,2334,596,840,2738,2870,882,3
603,2248,1664,1452,1439,2334,588,842,2759,2868,882,3
604,2229,1664,1452,1438,2335,589,840,2838,2868,882,3
605,2222,1656,1454,1438,2334,590,840,2887,2868,880,3
606,2201,1659,1453,1438,2336,588,840,2902,2869,882,3
607,2221,1656,1451,1438,2336,589,841,2843,2868,882,3
608,2215,1664,1451,1437,2334,590,842,2768,2869,882,3
609,2245,1664,1453,1438,2335,589,839,2735,2867,882,3
610,2228,1664,1454,1440,2336,589,840,2785,2870,882,3
611,2234,1664,1454,1439,2340,588,840,2850,2871,883,3
612,2190,1657,1454,1439,2335,590,840,2896,2870,883,3
613,2227,1659,1453,1440,2334,589,840,2888,2870,882,3
614,2208,1658,1453,1437,2336,590,835,2820,2870,882,3
615,2220,1660,1453,1439,2334,590,839,2744,2870,882,3
616,2218,1664,1454,1437,2331,589,841,2746,2870,882,3
617,2250,1665,1453,1440,2336,590,839,2803,2869,882,3
618,2222,1659,1452,1440,2335,589,841,2873,2870,883,3
619,2248,1662,1453,1440,2338,588,838,2894,2870,882,3
620,2227,1666,1453,1439,2336,590,840,2882,2870,881,3
621,2246,1665,1453,1437,2338,590,839,2797,2871,882,3
622,2227,1661,1454,1438,2334,589,841,2739,2871,883,3
623,2246,1664,1452,1440,2336,589,838,2747,2870,882,3
624,2227,1667,1452,1438,2338,590,839,2829,2870,883,3
625,2225,1646,1454,1437,2336,591,840,2883,2872,882,3
626,2230,1665,1454,1439,2336,589,839,2899,2871,883,3
627,2224,1640,1452,1438,2336,590,837,2852,2871,882,3
628,2230,1670,1452,1437,2338,590,839,2776,2871,882,3
629,2223,1670,1455,1439,2336,590,829,2731,2872,882,3
630,2226,1662,1453,1441,2336,590,838,2768,2872,884,3
631,2223,1666,1452,1440,2338,590,840,2845,2871,882,3
632,2227,1661,1454,1438,2338,589,838,2887,2872,882,3
633,2224,1668,1452,1438,2337,590,842,2894,2870,884,3
634,2237,1664,1446,1438,2336,589,841,2838,2872,883,3
635,2229,1664,1454,1439,2337,589,841,2755,2875,883,3
636,2250,1661,1454,1439,2336,590,840,2736,2871,882,3
637,2226,1670,1454,1438,2336,598,838,2799,2872,883,3
638,2221,1659,1453,1440,2337,590,839,2860,2871,883,3
639,2228,1679,1454,1441,2338,591,839,2900,2871,881,3
640,2224,1666,1453,1439,2338,590,841,2891,2872,883,3
641,2226,1659,1454,1438,2337,590,837,2809,2871,882,3
642,2215,1664,1452,1439,2338,590,839,2742,2872,883,3
643,2226,1664,1454,1439,2338,589,837,2742,2872,883,3
644,2192,1658,1454,1438,2338,591,838,2822,2872,882,3
645,2224,1654,1454,1438,2337,591,838,2876,2872,882,3
646,2230,1671,1455,1439,2337,591,841,2899,2873,882,3
647,2224,1667,1454,1440,2338,589,841,2863,2872,884,3
648,2224,1682,1454,1438,2337,589,842,2786,2872,883,3
649,2225,1666,1454,1441,2338,590,841,2738,2872,883,3
650,2218,1658,1455,1438,2336,590,839,2763,2874,883,3
651,2203,1659,1454,1440,2339,589,839,2842,2873,884,3
652,2227,1654,1456,1438,2337,590,840,2888,2873,884,3
653,2231,1667,1455,1440,2339,589,840,2899,2874,884,3
654,2224,1668,1454,1438,2339,590,837,2838,2873,882,3
655,2242,1664,1455,1436,2338,590,839,2756,2873,882,3
656,2218,1664,1454,1438,2339,590,841,2741,2874,883,3
657,2226,1658,1456,1439,2338,590,840,2785,2874,884,3
658,2232,1665,1456,1440,2339,589,840,2858,2874,883,3
659,2225,1668,1454,1440,2338,590,840,2895,2874,883,3
660,2240,1661,1456,1441,2338,590,839,2888,2874,883,3
661,2221,1662,1455,1438,2339,591,840,2821,2875,884,3
662,2226,1658,1456,1440,2339,590,840,2742,2874,884,3
663,2234,1664,1455,1441,2339,589,840,2742,2874,884,3
664,2227,1670,1454,1438,2338,590,840,2810,2874,884,3
665,2241,1666,1455,1437,2339,590,837,2870,2874,883,3
666,2218,1666,1456,1439,2339,590,840,2899,2874,883,3
667,2227,1655,1456,1438,2339,591,840,2870,2874,884,3
668,2232,1669,1456,1441,2339,589,838,2794,2874,884,3
669,2225,1670,1455,1439,2338,590,841,2739,2874,884,3
670,2218,1659,1456,1440,2338,590,838,2755,2875,883,3
671,2234,1670,1456,1440,2339,590,840,2835,2876,884,3
672,2228,1674,1455,1442,2338,590,842,2886,2874,885,3
673,2226,1685,1454,1440,2339,590,846,2899,2875,884,3
674,2216,1666,1454,1438,2340,590,839,2846,2875,885,3
675,2228,1658,1456,1442,2340,590,840,2766,2876,883,3
676,2230,1672,1456,1439,2338,590,838,2738,2875,885,3
677,2225,1666,1456,1441,2339,589,840,2783,2875,884,3
678,2228,1664,1456,1441,2339,590,840,2848,2875,885,3
679,2234,1667,1456,1438,2338,590,838,2895,2874,883,3
680,2224,1668,1454,1438,2339,590,840,2890,2875,884,3
681,2228,1666,1456,1440,2339,591,837,2830,2876,884,3
682,2235,1669,1455,1441,2340,590,840,2749,2875,884,3
683,2224,1666,1455,1440,2340,590,840,2737,2876,884,3
684,2226,1664,1454,1440,2341,589,839,2810,2875,884,3
685,2202,1666,1455,1441,2339,590,840,2872,2877,885,3
686,2262,1668,1455,1439,2339,591,841,2894,2876,883,3
687,2228,1661,1457,1440,2340,592,839,2883,2875,886,3
688,2229,1670,1458,1441,2339,590,840,2798,2876,885,3
689,2252,1665,1455,1442,2340,592,838,2734,2875,886,3
690,2230,1664,1456,1439,2339,590,839,2756,2876,885,3
691,2227,1670,1456,1440,2339,591,841,2822,2876,883,3
692,2253,1665,1456,1442,2339,590,840,2883,2875,884,3
693,2231,1667,1455,1442,2340,590,840,2898,2876,885,3
694,2224,1670,1457,1440,2339,591,840,2855,2875,885,3
695,2268,1667,1456,1439,2339,591,840,2773,2878,884,3
696,2232,1664,1457,1442,2341,589,840,2738,2880,885,3
697,2226,1670,1456,1440,2340,591,843,2770,2877,886,3
698,2226,1660,1456,1441,2341,589,839,2842,2880,883,3
699,2234,1670,1456,1440,2339,590,840,2895,2876,885,3
700,2228,1668,1457,1440,2339,591,842,2900,2878,884,3
701,2227,1665,1456,1442,2342,589,840,2832,2877,885,3
702,2231,1669,1457,1439,2340,590,839,2755,2878,885,3
703,2227,1655,1456,1440,2341,590,840,2736,2877,886,3
704,2238,1670,1456,1441,2339,590,840,2795,2877,885,3
705,2227,1680,1456,1442,2341,589,843,2866,2880,886,3
706,2227,1671,1458,1441,2341,591,841,2894,2878,884,3
707,2238,1665,1457,1442,2341,590,839,2883,2877,885,3
708,2230,1666,1458,1441,2342,591,839,2808,2883,887,3
709,2226,1670,1457,1442,2339,590,841,2746,2878,886,3
710,2226,1664,1456,1442,2341,591,841,2746,2878,884,3
711,2234,1675,1457,1443,2339,590,839,2824,2880,886,3
712,2219,1665,1456,1442,2341,590,841,2884,2880,886,3
713,2250,1666,1458,1443,2341,590,840,2894,2878,886,3
714,2226,1664,1456,1442,2342,591,839,2861,2880,885,3
715,2232,1666,1458,1442,2342,590,840,2786,2880,885,3
716,2227,1667,1458,1441,2341,591,842,2733,2880,885,3
717,2232,1669,1457,1439,2342,591,838,2761,2880,886,3
718,2218,1666,1463,1442,2342,590,840,2845,2879,884,3
719,2226,1648,1458,1440,2342,591,836,2888,2878,886,3
720,2253,1668,1458,1442,2341,590,840,2897,2881,886,3
