Count,S1,S2,S3,S4,S5,S6,S7,S8,S9,S10,Flag
1,2248,1666,1454,1463,2338,601,835,2779,2918,931,0
2,2247,1667,1455,1464,2339,602,835,2740,2918,931,0
3,2246,1643,1454,1462,2340,602,838,2802,2919,932,0
4,2246,1644,1455,1462,2338,602,839,2863,2919,933,0
5,2234,1665,1454,1464,2338,603,835,2899,2918,932,0
6,2250,1676,1454,1458,2338,601,838,2886,2918,932,0
7,2248,1667,1454,1462,2340,601,838,2778,2918,932,0
8,2242,1659,1455,1462,2339,603,835,2735,2918,930,0
9,2254,1670,1454,1463,2339,602,836,2799,2918,931,0
10,2244,1658,1454,1463,2338,602,837,2858,2919,931,0
11,2247,1651,1455,1473,2338,602,836,2892,2919,932,0
12,2241,1665,1454,1462,2339,602,835,2891,2918,932,0
13,2240,1661,1455,1464,2338,602,836,2818,2919,932,0
14,2245,1675,1455,1458,2339,602,837,2746,2918,931,0
15,2249,1666,1456,1464,2338,602,836,2742,2919,931,0
16,2250,1666,1452,1463,2339,602,835,2811,2918,930,0
17,2244,1657,1454,1462,2338,602,834,2873,2919,930,0
18,2246,1643,1455,1464,2338,601,838,2894,2920,931,0
19,2233,1665,1465,1463,2339,602,836,2878,2918,932,0
20,2244,1675,1453,1464,2339,602,844,2797,2919,932,0
21,2244,1656,1455,1464,2339,602,835,2740,2919,929,1
22,2265,1666,1458,1463,2339,603,835,2758,2919,932,1
23,2270,1668,1455,1462,2340,601,836,2829,2918,930,1
24,2245,1672,1456,1463,2339,602,837,2884,2919,931,1
25,2242,1668,1455,1463,2342,602,835,2901,2918,932,1
26,2247,1667,1457,1462,2339,599,836,2858,2920,932,1
27,2227,1667,1455,1464,2339,600,833,2776,2921,931,1
28,2242,1664,1455,1464,2336,601,836,2742,2918,932,1
29,2218,1666,1455,1462,2341,602,834,2778,2920,930,1
30,2249,1670,1457,1463,2338,605,837,2854,2920,932,1
31,2227,1667,1456,1464,2341,601,835,2894,2920,932,1
32,2254,1672,1457,1462,2340,602,835,2896,2921,931,1
33,2234,1669,1456,1464,2340,602,836,2836,2920,932,1
34,2221,1666,1456,1466,2341,602,836,2755,2918,933,1
35,2248,1673,1456,1466,2339,601,836,2742,2920,932,1
36,2242,1669,1456,1464,2341,602,837,2801,2919,934,1
37,2235,1667,1457,1467,2340,602,840,2867,2922,933,1
38,2247,1670,1458,1467,2341,600,840,2894,2920,934,1
39,2250,1671,1456,1467,2341,603,840,2891,2920,935,1
40,2246,1668,1456,1470,2341,602,841,2814,2921,935,1
41,2248,1656,1458,1477,2342,602,840,2746,2920,934,1
42,2247,1654,1456,1472,2342,602,839,2746,2922,934,1
43,2264,1669,1457,1473,2341,602,841,2820,2922,936,1
44,2269,1669,1458,1475,2342,603,842,2876,2923,935,1
45,2276,1669,1458,1476,2342,602,844,2896,2922,936,1
46,2251,1666,1458,1479,2341,602,846,2875,2923,937,1
47,2248,1666,1455,1480,2342,601,846,2800,2923,938,1
48,2254,1674,1458,1481,2342,602,846,2749,2923,938,1
49,2255,1670,1458,1482,2343,603,847,2772,2926,940,1
50,2253,1672,1458,1484,2343,602,849,2846,2926,941,1
51,2250,1672,1459,1485,2344,602,852,2894,2925,941,1
52,2254,1670,1456,1486,2343,603,854,2901,2926,944,1
53,2246,1669,1457,1488,2344,603,854,2855,2926,942,1
54,2256,1669,1458,1491,2344,603,856,2779,2928,943,1
55,2274,1671,1458,1493,2342,602,858,2755,2929,944,1
56,2254,1667,1458,1494,2344,602,860,2795,2930,945,1
57,2258,1664,1459,1496,2344,600,861,2862,2931,946,1
58,2240,1669,1458,1497,2344,602,864,2901,2931,946,1
59,2250,1670,1458,1498,2344,602,866,2904,2931,947,1
60,2250,1669,1459,1501,2343,602,868,2848,2932,948,1
61,2253,1665,1459,1502,2342,596,868,2771,2933,948,1
62,2255,1665,1461,1507,2344,601,870,2760,2934,949,1
63,2255,1670,1460,1508,2346,603,869,2822,2934,950,1
64,2259,1668,1462,1509,2346,602,870,2878,2934,950,1
65,2257,1691,1462,1510,2346,602,875,2910,2936,951,1
66,2251,1672,1461,1510,2346,602,876,2898,2937,952,1
67,2260,1669,1462,1513,2346,601,877,2830,2937,953,1
68,2255,1668,1463,1515,2347,601,879,2765,2938,954,1
69,2294,1674,1463,1518,2346,603,880,2774,2939,953,1
70,2259,1670,1462,1519,2347,602,880,2842,2939,954,1
71,2259,1683,1461,1522,2347,602,883,2898,2938,955,1
72,2266,1681,1463,1521,2347,604,883,2912,2940,955,1
73,2261,1675,1461,1522,2348,603,885,2889,2938,956,1
74,2262,1676,1464,1523,2347,603,886,2808,2942,955,1
75,2278,1674,1464,1525,2346,603,886,2767,2942,957,1
76,2264,1673,1464,1526,2356,602,888,2790,2944,960,1
77,2262,1675,1464,1526,2349,603,887,2864,2944,960,1
78,2257,1672,1464,1528,2350,604,887,2902,2944,958,1
79,2255,1674,1472,1526,2349,603,891,2916,2945,960,1
80,2264,1676,1465,1529,2350,602,890,2870,2945,961,1
81,2264,1674,1464,1530,2348,604,892,2794,2947,961,1
82,2281,1676,1463,1531,2350,603,894,2771,2946,962,1
83,2267,1690,1465,1533,2350,603,896,2818,2946,962,1
84,2271,1680,1466,1533,2349,604,896,2875,2947,962,1
85,2235,1674,1466,1533,2351,601,897,2911,2947,963,1
86,2270,1658,1465,1532,2350,604,891,2906,2948,963,1
87,2264,1667,1467,1536,2351,598,899,2843,2948,963,1
88,2268,1674,1467,1536,2350,604,900,2786,2949,964,1
89,2267,1691,1467,1538,2351,604,902,2777,2949,964,1
90,2272,1682,1467,1537,2351,611,900,2835,2948,964,1
91,2272,1680,1467,1538,2352,605,902,2897,2950,965,1
92,2274,1686,1466,1540,2352,605,893,2912,2950,966,1
93,2273,1679,1467,1539,2348,603,902,2892,2950,966,1
94,2274,1676,1468,1540,2353,604,899,2830,2950,964,1
95,2271,1701,1467,1541,2354,604,906,2776,2951,964,1
96,2269,1678,1469,1539,2353,603,902,2792,2952,966,1
97,2277,1682,1468,1541,2353,602,903,2847,2952,966,1
98,2287,1679,1470,1541,2354,604,899,2904,2951,962,1
99,2277,1678,1469,1544,2357,603,902,2912,2952,964,1
100,2275,1672,1470,1542,2354,604,902,2874,2951,966,1
101,2273,1678,1469,1542,2354,604,902,2803,2953,964,1
102,2276,1676,1468,1542,2354,604,910,2776,2951,964,1
103,2274,1683,1470,1542,2355,604,902,2804,2951,965,1
104,2275,1681,1474,1542,2355,604,903,2864,2952,964,1
105,2282,1659,1472,1541,2354,605,897,2906,2952,963,1
106,2278,1680,1474,1544,2357,603,899,2910,2952,963,1
107,2279,1675,1472,1542,2355,604,898,2860,2952,963,1
108,2272,1676,1480,1542,2355,603,899,2786,2952,964,1
109,2278,1681,1474,1540,2355,605,896,2774,2950,963,1
110,2280,1682,1474,1538,2355,604,898,2818,2950,963,1
111,2288,1682,1474,1538,2355,606,891,2878,2952,962,1
112,2281,1678,1473,1534,2355,606,890,2917,2952,962,1
113,2267,1680,1474,1534,2355,604,890,2906,2952,962,1
114,2283,1681,1474,1531,2355,604,889,2836,2950,962,1
115,2282,1683,1473,1531,2358,606,888,2764,2950,962,1
116,2291,1683,1474,1527,2356,606,883,2768,2949,958,1
117,2281,1681,1473,1527,2358,604,884,2842,2948,961,1
118,2262,1686,1476,1525,2358,603,882,2894,2950,960,1
119,2286,1684,1474,1525,2358,603,881,2917,2947,958,1
120,2285,1687,1475,1522,2357,604,879,2876,2947,958,1
121,2291,1682,1472,1520,2359,604,876,2799,2947,956,2
122,2291,1687,1480,1521,2362,606,875,2755,2947,957,2
123,2292,1687,1478,1517,2361,606,874,2779,2947,956,2
124,2294,1690,1478,1512,2362,607,869,2851,2946,956,2
125,2290,1686,1478,1507,2362,606,868,2902,2946,955,2
126,2292,1692,1479,1502,2360,608,866,2910,2945,955,2
127,2289,1689,1478,1495,2362,608,860,2849,2944,953,2
128,2288,1686,1478,1491,2362,606,858,2766,2941,952,2
129,2288,1688,1478,1488,2361,608,851,2742,2941,951,2
130,2289,1687,1478,1480,2361,608,850,2794,2940,950,2
131,2289,1690,1477,1477,2362,608,844,2862,2939,950,2
132,2291,1688,1479,1475,2362,606,841,2899,2939,949,2
133,2290,1687,1478,1469,2362,606,837,2891,2937,948,2
134,2290,1689,1476,1465,2361,608,833,2806,2936,945,2
135,2286,1683,1477,1460,2361,608,826,2730,2934,944,2
136,2287,1688,1476,1457,2360,606,824,2734,2933,944,2
137,2290,1687,1477,1451,2360,606,821,2810,2934,943,2
138,2288,1688,1476,1448,2361,607,815,2870,2930,942,2
139,2288,1686,1478,1444,2360,605,812,2891,2930,940,2
140,2290,1689,1478,1441,2359,606,809,2863,2930,940,2
141,2291,1686,1477,1435,2362,605,802,2766,2928,938,2
142,2288,1691,1477,1432,2360,607,798,2706,2926,936,2
143,2287,1686,1476,1428,2359,608,794,2736,2926,937,2
144,2290,1688,1478,1423,2360,608,790,2822,2924,936,2
145,2290,1688,1476,1419,2360,606,786,2882,2921,934,2
146,2288,1682,1478,1418,2360,606,784,2886,2922,933,2
147,2291,1685,1477,1415,2360,606,779,2818,2922,931,2
148,2291,1682,1475,1410,2360,605,778,2721,2918,931,2
149,2290,1685,1476,1406,2360,606,774,2694,2918,931,2
150,2291,1686,1475,1402,2359,606,770,2755,2917,929,2
151,2290,1690,1476,1398,2358,606,764,2838,2915,929,2
152,2290,1687,1475,1395,2360,606,760,2880,2914,928,2
153,2288,1685,1475,1393,2359,605,758,2872,2914,926,2
154,2290,1688,1475,1387,2359,606,755,2776,2910,925,2
155,2288,1686,1476,1387,2360,606,750,2683,2908,924,2
156,2288,1682,1477,1384,2360,605,749,2690,2908,922,2
157,2289,1687,1475,1380,2358,605,745,2777,2907,922,2
158,2289,1683,1475,1378,2359,605,743,2849,2904,920,2
159,2288,1685,1475,1374,2358,605,740,2872,2904,920,2
160,2287,1684,1478,1372,2358,605,738,2843,2903,920,2
161,2286,1681,1474,1368,2357,604,734,2731,2902,918,2
162,2288,1684,1476,1363,2358,606,730,2665,2901,917,2
163,2290,1686,1474,1364,2359,605,728,2703,2898,918,2
164,2288,1686,1474,1363,2358,606,727,2796,2898,916,2
165,2290,1683,1474,1358,2358,604,723,2862,2896,914,2
166,2285,1682,1475,1357,2358,606,721,2869,2895,914,2
167,2287,1682,1474,1354,2357,606,718,2796,2892,914,2
168,2290,1683,1473,1352,2358,606,715,2691,2891,913,2
169,2287,1682,1474,1349,2358,606,714,2658,2892,912,2
170,2288,1682,1474,1348,2358,604,711,2724,2890,910,2
171,2288,1686,1474,1345,2358,604,709,2818,2889,909,2
172,2286,1682,1473,1344,2357,605,707,2860,2888,910,2
173,2286,1686,1473,1342,2358,603,706,2860,2886,908,2
174,2283,1681,1470,1338,2357,605,702,2755,2886,908,2
175,2285,1680,1470,1335,2356,602,699,2659,2883,906,2
176,2286,1683,1473,1334,2355,605,697,2666,2883,905,2
177,2283,1681,1472,1331,2356,603,696,2756,2882,905,2
178,2284,1682,1473,1331,2355,602,695,2831,2880,906,2
179,2283,1680,1469,1329,2355,604,692,2862,2878,904,2
180,2283,1683,1472,1327,2358,603,690,2834,2876,904,2
181,2282,1680,1472,1326,2356,603,688,2714,2875,903,2
182,2281,1679,1472,1325,2355,602,687,2641,2875,901,2
183,2283,1680,1472,1323,2355,603,686,2676,2874,901,2
184,2280,1681,1469,1322,2356,603,686,2778,2874,901,2
185,2280,1682,1469,1319,2355,604,683,2844,2870,898,2
186,2283,1681,1470,1318,2355,604,680,2858,2871,899,2
187,2280,1676,1468,1317,2355,605,682,2787,2868,901,2
188,2280,1679,1472,1315,2355,603,678,2675,2868,897,2
189,2278,1681,1469,1314,2353,604,678,2638,2867,897,2
190,2282,1676,1467,1311,2354,603,675,2704,2867,897,2
191,2280,1677,1469,1309,2355,603,674,2802,2864,893,2
192,2282,1680,1470,1310,2354,603,671,2849,2864,896,2
193,2280,1680,1467,1308,2354,603,672,2851,2862,894,2
194,2278,1675,1468,1307,2354,603,671,2746,2862,896,2
195,2278,1678,1468,1306,2354,603,670,2645,2859,892,2
196,2280,1679,1467,1306,2354,603,666,2648,2858,892,2
197,2280,1676,1467,1303,2353,602,665,2738,2858,891,2
198,2278,1676,1467,1302,2352,602,664,2819,2858,891,2
199,2278,1678,1466,1299,2354,604,662,2850,2858,889,2
200,2274,1678,1467,1299,2351,602,662,2827,2854,890,2
201,2275,1676,1467,1297,2354,603,660,2705,2854,889,2
202,2274,1673,1466,1297,2351,603,661,2630,2854,889,2
203,2272,1678,1466,1299,2351,603,659,2663,2851,888,2
204,2272,1678,1465,1295,2351,604,658,2767,2851,887,2
205,2271,1675,1466,1295,2351,602,656,2835,2850,887,2
206,2274,1675,1466,1294,2350,602,656,2851,2850,888,2
207,2267,1676,1465,1292,2351,601,655,2781,2848,886,2
208,2268,1674,1466,1293,2349,601,655,2667,2849,887,2
209,2272,1674,1466,1292,2350,602,653,2626,2846,884,2
210,2270,1675,1466,1291,2350,602,654,2686,2846,884,2
211,2268,1674,1464,1290,2350,601,653,2793,2845,885,2
212,2270,1675,1465,1289,2349,602,651,2843,2843,883,2
213,2266,1674,1464,1290,2351,601,650,2844,2843,883,2
214,2265,1674,1464,1287,2349,602,650,2740,2842,881,2
215,2264,1672,1464,1286,2350,602,648,2636,2840,881,2
216,2265,1674,1464,1288,2347,601,648,2635,2840,882,2
217,2266,1672,1462,1288,2350,602,648,2726,2839,881,2
218,2267,1674,1462,1286,2349,602,648,2811,2838,880,2
219,2266,1674,1462,1285,2348,602,646,2844,2837,880,2
220,2266,1674,1462,1284,2347,601,644,2822,2836,879,2
221,2261,1672,1462,1284,2347,601,644,2698,2835,879,2
222,2264,1672,1462,1284,2347,601,643,2619,2835,879,2
223,2262,1672,1462,1283,2347,602,643,2651,2835,878,2
224,2260,1670,1462,1282,2346,600,643,2761,2833,878,2
225,2257,1670,1460,1280,2347,602,641,2829,2832,877,2
226,2258,1668,1459,1282,2346,600,643,2844,2831,878,2
227,2260,1669,1461,1282,2347,600,641,2781,2831,877,2
228,2259,1672,1459,1280,2347,601,642,2662,2830,876,2
229,2259,1672,1459,1278,2346,601,640,2616,2828,876,2
230,2255,1674,1460,1278,2346,601,638,2682,2828,875,2
231,2256,1671,1459,1278,2345,601,638,2786,2827,874,2
232,2254,1672,1459,1276,2346,601,634,2839,2826,875,2
233,2253,1668,1460,1277,2346,601,635,2845,2826,875,2
234,2253,1668,1457,1277,2345,600,634,2736,2825,874,2
235,2254,1670,1458,1277,2344,599,635,2631,2824,874,2
236,2252,1667,1457,1274,2344,601,633,2633,2822,873,2
237,2250,1670,1461,1275,2346,599,634,2721,2823,874,2
238,2250,1667,1457,1275,2346,600,631,2806,2823,872,2
239,2251,1667,1458,1275,2344,600,633,2840,2822,874,2
240,2248,1667,1458,1275,2343,599,633,2822,2820,872,2
241,2250,1671,1457,1274,2342,602,633,2698,2820,872,2
242,2248,1666,1456,1274,2343,599,631,2614,2819,871,2
243,2247,1667,1458,1274,2343,599,630,2646,2819,871,2
244,2243,1667,1455,1273,2342,600,630,2755,2817,872,2
245,2245,1668,1455,1273,2343,602,633,2827,2814,869,2
246,2248,1667,1456,1272,2342,601,630,2842,2814,871,2
247,2242,1669,1453,1274,2343,601,630,2782,2813,869,2
248,2242,1662,1454,1272,2343,600,630,2663,2811,870,2
249,2241,1665,1454,1271,2342,601,629,2614,2811,870,2
250,2238,1657,1454,1272,2340,600,628,2678,2811,869,2
251,2240,1666,1455,1271,2341,600,627,2785,2811,868,2
252,2242,1668,1454,1270,2342,600,627,2838,2810,868,2
253,2240,1664,1453,1271,2342,598,628,2842,2810,867,2
254,2238,1666,1453,1271,2340,601,626,2735,2809,866,2
255,2233,1662,1451,1270,2339,600,626,2630,2808,866,2
256,2236,1660,1451,1272,2339,600,626,2626,2808,866,2
257,2238,1664,1454,1270,2340,599,626,2717,2806,866,2
258,2235,1661,1451,1271,2340,601,626,2803,2806,866,2
259,2235,1665,1451,1271,2338,600,626,2839,2806,863,2
260,2232,1662,1451,1269,2338,600,624,2822,2805,865,2
261,2232,1662,1451,1270,2338,599,626,2696,2805,865,2
262,2234,1660,1451,1271,2339,599,624,2613,2804,864,2
263,2231,1664,1451,1270,2338,599,624,2645,2803,864,2
264,2231,1664,1449,1270,2338,600,623,2750,2802,862,2
265,2228,1661,1449,1269,2338,599,623,2824,2801,862,2
266,2229,1665,1450,1270,2337,599,625,2842,2801,862,2
267,2230,1662,1450,1268,2338,600,623,2779,2801,862,2
268,2230,1660,1450,1268,2338,600,624,2662,2799,861,2
269,2229,1657,1449,1269,2338,600,622,2611,2800,862,2
270,2227,1657,1449,1269,2335,598,623,2678,2798,861,2
271,2224,1658,1450,1270,2337,599,622,2781,2798,860,2
272,2224,1658,1447,1268,2336,599,622,2834,2796,860,2
273,2223,1657,1449,1268,2336,598,624,2841,2798,862,2
274,2222,1659,1447,1270,2336,599,622,2731,2795,860,2
275,2224,1658,1449,1269,2334,598,622,2630,2796,859,2
276,2218,1656,1447,1270,2336,599,622,2624,2794,862,2
277,2222,1657,1448,1269,2334,597,623,2714,2795,860,2
278,2222,1657,1448,1267,2334,598,622,2801,2794,860,2
279,2222,1658,1446,1269,2333,599,622,2838,2794,859,2
280,2222,1656,1448,1269,2334,598,621,2818,2794,860,2
281,2219,1659,1445,1266,2333,598,621,2694,2792,858,2
282,2221,1653,1446,1270,2333,599,620,2609,2791,857,2
283,2219,1658,1445,1269,2333,598,620,2643,2792,858,2
284,2218,1656,1445,1269,2333,599,621,2750,2791,858,2
285,2216,1655,1444,1270,2332,598,622,2820,2791,859,2
286,2217,1658,1444,1268,2331,598,621,2840,2790,857,2
287,2218,1654,1444,1269,2331,597,621,2779,2790,858,2
288,2216,1656,1443,1270,2332,598,620,2659,2787,855,2
289,2216,1653,1443,1269,2332,598,620,2609,2787,858,2
290,2216,1654,1443,1268,2330,598,619,2675,2788,857,2
291,2214,1656,1443,1269,2330,596,621,2779,2788,856,2
292,2211,1654,1442,1268,2331,598,620,2834,2786,856,2
293,2210,1653,1443,1268,2330,598,620,2838,2786,856,2
294,2211,1654,1441,1270,2330,598,620,2731,2785,855,2
295,2211,1651,1443,1269,2328,597,620,2627,2784,855,2
296,2212,1651,1441,1269,2330,598,620,2625,2785,856,2
297,2208,1651,1442,1270,2329,597,619,2714,2785,854,2
298,2208,1653,1440,1269,2329,597,620,2801,2785,855,2
299,2208,1650,1442,1270,2329,598,618,2837,2782,854,2
300,2205,1649,1441,1269,2328,598,619,2819,2782,853,2
301,2205,1652,1440,1270,2328,597,619,2691,2784,856,2
302,2203,1649,1440,1270,2329,596,619,2611,2782,854,2
303,2208,1648,1438,1270,2326,596,621,2642,2782,854,2
304,2206,1651,1438,1269,2326,597,619,2750,2781,853,2
305,2203,1649,1438,1270,2328,597,619,2821,2780,854,2
306,2202,1648,1438,1272,2328,596,620,2838,2779,854,2
307,2200,1647,1438,1270,2326,597,618,2777,2779,853,2
308,2203,1647,1437,1270,2326,596,619,2656,2778,853,2
309,2202,1651,1437,1270,2326,597,618,2610,2780,852,2
310,2198,1648,1438,1272,2326,596,619,2676,2778,852,2
311,2198,1651,1436,1272,2326,596,618,2779,2778,853,2
312,2198,1647,1436,1271,2326,597,618,2834,2776,852,2
313,2200,1647,1435,1271,2326,597,618,2839,2777,851,2
314,2195,1648,1436,1272,2324,595,619,2732,2777,853,2
315,2194,1648,1436,1272,2324,596,619,2626,2776,851,2
316,2194,1648,1435,1272,2323,597,620,2626,2776,852,2
317,2194,1646,1435,1272,2324,597,618,2716,2775,851,2
318,2195,1649,1434,1271,2324,595,618,2803,2774,851,2
319,2193,1645,1433,1271,2324,596,618,2835,2774,850,2
320,2190,1647,1434,1272,2323,597,619,2818,2773,850,2
321,2192,1646,1435,1273,2323,597,619,2690,2774,851,3
322,2178,1638,1428,1268,2318,593,618,2606,2771,850,3
323,2184,1651,1430,1274,2317,595,618,2639,2772,851,3
324,2190,1641,1427,1277,2319,593,616,2756,2772,850,3
325,2194,1640,1431,1282,2318,594,618,2820,2772,851,3
326,2152,1635,1431,1291,2318,593,619,2842,2771,851,3
327,2190,1643,1430,1294,2318,593,621,2776,2772,851,3
328,2184,1637,1430,1302,2318,593,623,2662,2772,852,3
329,2200,1640,1431,1305,2319,594,624,2624,2773,851,3
330,2189,1642,1432,1311,2318,595,625,2691,2774,851,3
331,2194,1622,1433,1322,2319,594,627,2792,2773,853,3
332,2216,1640,1431,1330,2320,593,632,2843,2774,854,3
333,2199,1640,1431,1338,2320,594,635,2842,2774,854,3
334,2198,1650,1431,1347,2322,594,640,2754,2774,854,3
335,2196,1640,1432,1356,2319,595,641,2658,2776,854,3
336,2200,1647,1432,1364,2320,596,644,2653,2776,855,3
337,2198,1640,1431,1371,2320,600,647,2735,2776,856,3
338,2208,1647,1434,1379,2320,594,646,2810,2774,857,3
339,2209,1647,1432,1382,2321,594,648,2848,2776,856,3
340,2212,1642,1434,1387,2322,594,655,2832,2778,857,3
341,2218,1647,1435,1387,2321,595,656,2734,2778,859,3
342,2210,1640,1437,1388,2322,592,658,2659,2779,857,3
343,2214,1652,1434,1389,2322,593,660,2675,2780,858,3
344,2199,1645,1435,1387,2321,593,661,2772,2778,858,3
345,2218,1648,1435,1389,2322,593,660,2835,2780,859,3
346,2209,1645,1438,1385,2320,594,662,2857,2780,859,3
347,2216,1644,1436,1386,2322,593,664,2808,2781,860,3
348,2215,1647,1437,1382,2322,594,662,2706,2782,859,3
349,2216,1650,1435,1380,2322,595,664,2658,2782,860,3
350,2223,1642,1436,1374,2321,595,665,2713,2784,859,3
351,2218,1647,1438,1375,2321,594,666,2803,2784,859,3
352,2223,1651,1436,1370,2322,594,667,2847,2783,862,3
353,2220,1646,1437,1368,2322,596,666,2856,2783,860,3
354,2227,1650,1437,1367,2322,595,668,2771,2783,862,3
355,2224,1645,1438,1365,2322,594,667,2678,2786,863,3
356,2229,1649,1444,1362,2321,595,670,2666,2786,863,3
357,2228,1651,1437,1358,2314,595,671,2741,2785,863,3
358,2186,1644,1438,1358,2322,594,664,2819,2790,864,3
359,2223,1659,1436,1356,2323,595,672,2858,2787,865,3
360,2244,1649,1438,1355,2322,596,675,2840,2790,866,3
361,2223,1648,1438,1354,2321,594,675,2740,2790,867,3
362,2232,1655,1436,1350,2322,595,675,2666,2790,867,3
363,2229,1646,1438,1352,2321,593,678,2690,2790,868,3
364,2222,1654,1439,1352,2320,594,680,2774,2792,869,3
365,2219,1646,1439,1349,2322,594,679,2843,2792,867,3
366,2194,1649,1438,1350,2321,596,682,2854,2794,870,3
367,2230,1654,1440,1349,2322,594,684,2803,2794,870,3
368,2231,1650,1440,1350,2321,595,685,2712,2795,870,3
369,2227,1651,1437,1350,2320,594,686,2673,2796,870,3
370,2230,1660,1438,1349,2322,595,685,2722,2798,872,3
371,2198,1647,1437,1350,2320,595,690,2806,2796,872,3
372,2232,1650,1438,1349,2321,593,691,2851,2798,873,3
373,2215,1646,1438,1348,2322,594,692,2854,2798,873,3
374,2232,1652,1439,1350,2320,593,692,2785,2800,874,3
375,2231,1648,1438,1350,2322,594,695,2694,2805,872,3
376,2230,1647,1438,1351,2321,596,697,2690,2802,875,3
377,2226,1644,1438,1352,2323,594,698,2759,2802,874,3
378,2226,1653,1438,1354,2322,596,699,2827,2802,875,3
379,2226,1674,1439,1352,2322,595,700,2863,2803,875,3
380,2230,1642,1440,1352,2322,596,701,2840,2803,874,3
381,2202,1650,1440,1352,2321,595,702,2745,2805,875,3
382,2219,1647,1440,1355,2323,594,706,2688,2805,877,3
383,2220,1649,1437,1355,2322,595,708,2702,2804,876,3
384,2224,1649,1440,1356,2322,594,709,2785,2806,872,3
385,2230,1662,1440,1355,2322,596,709,2852,2807,877,3
386,2226,1640,1440,1356,2321,595,710,2858,2808,875,3
387,2236,1651,1437,1355,2322,596,711,2812,2808,877,3
388,2230,1650,1436,1356,2322,596,712,2723,2809,878,3
389,2226,1656,1437,1358,2320,596,713,2683,2809,878,3
390,2226,1637,1438,1357,2322,594,716,2733,2810,878,3
391,2231,1651,1440,1359,2320,595,716,2819,2811,879,3
392,2231,1648,1437,1358,2321,594,718,2860,2811,878,3
393,2232,1656,1438,1358,2323,595,718,2862,2810,880,3
394,2232,1653,1436,1358,2322,596,718,2786,2812,879,3
395,2230,1658,1438,1357,2321,597,721,2702,2813,879,3
396,2202,1649,1438,1359,2316,595,722,2704,2812,880,3
397,2231,1652,1441,1360,2322,595,721,2776,2814,879,3
398,2190,1648,1450,1360,2323,595,723,2844,2814,880,3
399,2230,1661,1440,1360,2320,595,724,2867,2813,881,3
400,2229,1650,1439,1358,2322,596,729,2846,2816,879,3
401,2230,1654,1438,1359,2322,596,723,2754,2818,881,3
402,2226,1646,1440,1360,2322,596,724,2694,2817,880,3
403,2227,1646,1440,1360,2322,595,725,2715,2816,880,3
404,2211,1652,1438,1360,2323,595,726,2806,2814,880,3
405,2227,1652,1439,1360,2322,596,725,2862,2818,881,3
406,2242,1653,1442,1359,2321,597,724,2872,2819,881,3
407,2225,1654,1438,1362,2323,596,720,2803,2818,882,3
408,2240,1656,1438,1360,2322,597,728,2723,2819,882,3
409,2243,1652,1436,1360,2324,596,728,2688,2818,882,3
410,2218,1651,1438,1358,2322,597,731,2744,2820,881,3
411,2228,1666,1440,1359,2321,596,729,2827,2820,882,3
412,2227,1635,1440,1358,2322,595,729,2863,2822,883,3
413,2241,1653,1438,1360,2322,596,730,2864,2821,883,3
414,2222,1648,1438,1360,2322,595,730,2776,2820,883,3
415,2228,1658,1438,1360,2322,596,730,2700,2824,882,3
416,2264,1654,1438,1360,2322,596,732,2699,2823,883,3
417,2230,1658,1438,1360,2323,595,731,2785,2824,884,3
418,2225,1649,1440,1360,2322,596,735,2843,2824,884,3
419,2227,1670,1438,1361,2323,595,734,2872,2826,885,3
420,2224,1651,1440,1362,2321,595,739,2838,2826,887,3
421,2232,1651,1439,1362,2322,596,737,2753,2825,886,3
422,2232,1648,1439,1362,2323,596,739,2694,2826,886,3
423,2226,1646,1438,1362,2322,597,737,2726,2827,886,3
424,2228,1653,1440,1366,2323,596,741,2813,2827,889,3
425,2227,1662,1438,1363,2322,596,740,2864,2833,887,3
426,2226,1654,1440,1365,2321,596,743,2867,2830,888,3
427,2226,1649,1438,1367,2322,596,744,2804,2830,888,3
428,2229,1660,1438,1368,2322,595,746,2723,2834,891,3
429,2200,1651,1440,1368,2323,596,747,2709,2832,890,3
430,2224,1656,1439,1370,2322,596,749,2761,2834,892,3
431,2220,1649,1440,1371,2323,594,750,2831,2834,890,3
432,2232,1651,1438,1371,2323,596,750,2865,2836,891,3
433,2229,1655,1440,1374,2323,595,754,2866,2836,893,3
434,2229,1656,1438,1376,2323,595,754,2786,2835,892,3
435,2206,1650,1439,1377,2322,598,756,2715,2838,893,3
436,2226,1630,1440,1376,2323,598,756,2719,2838,892,3
437,2227,1638,1440,1383,2322,596,758,2792,2839,896,3
438,2247,1651,1442,1380,2323,596,762,2854,2840,896,3
439,2241,1654,1439,1384,2322,595,762,2872,2842,896,3
440,2252,1652,1441,1385,2322,596,763,2840,2842,896,3
441,2226,1652,1440,1386,2322,596,762,2760,2843,896,3
442,2228,1650,1440,1390,2322,596,765,2715,2842,897,3
443,2224,1664,1442,1386,2322,595,770,2751,2845,898,3
444,2226,1649,1439,1389,2323,595,776,2831,2843,897,3
445,2226,1650,1438,1390,2322,597,771,2875,2846,894,3
446,2226,1674,1439,1393,2323,597,776,2880,2848,899,3
447,2228,1650,1440,1395,2323,597,775,2818,2848,900,3
448,2228,1645,1440,1398,2322,597,778,2735,2846,902,3
449,2226,1650,1438,1397,2323,597,776,2726,2848,900,3
450,2230,1651,1442,1398,2322,596,778,2779,2850,901,3
451,2246,1651,1443,1400,2322,596,781,2846,2851,901,3
452,2224,1646,1442,1402,2323,597,784,2880,2852,901,3
453,2223,1645,1440,1404,2323,595,784,2866,2853,903,3
454,2224,1654,1438,1403,2323,597,785,2788,2852,901,3
455,2198,1648,1441,1404,2324,598,786,2726,2855,900,3
456,2218,1655,1442,1408,2323,596,788,2743,2856,903,3
457,2226,1648,1442,1410,2323,597,790,2814,2856,904,3
458,2227,1650,1442,1411,2323,597,798,2875,2856,904,3
459,2250,1652,1441,1410,2323,599,790,2884,2856,903,3
460,2230,1655,1441,1412,2322,598,786,2837,2858,905,3
461,2226,1655,1442,1412,2323,596,796,2760,2858,906,3
462,2229,1655,1442,1415,2323,596,794,2726,2860,906,3
463,2226,1660,1442,1414,2323,600,795,2768,2860,906,3
464,2250,1652,1442,1416,2322,596,795,2839,2861,906,3
465,2230,1658,1441,1416,2323,598,798,2880,2862,904,3
466,2223,1654,1441,1417,2322,598,801,2888,2862,907,3
467,2226,1670,1442,1420,2323,597,800,2814,2862,907,3
468,2228,1650,1442,1419,2323,597,800,2738,2864,902,3
469,2225,1644,1441,1419,2325,597,802,2730,2862,908,3
470,2235,1656,1441,1421,2323,598,803,2802,2866,908,3
471,2226,1664,1442,1425,2323,597,805,2866,2866,907,3
472,2226,1648,1442,1422,2324,595,804,2885,2866,908,3
473,2225,1633,1441,1420,2323,598,803,2863,2866,907,3
474,2230,1656,1441,1423,2324,595,804,2790,2866,909,3
475,2260,1652,1442,1422,2324,598,806,2728,2867,907,3
476,2226,1637,1442,1426,2324,598,806,2750,2868,910,3
477,2230,1657,1442,1426,2325,597,806,2827,2870,909,3
478,2225,1654,1440,1426,2324,596,810,2882,2868,911,3
479,2228,1656,1442,1425,2326,597,810,2888,2869,910,3
480,2227,1672,1440,1426,2324,598,808,2839,2870,910,3
481,2236,1655,1443,1428,2325,596,810,2755,2872,910,3
482,2221,1652,1441,1430,2319,597,809,2735,2870,911,3
483,2232,1661,1440,1430,2324,596,812,2780,2872,911,3
484,2226,1650,1442,1428,2323,597,812,2848,2872,910,3
485,2232,1658,1442,1430,2325,597,812,2889,2874,911,3
486,2230,1655,1442,1430,2323,598,812,2877,2874,911,3
487,2225,1651,1442,1432,2324,597,816,2817,2873,912,3
488,2232,1660,1442,1432,2326,596,814,2738,2874,912,3
489,2227,1648,1442,1434,2325,599,816,2741,2874,912,3
490,2232,1669,1442,1433,2324,598,814,2814,2875,912,3
491,2243,1654,1443,1435,2324,597,818,2871,2875,913,3
492,2203,1654,1440,1435,2324,597,816,2894,2875,912,3
493,2227,1652,1443,1435,2326,597,814,2863,2878,912,3
494,2226,1654,1442,1435,2326,598,818,2789,2876,913,3
495,2235,1653,1444,1435,2324,596,819,2731,2880,914,3
496,2230,1658,1443,1435,2325,598,821,2764,2880,914,3
497,2230,1655,1443,1438,2325,598,816,2841,2878,915,3
498,2232,1643,1443,1438,2326,598,817,2884,2878,914,3
499,2228,1653,1442,1436,2325,599,819,2897,2880,914,3
500,2229,1656,1444,1437,2326,598,822,2831,2882,915,3
501,2229,1665,1443,1438,2324,598,821,2757,2881,914,3
502,2229,1659,1443,1440,2326,598,822,2735,2882,915,3
503,2230,1664,1442,1432,2325,597,820,2795,2883,915,3
504,2232,1657,1443,1440,2326,597,823,2859,2882,914,3
505,2232,1657,1443,1441,2326,597,820,2888,2883,915,3
506,2228,1658,1446,1440,2327,598,825,2877,2884,915,3
507,2232,1652,1442,1442,2326,597,822,2798,2884,916,3
508,2229,1656,1442,1442,2325,598,824,2735,2885,916,3
509,2248,1654,1443,1442,2327,598,823,2749,2883,916,3
510,2232,1656,1445,1441,2326,598,821,2827,2885,915,3
511,2218,1653,1444,1443,2326,599,824,2877,2886,915,3
512,2231,1664,1444,1445,2326,597,826,2894,2886,917,3
513,2225,1651,1443,1444,2328,598,826,2850,2886,917,3
514,2230,1656,1444,1445,2326,598,824,2776,2886,915,3
515,2220,1652,1443,1443,2326,598,825,2740,2888,917,3
516,2234,1656,1444,1445,2327,598,827,2774,2888,916,3
517,2238,1656,1444,1443,2326,598,825,2851,2887,917,3
518,2223,1654,1443,1444,2326,598,826,2888,2888,918,3
519,2230,1674,1445,1444,2327,597,835,2896,2888,918,3
520,2227,1654,1445,1444,2322,598,827,2828,2889,916,3
521,2234,1654,1445,1445,2327,600,825,2744,2888,918,3
522,2234,1647,1443,1446,2328,598,828,2738,2889,918,3
523,2227,1652,1446,1446,2328,597,828,2804,2890,918,3
524,2234,1653,1445,1446,2328,596,826,2873,2890,918,3
525,2210,1653,1446,1445,2328,598,827,2897,2890,918,3
526,2260,1656,1446,1446,2327,598,827,2872,2890,918,3
527,2230,1678,1444,1446,2328,598,829,2795,2891,918,3
528,2227,1664,1446,1446,2328,598,832,2736,2892,918,3
529,2252,1655,1446,1448,2328,599,829,2758,2891,919,3
530,2232,1674,1446,1449,2326,600,832,2837,2892,918,3
531,2230,1634,1446,1449,2326,598,832,2886,2893,919,3
532,2253,1654,1446,1448,2326,598,828,2895,2892,920,3
533,2193,1654,1444,1449,2328,598,833,2844,2892,920,3
534,2232,1659,1444,1449,2328,599,830,2762,2891,918,3
535,2261,1656,1446,1448,2326,598,829,2738,2893,919,3
536,2235,1660,1446,1451,2328,600,828,2790,2894,919,3
537,2234,1659,1445,1449,2328,600,832,2861,2893,920,3
538,2231,1654,1445,1449,2330,598,830,2890,2894,920,3
539,2233,1665,1444,1442,2329,599,828,2891,2892,920,3
540,2223,1654,1446,1449,2328,599,829,2813,2894,919,3
541,2266,1659,1446,1450,2329,599,828,2738,2894,919,3
542,2232,1651,1446,1450,2328,598,828,2746,2895,919,3
543,2227,1658,1445,1450,2329,598,833,2822,2895,921,3
544,2232,1648,1446,1454,2329,600,830,2877,2894,920,3
545,2246,1656,1446,1450,2328,600,830,2891,2895,919,3
546,2235,1658,1447,1450,2329,600,827,2866,2899,919,3
547,2230,1654,1446,1450,2328,598,834,2788,2896,920,3
548,2245,1655,1448,1450,2329,598,829,2735,2896,920,3
549,2233,1656,1446,1450,2330,599,829,2774,2896,918,3
550,2236,1659,1446,1451,2329,600,828,2846,2895,919,3
551,2234,1634,1446,1449,2330,599,826,2887,2896,921,3
552,2226,1654,1448,1450,2328,599,829,2892,2897,920,3
553,2238,1667,1446,1450,2329,597,829,2835,2896,920,3
554,2209,1656,1447,1449,2330,600,829,2758,2896,920,3
555,2234,1658,1448,1451,2329,600,832,2746,2898,920,3
556,2248,1660,1438,1451,2328,598,833,2798,2898,920,3
557,2233,1657,1446,1450,2329,598,832,2867,2898,920,3
558,2224,1656,1446,1450,2330,600,834,2898,2898,921,3
559,2232,1664,1448,1449,2330,600,829,2880,2896,920,3
560,2230,1650,1448,1450,2328,598,829,2799,2898,920,3
561,2232,1652,1448,1450,2330,598,828,2741,2898,920,3
562,2234,1665,1448,1450,2330,599,829,2760,2899,921,3
563,2232,1662,1446,1451,2330,597,834,2824,2898,920,3
564,2236,1649,1446,1452,2330,600,828,2886,2898,921,3
565,2232,1658,1448,1450,2330,600,829,2893,2899,920,3
566,2234,1675,1449,1452,2330,599,836,2852,2900,921,3
567,2240,1660,1447,1450,2329,599,829,2771,2899,920,3
568,2232,1665,1447,1451,2330,599,832,2732,2899,921,3
569,2230,1652,1447,1449,2331,601,830,2781,2898,920,3
570,2224,1657,1449,1449,2330,598,832,2850,2901,921,3
571,2235,1682,1448,1451,2330,600,827,2896,2899,921,3
572,2241,1666,1448,1451,2330,608,829,2893,2900,922,3
573,2232,1659,1448,1451,2331,598,828,2814,2899,922,3
574,2234,1643,1448,1450,2330,598,827,2741,2899,922,3
575,2234,1654,1448,1450,2330,595,828,2739,2900,921,3
576,2233,1658,1450,1449,2331,600,825,2810,2900,920,3
577,2236,1677,1448,1451,2332,598,826,2875,2899,921,3
578,2224,1659,1449,1450,2331,598,827,2898,2900,922,3
579,2232,1660,1447,1450,2331,600,829,2874,2902,921,3
580,2234,1664,1450,1451,2331,599,830,2786,2902,922,3
581,2255,1660,1449,1451,2331,598,827,2733,2901,921,3
582,2246,1659,1447,1451,2330,600,829,2767,2902,919,3
583,2237,1667,1449,1450,2331,601,827,2842,2901,921,3
584,2242,1662,1449,1449,2334,598,826,2892,2901,921,3
585,2212,1660,1449,1450,2331,600,827,2898,2902,920,3
586,2234,1646,1450,1451,2331,600,829,2836,2901,922,3
587,2237,1648,1448,1452,2332,599,826,2752,2902,924,3
588,2241,1658,1448,1450,2331,599,829,2736,2902,922,3
589,2236,1658,1449,1450,2331,598,827,2792,2902,922,3
590,2234,1656,1449,1451,2332,598,827,2858,2902,923,3
591,2244,1665,1450,1450,2331,600,827,2896,2902,921,3
592,2200,1658,1450,1451,2331,598,829,2887,2902,923,3
593,2236,1665,1449,1450,2331,600,829,2802,2902,922,3
594,2234,1642,1449,1451,2330,598,830,2738,2902,922,3
595,2237,1648,1449,1449,2331,600,826,2745,2902,922,3
596,2250,1658,1450,1451,2333,598,826,2821,2903,922,3
597,2245,1660,1450,1450,2332,599,828,2878,2902,924,3
598,2235,1674,1450,1451,2334,600,828,2897,2903,922,3
599,2237,1668,1451,1447,2332,600,828,2860,2902,923,3
600,2242,1670,1450,1450,2332,599,826,2776,2904,921,3
601,2230,1662,1450,1450,2333,600,827,2739,2903,922,3
602,2232,1659,1450,1450,2330,599,826,2771,2904,921,3
603,2234,1649,1449,1460,2332,599,824,2844,2904,923,3
604,2237,1654,1450,1450,2333,598,827,2889,2903,923,3
605,2235,1650,1450,1452,2333,600,826,2891,2905,922,3
606,2245,1658,1451,1450,2334,600,826,2822,2904,921,3
607,2249,1658,1447,1450,2332,599,826,2744,2904,922,3
608,2233,1653,1450,1451,2333,601,827,2742,2904,923,3
609,2236,1683,1450,1450,2334,600,826,2810,2904,924,3
610,2238,1658,1451,1450,2334,601,826,2872,2906,923,3
611,2250,1660,1451,1451,2333,601,826,2896,2904,923,3
612,2242,1661,1450,1450,2334,599,827,2875,2904,924,3
613,2240,1664,1449,1451,2334,600,827,2798,2903,923,3
614,2234,1661,1450,1450,2331,598,828,2740,2904,924,3
615,2234,1661,1451,1450,2331,599,826,2763,2906,923,3
616,2240,1650,1452,1457,2333,600,823,2827,2904,923,3
617,2238,1647,1452,1450,2334,600,824,2884,2904,922,3
618,2276,1665,1451,1449,2334,600,825,2894,2904,924,3
619,2232,1660,1451,1449,2336,600,826,2842,2904,924,3
620,2234,1656,1452,1451,2333,600,827,2762,2906,922,3
621,2243,1664,1452,1450,2337,601,824,2734,2906,922,3
622,2248,1661,1451,1451,2336,599,825,2788,2906,925,3
623,2242,1658,1450,1451,2335,600,824,2858,2905,924,3
624,2236,1660,1452,1449,2334,600,823,2896,2904,924,3
625,2240,1658,1451,1450,2336,600,826,2883,2906,923,3
626,2243,1668,1452,1450,2334,601,824,2813,2906,923,3
627,2238,1677,1451,1450,2334,602,834,2744,2905,923,3
628,2246,1664,1452,1450,2335,600,825,2746,2906,924,3
629,2242,1667,1451,1451,2336,600,826,2819,2905,924,3
630,2240,1669,1452,1451,2336,600,826,2882,2906,924,3
631,2218,1660,1452,1451,2334,599,827,2898,2906,925,3
632,2242,1661,1451,1451,2336,599,826,2866,2906,924,3
633,2233,1664,1451,1451,2329,600,827,2786,2906,924,3
634,2228,1664,1452,1451,2334,600,828,2738,2905,925,3
635,2243,1660,1452,1451,2337,601,827,2768,2908,924,3
636,2236,1664,1452,1451,2334,599,827,2846,2906,924,3
637,2225,1662,1451,1450,2336,600,826,2891,2906,924,3
638,2236,1668,1452,1450,2336,599,827,2893,2906,924,3
639,2240,1662,1452,1450,2332,602,826,2839,2906,924,3
640,2227,1664,1458,1451,2336,599,825,2757,2906,923,3
641,2240,1666,1453,1450,2337,600,826,2746,2905,924,3
642,2233,1665,1451,1452,2337,600,826,2798,2906,926,3
643,2241,1668,1452,1452,2337,600,827,2859,2907,923,3
644,2242,1665,1454,1449,2337,600,826,2900,2906,925,3
645,2230,1664,1454,1450,2337,599,826,2886,2907,925,3
646,2243,1660,1454,1450,2336,602,826,2800,2907,923,3
647,2233,1662,1453,1451,2337,599,826,2739,2907,924,3
648,2242,1667,1452,1452,2336,600,826,2747,2906,926,3
649,2240,1661,1452,1450,2338,600,824,2829,2907,924,3
650,2227,1664,1454,1451,2337,599,827,2884,2907,923,3
651,2240,1668,1453,1450,2338,602,826,2899,2908,924,3
652,2231,1666,1460,1452,2337,600,826,2855,2907,924,3
653,2238,1664,1453,1451,2338,600,827,2779,2907,924,3
654,2230,1664,1455,1449,2338,601,826,2738,2907,923,3
655,2248,1666,1454,1449,2338,600,826,2778,2906,924,3
656,2230,1662,1456,1451,2337,600,825,2852,2908,923,3
657,2248,1666,1454,1450,2335,600,824,2895,2907,925,3
658,2226,1665,1457,1450,2338,600,826,2894,2907,925,3
659,2244,1665,1452,1450,2338,601,824,2827,2907,924,3
660,2243,1677,1454,1451,2337,599,829,2750,2907,923,3
661,2246,1666,1454,1450,2339,600,823,2741,2908,923,3
662,2242,1685,1452,1450,2338,601,826,2809,2909,924,3
663,2247,1668,1452,1452,2337,603,826,2872,2907,925,3
664,2241,1659,1454,1451,2339,601,826,2898,2909,924,3
665,2240,1662,1453,1450,2339,601,824,2869,2907,924,3
666,2242,1664,1454,1450,2338,602,823,2796,2908,922,3
667,2248,1659,1454,1451,2336,600,825,2733,2910,925,3
668,2245,1660,1452,1450,2339,601,824,2754,2908,925,3
669,2251,1664,1454,1452,2338,601,826,2828,2907,926,3
670,2237,1662,1453,1451,2338,602,824,2887,2909,925,3
671,2280,1665,1455,1450,2338,601,825,2894,2910,924,3
672,2237,1656,1453,1458,2339,600,823,2842,2909,926,3
673,2237,1664,1454,1450,2338,602,825,2761,2909,926,3
674,2244,1668,1453,1451,2340,601,828,2734,2907,924,3
675,2244,1666,1456,1451,2337,602,826,2788,2908,924,3
676,2242,1668,1454,1450,2338,601,827,2852,2910,925,3
677,2234,1664,1456,1450,2340,600,825,2894,2909,924,3
678,2238,1666,1454,1450,2336,601,826,2890,2910,926,3
679,2203,1664,1454,1450,2340,601,824,2818,2909,923,3
680,2243,1677,1456,1452,2339,602,826,2742,2910,923,3
681,2246,1671,1455,1449,2338,599,825,2744,2910,924,3
682,2246,1660,1454,1451,2339,600,823,2814,2910,926,3
683,2245,1687,1455,1451,2338,600,824,2880,2909,926,3
684,2245,1667,1454,1451,2342,601,824,2890,2909,925,3
685,2235,1665,1455,1451,2338,602,824,2867,2910,925,3
686,2259,1668,1455,1450,2339,601,824,2783,2910,923,3
687,2243,1651,1456,1453,2339,600,825,2734,2909,926,3
688,2241,1658,1454,1450,2340,594,824,2762,2910,925,3
689,2242,1670,1454,1450,2340,601,826,2838,2910,925,3
690,2236,1666,1464,1450,2340,602,826,2891,2912,925,3
691,2238,1664,1454,1450,2341,602,825,2901,2912,924,3
692,2248,1670,1455,1450,2338,600,824,2840,2910,926,3
693,2248,1661,1456,1451,2340,600,824,2760,2910,926,3
694,2242,1690,1454,1450,2340,601,824,2740,2910,926,3
695,2250,1666,1457,1450,2347,602,823,2788,2910,924,3
696,2246,1664,1455,1450,2339,602,823,2855,2912,925,3
697,2273,1665,1456,1450,2342,600,825,2891,2910,926,3
698,2272,1666,1455,1451,2340,601,825,2882,2910,925,3
699,2240,1650,1454,1450,2342,601,822,2803,2909,924,3
700,2243,1664,1456,1448,2338,602,824,2740,2910,925,3
701,2241,1666,1456,1450,2340,602,826,2750,2910,925,3
702,2206,1667,1455,1449,2341,601,826,2826,2908,924,3
703,2210,1666,1455,1450,2341,601,824,2883,2912,925,3
704,2244,1686,1455,1450,2342,601,830,2899,2910,926,3
705,2248,1667,1456,1449,2339,602,825,2857,2910,924,3
706,2246,1664,1458,1448,2342,600,824,2776,2913,926,3
707,2242,1660,1456,1450,2341,601,825,2733,2910,927,3
708,2235,1659,1457,1450,2341,602,826,2766,2912,926,3
709,2244,1670,1454,1451,2342,600,825,2842,2909,926,3
710,2226,1666,1455,1451,2341,601,825,2894,2913,925,3
711,2234,1667,1458,1451,2341,599,825,2898,2912,926,3
712,2245,1672,1456,1450,2342,601,826,2832,2912,926,3
713,2249,1674,1457,1446,2341,601,826,2750,2912,926,3
714,2245,1667,1455,1450,2343,601,824,2736,2910,926,3
715,2242,1664,1457,1449,2342,602,825,2797,2912,924,3
716,2243,1666,1457,1449,2342,603,823,2860,2912,925,3
717,2244,1669,1458,1450,2342,600,826,2891,2912,926,3
718,2248,1671,1456,1448,2341,602,824,2876,2910,924,3
719,2216,1669,1457,1450,2342,602,824,2803,2912,926,3
720,2246,1686,1456,1449,2342,602,822,2737,2912,925,3
