Count,S1,S2,S3,S4,S5,S6,S7,S8,S9,S10,Flag
1,2594,1872,1717,1514,2703,646,896,2868,2958,1016,0
2,2592,1876,1718,1515,2703,646,896,2912,2961,1017,0
3,2603,1883,1717,1515,2705,647,894,2910,2961,1016,0
4,2611,1878,1717,1514,2701,648,896,2842,2960,1016,0
5,2596,1874,1716,1514,2704,647,898,2777,2959,1016,0
6,2605,1879,1716,1515,2701,647,896,2770,2960,1016,0
7,2599,1875,1716,1514,2703,648,894,2828,2960,1014,0
8,2596,1874,1718,1515,2703,648,896,2890,2959,1015,0
9,2582,1875,1718,1514,2702,648,894,2913,2960,1015,0
10,2598,1882,1718,1515,2702,647,897,2894,2961,1016,0
11,2595,1873,1718,1515,2703,646,896,2826,2961,1017,0
12,2594,1874,1715,1515,2702,648,893,2761,2960,1015,0
13,2599,1864,1718,1514,2703,649,893,2778,2960,1015,0
14,2598,1878,1719,1515,2698,647,893,2855,2963,1015,0
15,2598,1873,1718,1515,2703,647,894,2906,2960,1017,0
16,2603,1876,1719,1515,2702,648,894,2910,2960,1016,0
17,2595,1878,1717,1512,2703,647,896,2871,2961,1016,0
18,2597,1872,1717,1514,2702,650,891,2795,2960,1015,0
19,2603,1875,1718,1513,2703,647,893,2761,2962,1016,0
20,2598,1881,1717,1515,2704,648,894,2808,2962,1016,0
21,2571,1877,1717,1515,2702,649,893,2874,2960,1016,1
22,2601,1877,1720,1514,2702,649,892,2907,2961,1015,1
23,2596,1879,1716,1515,2700,648,898,2910,2962,1016,1
24,2587,1875,1717,1512,2704,648,892,2843,2961,1015,1
25,2594,1878,1717,1513,2706,649,894,2767,2962,1014,1
26,2598,1877,1719,1515,2703,647,891,2765,2962,1016,1
27,2595,1863,1720,1514,2703,650,888,2829,2962,1015,1
28,2586,1877,1720,1514,2703,649,892,2894,2961,1017,1
29,2571,1875,1718,1516,2704,648,893,2915,2961,1016,1
30,2598,1874,1718,1515,2705,649,892,2891,2960,1016,1
31,2595,1875,1718,1515,2704,649,891,2810,2960,1016,1
32,2595,1875,1720,1515,2704,650,894,2760,2962,1015,1
33,2598,1882,1718,1516,2703,649,896,2783,2962,1016,1
34,2598,1882,1719,1517,2704,648,898,2855,2962,1016,1
35,2579,1874,1718,1515,2704,649,894,2908,2962,1016,1
36,2580,1874,1718,1517,2703,649,896,2918,2960,1016,1
37,2602,1894,1717,1519,2704,649,901,2866,2961,1017,1
38,2600,1876,1720,1518,2704,650,896,2786,2962,1014,1
39,2600,1874,1720,1519,2705,649,897,2764,2962,1018,1
40,2595,1876,1720,1519,2705,650,896,2807,2962,1016,1
41,2622,1877,1718,1522,2706,649,902,2875,2958,1018,1
42,2600,1866,1719,1524,2704,649,897,2909,2964,1019,1
43,2602,1879,1720,1524,2706,648,902,2910,2963,1021,1
44,2603,1880,1720,1526,2704,649,904,2844,2963,1020,1
45,2591,1878,1720,1527,2705,649,904,2778,2965,1022,1
46,2600,1880,1717,1528,2706,649,904,2776,2966,1021,1
47,2606,1875,1720,1530,2705,649,906,2842,2965,1022,1
48,2604,1891,1720,1531,2706,650,914,2906,2965,1025,1
49,2609,1886,1720,1531,2707,648,906,2918,2966,1025,1
50,2606,1874,1721,1534,2706,648,910,2891,2966,1027,1
51,2603,1890,1719,1538,2707,649,912,2824,2966,1027,1
52,2606,1880,1720,1538,2706,650,911,2770,2966,1028,1
53,2610,1879,1721,1540,2704,650,911,2798,2968,1028,1
54,2606,1875,1722,1542,2707,648,916,2866,2968,1029,1
55,2619,1878,1723,1544,2707,650,917,2913,2970,1030,1
56,2605,1877,1722,1546,2714,649,918,2917,2970,1030,1
57,2628,1877,1722,1547,2706,651,920,2866,2970,1032,1
58,2603,1876,1721,1550,2706,651,922,2799,2970,1032,1
59,2630,1882,1722,1551,2706,650,921,2785,2972,1033,1
60,2608,1873,1722,1553,2708,650,925,2827,2973,1034,1
61,2630,1881,1722,1554,2708,649,928,2886,2974,1035,1
62,2608,1877,1722,1556,2707,648,930,2918,2974,1035,1
63,2607,1862,1724,1557,2710,650,932,2910,2974,1035,1
64,2608,1878,1723,1559,2707,650,933,2846,2974,1035,1
65,2612,1866,1722,1560,2709,651,930,2790,2976,1037,1
66,2607,1877,1726,1563,2708,650,936,2787,2978,1038,1
67,2614,1870,1726,1566,2707,650,934,2851,2978,1038,1
68,2612,1886,1726,1566,2709,650,936,2908,2977,1039,1
69,2612,1878,1726,1568,2710,650,940,2923,2979,1039,1
70,2615,1889,1728,1569,2710,649,943,2892,2979,1040,1
71,2612,1880,1723,1571,2710,651,941,2828,2979,1040,1
72,2614,1874,1726,1578,2709,650,943,2789,2979,1040,1
73,2618,1886,1725,1573,2708,650,945,2818,2980,1044,1
74,2613,1878,1725,1573,2710,644,943,2880,2980,1041,1
75,2618,1866,1730,1576,2710,650,943,2919,2982,1042,1
76,2614,1881,1729,1579,2710,650,946,2923,2982,1043,1
77,2617,1878,1729,1575,2710,652,947,2872,2982,1043,1
78,2621,1875,1729,1577,2710,652,940,2806,2984,1043,1
79,2615,1882,1727,1579,2711,651,952,2795,2983,1044,1
80,2619,1878,1728,1581,2712,651,950,2843,2985,1045,1
81,2637,1886,1730,1580,2710,651,950,2899,2984,1046,1
82,2618,1885,1729,1582,2711,652,954,2926,2985,1046,1
83,2620,1881,1730,1583,2712,652,952,2910,2985,1048,1
84,2638,1890,1731,1583,2710,652,954,2850,2986,1048,1
85,2616,1885,1731,1585,2711,652,953,2793,2986,1048,1
86,2627,1882,1731,1584,2716,651,955,2804,2987,1048,1
87,2634,1886,1731,1585,2714,652,954,2859,2986,1048,1
88,2659,1886,1733,1586,2713,652,956,2915,2987,1048,1
89,2630,1885,1731,1588,2712,652,956,2925,2987,1048,1
90,2634,1890,1733,1586,2714,650,956,2891,2988,1050,1
91,2627,1884,1734,1587,2714,650,956,2831,2990,1050,1
92,2631,1885,1733,1589,2714,652,960,2792,2987,1050,1
93,2629,1888,1733,1588,2718,654,957,2824,2988,1050,1
94,2632,1910,1733,1588,2714,651,962,2890,2989,1050,1
95,2634,1885,1734,1589,2714,652,961,2930,2990,1051,1
96,2635,1892,1735,1590,2715,657,960,2926,2990,1052,1
97,2636,1897,1733,1590,2715,652,962,2872,2989,1050,1
98,2632,1891,1736,1590,2714,654,966,2808,2990,1048,1
99,2639,1891,1736,1590,2714,652,960,2799,2989,1050,1
100,2644,1892,1734,1590,2715,653,962,2847,2990,1050,1
101,2635,1886,1735,1591,2715,652,957,2908,2990,1049,1
102,2634,1899,1734,1591,2715,653,960,2931,2990,1050,1
103,2622,1890,1735,1590,2718,654,958,2930,2990,1051,1
104,2635,1896,1735,1590,2716,653,960,2898,2989,1048,1
105,2636,1880,1736,1590,2717,654,955,2826,2990,1049,1
106,2660,1891,1736,1588,2718,652,957,2798,2990,1048,1
107,2638,1888,1738,1586,2718,653,954,2803,2990,1048,1
108,2639,1904,1739,1589,2718,652,957,2854,2989,1048,1
109,2615,1892,1738,1587,2720,653,954,2910,2987,1048,1
110,2637,1895,1738,1586,2718,653,952,2932,2987,1046,1
111,2638,1882,1738,1583,2719,653,946,2922,2990,1046,1
112,2671,1896,1738,1582,2718,652,950,2890,2987,1046,1
113,2639,1894,1737,1580,2716,653,948,2819,2989,1046,1
114,2640,1906,1736,1578,2719,653,946,2796,2987,1045,1
115,2615,1893,1738,1577,2719,654,942,2808,2986,1045,1
116,2640,1894,1738,1576,2719,653,942,2854,2987,1046,1
117,2641,1882,1738,1582,2718,653,938,2903,2986,1043,1
118,2667,1899,1739,1572,2721,654,938,2925,2986,1043,1
119,2642,1895,1739,1570,2720,655,935,2918,2986,1042,1
120,2643,1904,1739,1569,2722,654,934,2884,2987,1043,1
121,2625,1896,1740,1566,2720,655,930,2808,2986,1042,2
122,2650,1900,1745,1567,2723,656,931,2780,2986,1041,2
123,2650,1901,1742,1562,2724,657,928,2801,2984,1042,2
124,2649,1900,1742,1556,2723,655,927,2847,2984,1043,2
125,2650,1899,1743,1552,2723,655,923,2903,2984,1041,2
126,2648,1898,1744,1548,2723,655,918,2920,2983,1041,2
127,2648,1898,1744,1544,2723,654,915,2914,2986,1039,2
128,2642,1899,1742,1538,2723,656,912,2870,2981,1039,2
129,2644,1898,1742,1532,2722,657,909,2788,2981,1038,2
130,2646,1898,1742,1527,2722,657,903,2760,2982,1037,2
131,2644,1900,1742,1523,2722,655,898,2786,2980,1035,2
132,2646,1899,1742,1522,2723,657,898,2835,2979,1036,2
133,2648,1899,1742,1515,2722,655,891,2898,2976,1034,2
134,2646,1902,1742,1512,2723,655,887,2914,2977,1034,2
135,2646,1899,1741,1507,2722,656,882,2902,2976,1033,2
136,2645,1899,1741,1503,2723,656,880,2850,2974,1032,2
137,2643,1897,1742,1499,2722,655,875,2762,2976,1032,2
138,2646,1898,1741,1495,2723,655,869,2738,2973,1029,2
139,2643,1895,1742,1490,2722,654,866,2774,2972,1029,2
140,2646,1897,1741,1487,2722,654,861,2828,2970,1027,2
141,2643,1899,1740,1482,2722,655,858,2888,2970,1027,2
142,2644,1897,1741,1480,2722,654,853,2903,2968,1026,2
143,2646,1897,1739,1476,2722,655,850,2891,2966,1025,2
144,2646,1897,1739,1473,2722,655,843,2829,2966,1024,2
145,2646,1894,1740,1467,2722,655,839,2736,2966,1021,2
146,2646,1896,1739,1464,2722,654,837,2720,2964,1018,2
147,2646,1897,1740,1460,2722,654,833,2762,2962,1019,2
148,2646,1898,1738,1458,2722,655,828,2822,2962,1018,2
149,2646,1895,1739,1454,2722,655,825,2884,2962,1017,2
150,2644,1895,1741,1451,2722,654,821,2897,2960,1016,2
151,2642,1895,1739,1450,2720,653,818,2880,2958,1016,2
152,2644,1897,1739,1443,2721,654,813,2810,2958,1015,2
153,2642,1898,1739,1442,2721,653,810,2718,2955,1014,2
154,2646,1897,1738,1437,2721,654,809,2703,2955,1012,2
155,2642,1894,1739,1434,2722,653,803,2754,2954,1011,2
156,2642,1896,1738,1432,2722,654,802,2817,2952,1012,2
157,2644,1899,1736,1429,2722,654,798,2876,2950,1009,2
158,2643,1895,1740,1427,2720,653,794,2888,2951,1009,2
159,2642,1895,1738,1424,2718,653,792,2866,2949,1008,2
160,2642,1896,1738,1423,2719,654,787,2794,2948,1007,2
161,2645,1894,1737,1419,2719,654,785,2701,2947,1007,2
162,2642,1894,1738,1417,2718,654,783,2691,2946,1005,2
163,2642,1893,1738,1414,2720,654,779,2747,2944,1003,2
164,2642,1894,1736,1412,2720,653,778,2810,2942,1003,2
165,2644,1895,1736,1409,2718,652,776,2872,2942,1003,2
166,2640,1893,1738,1408,2718,654,772,2883,2939,1002,2
167,2642,1896,1734,1403,2720,653,770,2855,2938,1002,2
168,2642,1892,1738,1402,2717,653,766,2776,2938,1001,2
169,2643,1894,1736,1400,2717,652,764,2686,2936,1000,2
170,2639,1893,1736,1397,2718,653,763,2680,2934,997,2
171,2639,1890,1736,1394,2718,654,760,2744,2934,998,2
172,2638,1891,1736,1392,2715,654,756,2833,2933,999,2
173,2639,1888,1735,1389,2717,654,754,2876,2932,996,2
174,2641,1894,1733,1387,2718,652,754,2870,2930,996,2
175,2637,1888,1733,1385,2716,651,750,2765,2930,995,2
176,2638,1891,1735,1386,2715,653,749,2675,2930,993,2
177,2638,1890,1734,1384,2715,653,747,2686,2926,992,2
178,2637,1888,1732,1381,2716,652,745,2779,2926,991,2
179,2635,1892,1732,1381,2716,653,742,2852,2923,992,2
180,2635,1890,1734,1378,2717,652,743,2872,2924,990,2
181,2634,1891,1731,1377,2715,653,739,2835,2922,990,2
182,2633,1887,1731,1378,2715,653,739,2718,2922,989,2
183,2634,1889,1733,1373,2715,654,736,2662,2920,987,2
184,2635,1890,1734,1372,2716,652,734,2710,2920,987,2
185,2633,1886,1731,1369,2715,652,733,2808,2919,987,2
186,2634,1888,1731,1368,2715,651,729,2864,2918,987,2
187,2632,1889,1730,1368,2713,654,730,2869,2918,986,2
188,2632,1888,1731,1366,2714,652,729,2786,2915,984,2
189,2633,1890,1731,1364,2712,652,726,2680,2914,983,2
190,2634,1883,1730,1362,2713,652,724,2664,2914,983,2
191,2632,1886,1728,1361,2714,653,724,2745,2912,983,2
192,2628,1885,1730,1362,2714,653,723,2832,2910,982,2
193,2627,1887,1729,1360,2714,652,720,2868,2908,981,2
194,2628,1886,1730,1359,2712,652,720,2851,2908,981,2
195,2630,1883,1730,1358,2712,651,719,2734,2909,980,2
196,2628,1886,1728,1358,2713,651,716,2652,2906,982,2
197,2627,1885,1725,1355,2712,653,716,2680,2905,979,2
198,2621,1886,1726,1354,2712,651,713,2780,2905,979,2
199,2624,1883,1726,1353,2712,652,714,2850,2904,977,2
200,2622,1888,1725,1353,2711,653,710,2863,2903,977,2
201,2622,1882,1730,1352,2712,652,711,2807,2903,977,2
202,2620,1884,1725,1350,2711,651,709,2693,2902,976,2
203,2619,1890,1724,1350,2712,650,708,2650,2900,975,2
204,2621,1882,1723,1348,2710,650,707,2712,2899,975,2
205,2618,1883,1724,1349,2709,650,707,2811,2898,975,2
206,2616,1883,1722,1346,2710,651,705,2858,2896,974,2
207,2614,1881,1722,1346,2712,651,707,2859,2896,974,2
208,2616,1882,1723,1345,2709,651,704,2760,2895,973,2
209,2616,1882,1722,1344,2710,652,699,2658,2894,971,2
210,2618,1879,1723,1342,2709,650,700,2662,2895,971,2
211,2614,1882,1722,1342,2708,651,699,2754,2893,971,2
212,2614,1880,1721,1339,2708,652,698,2831,2891,970,2
213,2609,1882,1722,1341,2707,651,697,2862,2891,970,2
214,2610,1882,1722,1339,2706,650,695,2834,2890,969,2
215,2610,1878,1719,1339,2708,651,695,2712,2889,970,2
216,2610,1878,1719,1338,2707,652,696,2641,2889,969,2
217,2609,1881,1719,1339,2707,650,696,2682,2888,970,2
218,2605,1881,1720,1337,2706,650,692,2787,2886,968,2
219,2606,1875,1720,1337,2706,650,693,2849,2888,968,2
220,2606,1879,1715,1335,2707,650,694,2860,2884,967,2
221,2603,1876,1718,1335,2705,651,690,2782,2885,967,2
222,2602,1875,1718,1335,2704,650,690,2672,2884,965,2
223,2601,1875,1717,1334,2706,650,689,2646,2882,966,2
224,2601,1877,1717,1333,2704,650,687,2719,2882,963,2
225,2602,1878,1715,1333,2706,651,686,2814,2882,964,2
226,2602,1874,1718,1333,2706,650,689,2858,2880,965,2
227,2598,1875,1716,1332,2705,651,687,2849,2878,964,2
228,2595,1875,1715,1331,2704,651,685,2734,2880,962,2
229,2596,1875,1715,1332,2703,649,687,2642,2876,963,2
230,2596,1873,1714,1329,2704,648,685,2660,2876,963,2
231,2594,1874,1715,1329,2704,650,683,2762,2876,960,2
232,2593,1874,1714,1330,2702,651,683,2834,2875,961,2
233,2595,1873,1715,1330,2702,650,682,2858,2872,961,2
234,2594,1873,1711,1330,2702,650,683,2810,2873,958,2
235,2592,1870,1714,1331,2703,649,683,2690,2873,960,2
236,2588,1871,1712,1330,2702,647,681,2634,2872,960,2
237,2588,1870,1711,1327,2702,650,682,2692,2870,961,2
238,2589,1872,1711,1326,2702,650,680,2796,2870,957,2
239,2587,1872,1711,1329,2700,649,680,2851,2868,956,2
240,2583,1870,1710,1327,2701,649,679,2855,2869,958,2
241,2584,1869,1710,1326,2699,648,681,2760,2868,957,2
242,2581,1869,1709,1327,2699,648,679,2651,2867,956,2
243,2581,1870,1710,1327,2699,650,677,2646,2866,955,2
244,2584,1869,1710,1325,2699,648,677,2733,2866,953,2
245,2579,1868,1708,1325,2699,650,678,2820,2866,954,2
246,2578,1866,1707,1324,2699,648,678,2856,2864,955,2
247,2577,1867,1707,1326,2699,649,678,2832,2862,954,2
248,2578,1868,1707,1324,2699,649,676,2711,2861,952,2
249,2578,1868,1707,1323,2698,648,674,2634,2862,951,2
250,2579,1869,1707,1323,2697,649,675,2667,2862,951,2
251,2578,1865,1707,1323,2697,647,675,2772,2862,953,2
252,2576,1866,1706,1323,2697,649,675,2838,2860,952,2
253,2571,1870,1706,1325,2698,648,674,2855,2858,952,2
254,2572,1864,1705,1323,2699,648,672,2787,2858,950,2
255,2573,1866,1704,1323,2695,646,675,2672,2858,950,2
256,2571,1863,1706,1322,2695,647,673,2635,2858,951,2
257,2570,1863,1704,1324,2696,648,673,2704,2858,950,2
258,2568,1866,1705,1323,2696,649,672,2805,2855,950,2
259,2566,1866,1702,1324,2694,647,672,2851,2856,950,2
260,2569,1862,1704,1321,2695,648,670,2850,2856,947,2
261,2566,1863,1702,1322,2695,647,671,2738,2855,947,2
262,2566,1862,1702,1322,2694,649,670,2639,2853,946,2
263,2562,1862,1701,1323,2694,647,672,2651,2853,947,2
264,2562,1862,1701,1322,2691,648,671,2748,2851,946,2
265,2563,1860,1702,1321,2693,648,669,2827,2852,947,2
266,2562,1860,1699,1322,2693,646,668,2854,2852,947,2
267,2557,1861,1700,1322,2692,647,669,2818,2850,946,2
268,2553,1862,1699,1321,2690,646,668,2694,2850,946,2
269,2554,1857,1698,1321,2692,647,670,2632,2850,947,2
270,2555,1859,1698,1322,2691,646,669,2680,2849,947,2
271,2552,1859,1695,1322,2692,645,668,2785,2847,945,2
272,2553,1858,1698,1319,2692,648,667,2843,2846,946,2
273,2552,1858,1698,1322,2690,646,666,2854,2846,945,2
274,2552,1859,1697,1322,2691,647,666,2763,2846,944,2
275,2552,1857,1694,1322,2691,646,667,2654,2845,947,2
276,2547,1858,1694,1321,2690,646,667,2638,2846,944,2
277,2547,1857,1695,1319,2690,646,666,2720,2844,944,2
278,2546,1860,1694,1321,2689,646,666,2813,2843,942,2
279,2547,1856,1694,1321,2690,646,665,2854,2842,943,2
280,2547,1851,1696,1321,2688,646,667,2838,2842,943,2
281,2546,1857,1693,1322,2688,645,665,2715,2842,943,2
282,2546,1851,1691,1320,2688,646,665,2630,2840,941,2
283,2540,1853,1691,1320,2688,646,665,2661,2840,942,2
284,2541,1854,1691,1322,2684,646,664,2766,2839,941,2
285,2542,1850,1694,1321,2688,645,665,2835,2840,941,2
286,2541,1852,1692,1321,2685,645,666,2851,2838,942,2
287,2539,1853,1690,1321,2686,646,666,2794,2838,941,2
288,2533,1849,1689,1321,2683,646,663,2675,2836,942,2
289,2536,1850,1688,1323,2684,645,664,2631,2837,942,2
290,2536,1852,1689,1322,2684,644,666,2698,2838,941,2
291,2534,1851,1688,1321,2686,645,664,2799,2835,940,2
292,2530,1850,1688,1320,2683,644,665,2848,2836,939,2
293,2535,1850,1689,1321,2682,645,663,2851,2834,938,2
294,2534,1850,1687,1322,2681,646,663,2744,2834,939,2
295,2531,1851,1687,1321,2683,644,665,2642,2835,938,2
296,2529,1848,1685,1321,2682,645,666,2647,2835,938,2
297,2528,1848,1683,1322,2682,646,663,2741,2834,939,2
298,2530,1850,1687,1322,2682,643,664,2823,2832,938,2
299,2528,1846,1686,1322,2681,644,664,2854,2832,938,2
300,2525,1848,1686,1323,2681,643,663,2821,2831,937,2
301,2522,1843,1684,1322,2680,643,663,2698,2832,937,2
302,2526,1846,1683,1323,2680,644,662,2630,2830,938,2
303,2522,1848,1683,1320,2680,644,661,2674,2830,936,2
304,2522,1843,1682,1323,2678,644,662,2780,2830,936,2
305,2519,1842,1683,1323,2679,644,664,2842,2830,936,2
306,2516,1846,1682,1322,2678,643,663,2852,2830,937,2
307,2520,1846,1682,1322,2678,645,664,2768,2828,936,2
308,2518,1843,1682,1322,2678,643,662,2658,2827,936,2
309,2518,1846,1682,1323,2677,643,661,2638,2826,935,2
310,2516,1844,1681,1323,2675,643,662,2717,2826,935,2
311,2516,1841,1678,1322,2676,643,662,2810,2827,934,2
312,2514,1843,1680,1322,2675,645,662,2850,2826,936,2
313,2511,1841,1679,1324,2675,644,661,2840,2825,934,2
314,2511,1839,1680,1323,2674,644,660,2723,2826,934,2
315,2510,1843,1679,1323,2676,644,662,2630,2826,934,2
316,2514,1843,1677,1323,2675,643,661,2658,2824,932,2
317,2510,1840,1678,1323,2674,644,662,2762,2824,933,2
318,2506,1841,1679,1324,2672,643,660,2833,2824,933,2
319,2506,1840,1677,1324,2674,644,659,2854,2824,932,2
320,2506,1838,1676,1325,2674,644,661,2798,2824,933,2
321,2507,1837,1675,1326,2673,642,662,2678,2822,933,3
322,2490,1838,1670,1319,2670,642,661,2629,2818,932,3
323,2474,1833,1672,1325,2670,640,664,2698,2822,933,3
324,2502,1830,1672,1329,2667,642,659,2794,2822,934,3
325,2502,1834,1670,1335,2669,641,660,2850,2820,933,3
326,2502,1840,1672,1340,2669,641,662,2855,2820,932,3
327,2507,1832,1678,1346,2668,640,663,2746,2819,933,3
328,2506,1836,1672,1350,2669,640,670,2651,2819,934,3
329,2507,1829,1674,1358,2670,640,667,2656,2821,934,3
330,2506,1830,1673,1363,2669,641,668,2745,2821,935,3
331,2515,1840,1672,1368,2669,640,670,2822,2819,934,3
332,2520,1836,1671,1377,2669,641,674,2855,2820,934,3
333,2523,1835,1673,1386,2669,640,677,2832,2823,936,3
334,2523,1834,1682,1392,2668,643,678,2720,2823,935,3
335,2520,1835,1674,1402,2671,641,682,2657,2824,936,3
336,2513,1834,1674,1410,2669,641,685,2688,2823,936,3
337,2526,1826,1675,1415,2670,641,686,2791,2822,935,3
338,2532,1827,1678,1422,2670,640,689,2856,2823,937,3
339,2532,1835,1677,1427,2670,642,693,2866,2825,935,3
340,2528,1840,1675,1430,2670,640,694,2798,2825,938,3
341,2539,1841,1673,1433,2670,637,698,2700,2826,938,3
342,2538,1828,1676,1433,2671,641,698,2676,2826,938,3
343,2551,1840,1677,1434,2669,641,698,2737,2827,936,3
344,2546,1844,1688,1434,2670,640,699,2820,2827,937,3
345,2551,1840,1678,1432,2668,641,702,2861,2827,940,3
346,2538,1839,1677,1430,2669,636,705,2856,2827,939,3
347,2550,1842,1678,1428,2665,641,706,2766,2827,938,3
348,2557,1840,1678,1427,2668,642,707,2681,2826,939,3
349,2550,1834,1679,1424,2669,642,706,2693,2828,938,3
350,2550,1846,1678,1423,2669,641,710,2774,2830,940,3
351,2549,1842,1680,1420,2670,641,709,2847,2829,940,3
352,2550,1839,1679,1412,2670,642,709,2870,2829,939,3
353,2560,1848,1679,1414,2670,643,711,2828,2829,940,3
354,2554,1846,1681,1413,2670,641,710,2726,2831,940,3
355,2555,1843,1680,1414,2670,641,714,2672,2831,941,3
356,2555,1827,1678,1409,2669,641,714,2714,2832,942,3
357,2550,1844,1681,1405,2671,641,714,2808,2830,944,3
358,2560,1849,1680,1403,2669,642,715,2864,2832,942,3
359,2556,1867,1680,1401,2667,642,713,2870,2833,944,3
360,2560,1838,1680,1400,2670,642,716,2786,2835,944,3
361,2547,1841,1680,1398,2670,641,718,2694,2834,944,3
362,2582,1846,1680,1396,2670,640,716,2690,2835,946,3
363,2562,1846,1682,1393,2669,642,721,2766,2835,945,3
364,2555,1841,1682,1394,2670,641,721,2840,2835,945,3
365,2565,1843,1680,1393,2668,642,721,2873,2835,946,3
366,2539,1843,1680,1392,2670,642,723,2850,2836,948,3
367,2560,1846,1682,1394,2670,640,725,2754,2838,947,3
368,2561,1845,1682,1391,2669,642,727,2686,2840,947,3
369,2560,1840,1684,1390,2670,641,727,2707,2839,947,3
370,2561,1835,1680,1394,2668,642,730,2794,2840,949,3
371,2560,1842,1682,1392,2667,640,731,2854,2841,948,3
372,2560,1848,1681,1392,2670,633,732,2867,2842,948,3
373,2572,1847,1682,1392,2664,641,736,2817,2842,950,3
374,2566,1844,1682,1391,2669,642,734,2731,2843,950,3
375,2570,1844,1682,1394,2668,640,735,2698,2843,950,3
376,2560,1840,1682,1394,2668,641,738,2744,2843,951,3
377,2564,1846,1681,1394,2670,641,741,2832,2846,952,3
378,2562,1844,1681,1394,2670,640,741,2865,2845,952,3
379,2558,1848,1683,1395,2669,642,738,2862,2848,950,3
380,2576,1845,1682,1396,2667,642,744,2787,2847,952,3
381,2558,1843,1682,1395,2669,641,741,2701,2847,952,3
382,2555,1843,1682,1396,2670,641,746,2705,2848,952,3
383,2566,1844,1682,1396,2670,642,747,2789,2849,954,3
384,2563,1846,1682,1396,2668,642,746,2849,2849,954,3
385,2560,1838,1682,1397,2666,642,750,2870,2850,952,3
386,2562,1842,1682,1400,2667,641,753,2850,2854,954,3
387,2563,1850,1682,1398,2668,643,750,2755,2851,952,3
388,2567,1845,1683,1399,2669,641,753,2706,2853,953,3
389,2562,1847,1683,1398,2668,642,754,2735,2851,953,3
390,2566,1846,1682,1399,2667,640,756,2820,2853,954,3
391,2560,1840,1684,1400,2668,640,758,2867,2853,954,3
392,2563,1835,1682,1400,2670,638,758,2875,2853,954,3
393,2564,1846,1683,1398,2668,641,759,2807,2854,955,3
394,2563,1834,1682,1399,2668,641,759,2721,2854,954,3
395,2563,1845,1682,1400,2670,642,760,2707,2854,956,3
396,2563,1848,1683,1401,2669,641,763,2770,2855,954,3
397,2566,1848,1681,1399,2668,642,760,2849,2856,953,3
398,2563,1846,1684,1402,2668,641,770,2878,2855,954,3
399,2566,1847,1683,1402,2669,642,762,2863,2858,954,3
400,2560,1823,1681,1402,2669,642,765,2769,2857,955,3
401,2561,1846,1683,1401,2667,641,765,2704,2858,956,3
402,2552,1848,1683,1402,2668,640,763,2722,2858,955,3
403,2562,1841,1684,1400,2670,642,765,2802,2858,955,3
404,2563,1848,1681,1399,2669,642,768,2864,2858,957,3
405,2561,1846,1682,1400,2669,640,768,2882,2858,956,3
406,2560,1840,1684,1401,2667,642,766,2827,2858,956,3
407,2566,1850,1682,1398,2669,640,766,2741,2859,955,3
408,2563,1838,1683,1402,2668,642,770,2699,2860,956,3
409,2548,1848,1683,1402,2667,642,771,2762,2860,956,3
410,2562,1842,1680,1399,2667,641,769,2834,2860,957,3
411,2574,1849,1681,1401,2668,641,772,2878,2861,960,3
412,2560,1840,1683,1402,2669,641,771,2870,2862,956,3
413,2562,1845,1684,1399,2668,642,778,2796,2861,957,3
414,2563,1848,1684,1400,2667,642,773,2713,2862,960,3
415,2579,1848,1683,1401,2668,641,773,2712,2866,962,3
416,2530,1843,1683,1402,2668,641,774,2799,2863,961,3
417,2562,1852,1682,1402,2670,641,776,2857,2866,962,3
418,2594,1849,1683,1402,2668,641,776,2876,2864,962,3
419,2564,1847,1682,1402,2667,642,778,2851,2865,962,3
420,2560,1848,1681,1403,2667,641,780,2762,2866,968,3
421,2550,1846,1683,1403,2667,641,778,2710,2866,964,3
422,2560,1848,1683,1404,2669,640,778,2747,2867,962,3
423,2560,1868,1682,1403,2668,642,782,2830,2867,965,3
424,2556,1847,1683,1405,2667,642,782,2869,2868,963,3
425,2563,1848,1682,1406,2666,642,783,2882,2869,965,3
426,2553,1846,1683,1407,2669,641,783,2814,2870,966,3
427,2570,1846,1672,1410,2667,642,784,2733,2871,966,3
428,2564,1848,1685,1409,2668,642,787,2730,2871,966,3
429,2562,1861,1683,1411,2667,642,787,2787,2871,966,3
430,2562,1860,1682,1413,2667,643,792,2854,2873,968,3
431,2540,1844,1683,1416,2668,641,793,2886,2872,970,3
432,2536,1845,1682,1415,2669,642,794,2874,2874,969,3
433,2567,1847,1682,1417,2666,642,795,2789,2875,970,3
434,2556,1848,1684,1419,2666,642,798,2734,2876,970,3
435,2547,1848,1683,1420,2667,642,800,2746,2876,971,3
436,2557,1848,1683,1422,2667,642,804,2818,2877,972,3
437,2548,1846,1682,1423,2670,642,804,2883,2880,971,3
438,2566,1850,1686,1426,2669,643,808,2890,2879,972,3
439,2536,1843,1685,1427,2667,642,808,2843,2881,971,3
440,2565,1850,1683,1429,2667,642,808,2764,2882,973,3
441,2567,1846,1682,1431,2668,642,811,2732,2883,973,3
442,2560,1846,1682,1434,2668,642,813,2778,2884,974,3
443,2568,1845,1678,1434,2667,643,814,2843,2883,975,3
444,2565,1846,1686,1434,2670,642,814,2884,2885,974,3
445,2562,1838,1684,1436,2667,635,818,2885,2885,973,3
446,2563,1835,1684,1439,2668,637,818,2811,2887,976,3
447,2555,1848,1682,1440,2667,642,822,2747,2888,976,3
448,2561,1852,1681,1442,2668,648,822,2742,2888,976,3
449,2560,1869,1684,1442,2668,643,824,2814,2888,978,3
450,2578,1849,1684,1445,2667,642,822,2873,2889,977,3
451,2555,1845,1683,1446,2668,642,828,2891,2889,978,3
452,2555,1848,1683,1447,2669,642,828,2871,2890,978,3
453,2562,1862,1683,1444,2667,643,829,2788,2892,978,3
454,2562,1844,1684,1449,2668,642,829,2742,2893,980,3
455,2558,1840,1683,1451,2669,644,833,2768,2892,980,3
456,2558,1851,1683,1454,2668,642,837,2843,2892,980,3
457,2560,1854,1682,1452,2668,643,837,2893,2894,981,3
458,2582,1849,1686,1456,2668,643,836,2891,2894,979,3
459,2558,1843,1685,1455,2667,644,838,2833,2897,980,3
460,2564,1848,1684,1458,2667,642,839,2763,2897,983,3
461,2560,1845,1682,1460,2667,643,846,2748,2898,982,3
462,2555,1840,1684,1460,2670,645,843,2802,2898,983,3
463,2566,1851,1685,1460,2668,642,843,2867,2902,984,3
464,2560,1846,1683,1462,2668,643,843,2898,2899,985,3
465,2562,1850,1682,1464,2668,642,842,2881,2899,984,3
466,2538,1849,1686,1463,2670,642,847,2806,2899,984,3
467,2563,1850,1682,1464,2668,642,847,2743,2902,984,3
468,2556,1849,1686,1464,2671,643,850,2770,2902,983,3
469,2561,1865,1685,1465,2667,644,848,2839,2902,984,3
470,2560,1836,1684,1468,2667,642,850,2891,2902,986,3
471,2545,1846,1693,1469,2669,643,852,2904,2904,986,3
472,2571,1849,1680,1470,2670,643,852,2851,2905,986,3
473,2545,1850,1686,1470,2669,643,854,2779,2906,986,3
474,2558,1845,1684,1472,2668,643,854,2754,2906,986,3
475,2562,1850,1683,1473,2667,643,856,2793,2906,987,3
476,2561,1854,1685,1474,2668,649,856,2865,2907,987,3
477,2561,1834,1683,1484,2669,643,856,2897,2907,987,3
478,2561,1846,1686,1476,2670,643,858,2895,2907,988,3
479,2556,1845,1684,1475,2669,642,859,2821,2908,988,3
480,2560,1858,1683,1472,2670,643,862,2758,2908,990,3
481,2547,1849,1685,1478,2669,644,862,2758,2909,989,3
482,2565,1856,1686,1480,2668,644,860,2829,2911,989,3
483,2562,1827,1686,1478,2669,644,862,2884,2910,990,3
484,2566,1854,1686,1480,2669,643,862,2904,2910,990,3
485,2563,1828,1686,1481,2667,643,861,2867,2912,990,3
486,2563,1853,1684,1481,2669,644,866,2795,2913,990,3
487,2562,1850,1686,1482,2669,643,867,2753,2914,991,3
488,2564,1849,1686,1482,2670,644,865,2780,2912,993,3
489,2562,1856,1687,1483,2667,643,866,2852,2914,990,3
490,2574,1850,1686,1484,2668,644,868,2899,2915,992,3
491,2557,1851,1685,1486,2664,644,869,2906,2915,994,3
492,2556,1848,1684,1484,2669,644,870,2839,2914,992,3
493,2563,1842,1685,1485,2669,644,875,2767,2916,991,3
494,2562,1832,1686,1486,2669,644,867,2756,2915,991,3
495,2563,1848,1687,1487,2669,643,867,2815,2918,991,3
496,2560,1848,1686,1487,2669,645,872,2885,2918,993,3
497,2555,1848,1686,1486,2670,645,872,2902,2915,994,3
498,2564,1847,1685,1488,2670,643,871,2889,2918,994,3
499,2563,1852,1686,1488,2670,643,874,2806,2918,995,3
500,2572,1849,1686,1490,2670,643,874,2754,2920,995,3
501,2545,1851,1685,1490,2669,643,874,2778,2919,997,3
502,2560,1833,1686,1491,2670,643,874,2843,2920,995,3
503,2568,1850,1687,1491,2669,645,874,2895,2920,995,3
504,2550,1851,1685,1491,2669,646,875,2909,2921,994,3
505,2563,1831,1688,1491,2670,642,874,2853,2921,995,3
506,2562,1846,1686,1491,2670,642,873,2782,2921,997,3
507,2542,1849,1686,1491,2671,643,876,2762,2922,996,3
508,2566,1856,1688,1493,2670,643,879,2803,2923,997,3
509,2562,1848,1688,1493,2669,644,876,2873,2923,996,3
510,2569,1850,1686,1495,2670,644,877,2907,2924,996,3
511,2560,1843,1686,1494,2669,644,879,2894,2923,997,3
512,2569,1849,1686,1494,2670,643,878,2820,2924,998,3
513,2564,1853,1688,1494,2669,643,886,2766,2923,996,3
514,2562,1854,1688,1496,2670,643,879,2766,2925,999,3
515,2562,1845,1687,1498,2670,644,882,2838,2925,998,3
516,2563,1864,1686,1499,2670,643,882,2899,2926,999,3
517,2532,1850,1686,1499,2670,643,881,2913,2925,999,3
518,2565,1852,1688,1497,2670,644,882,2872,2926,998,3
519,2567,1851,1688,1498,2671,643,883,2794,2927,999,3
520,2563,1847,1689,1499,2669,644,879,2760,2928,998,3
521,2562,1851,1689,1500,2670,643,885,2803,2928,1000,3
522,2580,1850,1687,1499,2671,644,881,2848,2927,998,3
523,2566,1859,1690,1500,2671,645,884,2903,2927,1000,3
524,2564,1850,1688,1500,2670,644,885,2907,2929,1000,3
525,2567,1851,1690,1502,2678,644,884,2888,2928,1000,3
526,2569,1852,1687,1501,2671,644,886,2841,2932,1000,3
527,2564,1837,1687,1501,2672,644,884,2766,2929,1001,3
528,2564,1850,1688,1502,2670,644,883,2760,2931,1001,3
529,2528,1847,1687,1503,2671,642,888,2808,2930,1002,3
530,2567,1839,1690,1512,2671,645,886,2854,2930,1001,3
531,2563,1850,1689,1502,2671,644,886,2899,2929,1000,3
532,2573,1852,1690,1503,2670,645,888,2913,2931,1001,3
533,2563,1836,1688,1503,2672,644,885,2883,2931,1001,3
534,2570,1850,1690,1506,2674,644,888,2829,2931,1002,3
535,2569,1852,1688,1504,2672,644,888,2770,2932,1002,3
536,2568,1853,1688,1505,2671,643,890,2762,2932,1008,3
537,2574,1851,1681,1506,2671,645,888,2810,2933,1002,3
538,2570,1862,1690,1506,2671,644,887,2863,2932,1002,3
539,2565,1852,1690,1505,2672,643,890,2910,2934,1003,3
540,2566,1849,1689,1504,2672,645,888,2906,2932,1003,3
541,2568,1849,1691,1505,2673,644,888,2880,2934,1002,3
542,2533,1847,1690,1506,2671,643,890,2827,2934,1002,3
543,2565,1831,1690,1506,2672,644,883,2763,2934,1003,3
544,2579,1856,1680,1507,2672,644,889,2762,2934,1003,3
545,2568,1862,1690,1506,2672,643,889,2826,2934,1004,3
546,2563,1851,1688,1507,2667,644,890,2870,2935,1002,3
547,2564,1845,1689,1507,2672,645,890,2906,2935,1003,3
548,2571,1851,1690,1508,2680,643,890,2907,2936,1004,3
549,2569,1854,1690,1507,2671,651,889,2870,2934,1003,3
550,2566,1851,1691,1508,2666,645,890,2822,2936,1004,3
551,2568,1847,1690,1508,2671,645,890,2761,2937,1004,3
552,2570,1852,1692,1508,2680,643,890,2763,2937,1005,3
553,2572,1860,1691,1510,2673,643,890,2832,2938,1005,3
554,2562,1852,1690,1510,2673,646,887,2868,2937,1005,3
555,2570,1843,1690,1514,2674,646,891,2906,2936,1006,3
556,2579,1852,1694,1509,2671,645,890,2908,2936,1005,3
557,2571,1865,1691,1510,2672,645,894,2863,2938,1006,3
558,2573,1856,1691,1508,2673,644,892,2812,2938,1004,3
559,2570,1858,1691,1510,2672,645,894,2760,2938,1006,3
560,2564,1848,1692,1510,2672,645,892,2769,2938,1004,3
561,2569,1857,1692,1510,2673,645,892,2832,2939,1004,3
562,2570,1865,1690,1506,2672,644,891,2881,2938,1004,3
563,2552,1853,1691,1510,2674,645,890,2913,2939,1006,3
564,2568,1858,1692,1509,2672,645,892,2909,2938,1006,3
565,2562,1851,1693,1509,2674,643,891,2854,2939,1005,3
566,2570,1850,1691,1512,2680,644,892,2801,2940,1006,3
567,2570,1864,1692,1514,2674,646,891,2763,2939,1005,3
568,2542,1852,1691,1510,2674,644,891,2777,2939,1005,3
569,2570,1858,1692,1510,2674,645,893,2851,2938,1004,3
570,2570,1848,1691,1510,2673,645,891,2882,2940,1006,3
571,2582,1854,1692,1512,2673,645,890,2907,2940,1005,3
572,2571,1852,1694,1510,2673,643,891,2914,2941,1006,3
573,2571,1860,1692,1512,2674,644,891,2850,2941,1006,3
574,2552,1854,1691,1512,2674,647,891,2797,2941,1007,3
575,2569,1856,1692,1511,2675,644,893,2762,2944,1007,3
576,2570,1847,1692,1512,2674,646,892,2779,2941,1007,3
577,2589,1856,1692,1512,2675,645,892,2850,2942,1006,3
578,2574,1854,1692,1510,2674,645,890,2884,2942,1006,3
579,2570,1865,1693,1510,2675,645,892,2914,2941,1007,3
580,2578,1858,1692,1513,2674,644,894,2906,2941,1007,3
581,2565,1854,1694,1512,2675,645,894,2841,2944,1007,3
582,2571,1859,1694,1511,2674,644,892,2786,2944,1007,3
583,2567,1849,1694,1512,2673,645,890,2762,2944,1007,3
584,2600,1858,1696,1512,2675,644,891,2786,2944,1007,3
585,2570,1857,1692,1512,2674,645,891,2856,2944,1007,3
586,2572,1851,1693,1511,2675,643,890,2890,2945,1006,3
587,2573,1860,1692,1512,2675,644,892,2914,2945,1008,3
588,2543,1853,1694,1511,2676,646,890,2904,2944,1007,3
589,2568,1857,1694,1511,2674,645,893,2835,2944,1006,3
590,2571,1859,1693,1513,2675,646,896,2777,2945,1007,3
591,2572,1850,1694,1510,2675,644,892,2763,2945,1006,3
592,2565,1854,1694,1514,2675,644,894,2792,2944,1007,3
593,2577,1859,1696,1514,2675,645,896,2862,2946,1007,3
594,2571,1853,1693,1514,2675,646,891,2894,2945,1007,3
595,2573,1877,1693,1514,2676,645,902,2914,2945,1007,3
596,2573,1861,1696,1512,2675,644,892,2899,2947,1008,3
597,2574,1860,1694,1512,2675,647,892,2825,2949,1007,3
598,2562,1856,1696,1514,2675,644,891,2777,2947,1008,3
599,2573,1860,1694,1514,2676,645,892,2770,2947,1010,3
600,2574,1860,1696,1514,2675,645,893,2799,2946,1008,3
601,2571,1846,1696,1515,2675,645,892,2867,2947,1009,3
602,2572,1854,1694,1514,2675,645,892,2900,2947,1008,3
603,2597,1861,1696,1512,2676,646,894,2909,2947,1010,3
604,2581,1859,1692,1513,2675,645,893,2888,2947,1007,3
605,2571,1853,1693,1514,2676,646,892,2810,2948,1008,3
606,2573,1856,1696,1515,2676,645,891,2774,2947,1008,3
607,2571,1875,1696,1514,2675,645,900,2771,2948,1008,3
608,2576,1869,1697,1514,2676,645,894,2811,2947,1009,3
609,2573,1856,1696,1515,2676,645,892,2880,2947,1008,3
610,2576,1858,1696,1514,2677,646,892,2907,2947,1008,3
611,2563,1857,1693,1514,2677,646,893,2915,2947,1010,3
612,2566,1858,1696,1513,2677,645,888,2880,2946,1010,3
613,2573,1862,1696,1514,2676,645,892,2809,2948,1009,3
614,2571,1862,1696,1514,2677,645,896,2775,2948,1008,3
615,2574,1860,1698,1514,2676,645,892,2770,2950,1013,3
616,2572,1837,1696,1515,2676,645,893,2818,2950,1010,3
617,2572,1850,1698,1517,2675,645,893,2878,2950,1007,3
618,2570,1850,1696,1514,2676,645,892,2906,2948,1008,3
619,2571,1857,1697,1514,2677,646,894,2907,2949,1009,3
620,2568,1859,1699,1514,2676,647,893,2871,2949,1010,3
621,2603,1861,1698,1514,2677,648,892,2795,2949,1010,3
622,2592,1856,1696,1515,2677,645,893,2762,2949,1010,3
623,2583,1858,1687,1515,2677,645,892,2776,2949,1010,3
624,2575,1859,1694,1515,2676,646,891,2824,2950,1009,3
625,2578,1859,1698,1514,2676,645,890,2884,2950,1010,3
626,2574,1861,1697,1515,2682,648,892,2906,2950,1010,3
627,2577,1859,1697,1514,2677,646,891,2904,2950,1009,3
628,2572,1856,1698,1513,2678,645,892,2861,2950,1010,3
629,2575,1859,1698,1515,2678,645,890,2784,2950,1010,3
630,2570,1851,1694,1516,2677,645,892,2758,2952,1010,3
631,2574,1854,1697,1515,2678,647,890,2780,2950,1009,3
632,2571,1857,1696,1516,2676,645,892,2838,2950,1009,3
633,2573,1858,1697,1515,2676,646,890,2896,2952,1010,3
634,2571,1854,1696,1516,2677,645,892,2915,2950,1012,3
635,2573,1854,1697,1515,2678,646,892,2907,2951,1010,3
636,2575,1857,1698,1515,2678,645,890,2862,2952,1011,3
637,2574,1856,1697,1514,2678,648,890,2786,2951,1009,3
638,2571,1856,1697,1516,2680,647,892,2763,2950,1012,3
639,2575,1858,1696,1516,2679,646,891,2786,2952,1011,3
640,2573,1858,1698,1516,2676,646,892,2836,2952,1010,3
641,2574,1859,1697,1516,2678,646,890,2891,2952,1010,3
642,2572,1858,1699,1516,2676,645,893,2910,2952,1010,3
643,2574,1856,1696,1516,2679,645,892,2896,2952,1012,3
644,2578,1836,1699,1514,2678,647,898,2850,2952,1011,3
645,2574,1859,1697,1518,2676,647,892,2772,2951,1011,3
646,2576,1862,1698,1516,2678,646,892,2762,2952,1010,3
647,2582,1858,1699,1515,2679,646,891,2796,2952,1009,3
648,2586,1863,1699,1515,2678,647,891,2845,2952,1009,3
649,2588,1859,1699,1517,2678,646,892,2900,2954,1010,3
650,2614,1861,1698,1516,2679,647,892,2910,2953,1010,3
651,2574,1860,1699,1515,2678,646,892,2890,2952,1010,3
652,2574,1851,1698,1517,2679,640,893,2840,2953,1011,3
653,2570,1853,1698,1515,2679,646,892,2768,2954,1011,3
654,2576,1844,1700,1514,2680,647,887,2761,2953,1010,3
655,2576,1842,1698,1515,2678,648,894,2806,2953,1011,3
656,2576,1863,1699,1516,2680,645,894,2855,2953,1011,3
657,2577,1862,1702,1516,2680,646,896,2910,2954,1011,3
658,2576,1863,1697,1516,2678,646,894,2915,2954,1012,3
659,2575,1861,1698,1515,2680,647,891,2888,2954,1011,3
660,2568,1861,1698,1515,2680,648,894,2834,2954,1013,3
661,2550,1859,1698,1518,2680,647,890,2768,2954,1010,3
662,2582,1862,1699,1516,2680,646,894,2768,2953,1012,3
663,2582,1869,1697,1518,2678,655,893,2818,2954,1014,3
664,2579,1872,1698,1518,2680,647,896,2865,2954,1011,3
665,2576,1856,1699,1517,2680,647,891,2910,2954,1008,3
666,2576,1859,1699,1515,2680,647,893,2906,2954,1012,3
667,2576,1858,1700,1517,2680,647,893,2874,2955,1011,3
668,2580,1861,1696,1517,2680,647,894,2824,2955,1010,3
669,2594,1861,1698,1515,2680,647,892,2762,2955,1010,3
670,2570,1854,1698,1518,2680,646,892,2765,2954,1010,3
671,2573,1852,1700,1518,2680,647,894,2824,2954,1012,3
672,2576,1850,1698,1518,2678,648,892,2866,2955,1012,3
673,2575,1862,1700,1518,2680,648,896,2907,2955,1011,3
674,2574,1860,1698,1519,2674,648,893,2918,2954,1012,3
675,2567,1862,1701,1516,2680,646,894,2871,2954,1012,3
676,2538,1858,1699,1518,2681,646,892,2820,2955,1012,3
677,2577,1867,1699,1517,2681,647,893,2766,2955,1011,3
678,2576,1872,1700,1517,2680,647,900,2771,2954,1012,3
679,2575,1858,1700,1517,2680,649,892,2835,2956,1012,3
680,2575,1861,1699,1516,2690,647,891,2870,2955,1011,3
681,2582,1862,1699,1517,2681,647,893,2908,2955,1011,3
682,2572,1859,1700,1518,2681,647,896,2913,2955,1012,3
683,2572,1856,1701,1517,2680,647,893,2860,2956,1011,3
684,2578,1864,1701,1518,2681,647,898,2809,2956,1012,3
685,2578,1862,1700,1518,2680,648,898,2767,2955,1014,3
686,2572,1861,1704,1518,2681,647,893,2775,2955,1012,3
687,2586,1863,1699,1518,2680,647,892,2840,2956,1012,3
688,2582,1868,1700,1518,2680,647,892,2882,2956,1012,3
689,2578,1852,1700,1516,2680,645,891,2914,2956,1013,3
690,2578,1861,1699,1518,2681,647,892,2907,2956,1012,3
691,2584,1862,1690,1518,2682,648,893,2852,2954,1012,3
692,2571,1861,1699,1517,2680,646,893,2800,2956,1012,3
693,2575,1850,1700,1522,2681,647,889,2760,2955,1013,3
694,2576,1864,1700,1518,2681,647,894,2782,2956,1013,3
695,2572,1862,1700,1518,2681,648,893,2849,2956,1012,3
696,2546,1860,1701,1515,2680,649,892,2890,2956,1013,3
697,2578,1869,1700,1518,2681,648,890,2915,2958,1014,3
698,2573,1859,1701,1517,2682,646,890,2912,2957,1011,3
699,2578,1861,1701,1518,2682,648,892,2842,2955,1013,3
700,2603,1864,1700,1519,2682,647,894,2791,2956,1012,3
701,2570,1856,1700,1518,2681,649,893,2762,2956,1012,3
702,2578,1867,1702,1518,2682,648,891,2778,2955,1013,3
703,2573,1859,1700,1518,2678,647,894,2854,2958,1013,3
704,2541,1858,1701,1519,2681,648,894,2892,2956,1013,3
705,2582,1865,1702,1518,2681,647,893,2914,2958,1013,3
706,2574,1859,1702,1518,2682,646,892,2908,2958,1011,3
707,2579,1860,1704,1518,2681,646,890,2834,2958,1012,3
708,2571,1860,1702,1518,2682,648,894,2786,2958,1012,3
709,2574,1851,1700,1518,2681,648,891,2762,2957,1014,3
710,2574,1861,1702,1518,2681,647,894,2792,2958,1013,3
711,2569,1861,1709,1519,2681,646,892,2862,2959,1013,3
712,2579,1865,1702,1519,2682,655,891,2896,2958,1013,3
713,2578,1859,1701,1516,2682,648,894,2914,2958,1014,3
714,2578,1861,1702,1516,2682,647,892,2899,2958,1014,3
715,2570,1862,1702,1518,2680,648,894,2828,2957,1013,3
716,2576,1847,1702,1518,2683,647,893,2778,2958,1013,3
717,2579,1864,1702,1518,2684,647,893,2768,2957,1013,3
718,2551,1862,1701,1517,2680,648,892,2792,2958,1014,3
719,2578,1869,1702,1518,2682,647,893,2865,2958,1014,3
720,2576,1862,1702,1518,2681,647,892,2896,2957,1013,3
