Count,S1,S2,S3,S4,S5,S6,S7,S8,S9,S10,Flag
1,1602,1259,935,1025,1557,552,493,2797,1819,687,0
2,1592,1263,936,1021,1557,554,488,2779,1814,685,0
3,1592,1259,936,1024,1557,554,490,2622,1820,687,0
4,1602,1260,936,1021,1555,554,489,2563,1819,685,0
5,1590,1254,935,1021,1555,554,488,2654,1819,687,0
6,1598,1272,936,1021,1556,554,487,2756,1819,686,0
7,1586,1260,936,1022,1558,553,488,2795,1819,686,0
8,1590,1253,936,1024,1550,554,490,2756,1818,686,0
9,1576,1258,936,1022,1556,553,489,2595,1818,686,0
10,1587,1262,936,1021,1558,554,487,2570,1818,686,0
11,1590,1252,936,1021,1557,554,489,2682,1818,685,0
12,1576,1261,934,1022,1557,549,490,2762,1818,686,0
13,1619,1262,935,1021,1556,553,491,2799,1818,683,0
14,1600,1261,936,1021,1557,554,491,2759,1818,690,0
15,1587,1257,936,1022,1555,553,488,2606,1818,686,0
16,1596,1268,935,1020,1556,553,488,2573,1819,687,0
17,1590,1261,935,1021,1557,552,488,2673,1819,685,0
18,1596,1257,936,1021,1553,552,487,2764,1819,687,0
19,1591,1264,934,1021,1558,552,488,2793,1819,686,0
20,1596,1257,936,1021,1557,554,490,2770,1818,685,0
21,1589,1262,934,1021,1556,553,490,2606,1818,686,1
22,1608,1258,936,1021,1555,552,488,2569,1818,685,1
23,1565,1258,935,1022,1557,553,486,2627,1818,687,1
24,1592,1258,936,1021,1556,553,488,2731,1818,684,1
25,1591,1264,935,1022,1557,553,488,2789,1818,685,1
26,1605,1262,937,1021,1557,555,484,2790,1818,686,1
27,1618,1263,936,1021,1558,553,490,2691,1818,686,1
28,1580,1258,934,1021,1558,555,488,2586,1818,686,1
29,1594,1268,936,1022,1556,553,489,2582,1818,686,1
30,1587,1256,936,1021,1557,554,489,2663,1818,684,1
31,1593,1264,936,1019,1557,553,488,2753,1817,685,1
32,1594,1271,936,1019,1557,553,488,2797,1817,686,1
33,1587,1258,936,1020,1558,553,488,2784,1817,686,1
34,1594,1269,935,1020,1558,553,490,2658,1817,685,1
35,1600,1262,936,1019,1558,554,488,2568,1817,686,1
36,1593,1257,938,1019,1554,554,489,2595,1817,686,1
37,1588,1253,936,1022,1558,552,488,2694,1818,687,1
38,1575,1260,936,1020,1558,547,488,2767,1815,687,1
39,1602,1266,938,1020,1558,554,487,2795,1817,685,1
40,1610,1260,937,1020,1558,554,487,2756,1818,685,1
41,1590,1255,937,1021,1558,553,488,2632,1818,686,1
42,1584,1261,936,1022,1557,554,489,2563,1818,687,1
43,1595,1258,936,1022,1551,553,490,2610,1818,686,1
44,1594,1259,938,1024,1557,553,489,2714,1818,687,1
45,1592,1251,936,1021,1556,554,488,2778,1818,686,1
46,1594,1264,936,1024,1556,553,488,2794,1818,686,1
47,1601,1262,936,1024,1558,555,491,2721,1818,687,1
48,1602,1263,938,1021,1559,554,489,2611,1821,686,1
49,1609,1260,936,1026,1558,563,490,2572,1818,688,1
50,1593,1266,937,1024,1558,553,489,2637,1817,688,1
51,1592,1263,937,1024,1558,554,490,2738,1819,687,1
52,1602,1267,938,1022,1558,555,491,2788,1818,686,1
53,1604,1260,938,1026,1558,552,489,2796,1818,686,1
54,1619,1264,936,1026,1558,554,490,2691,1818,688,1
55,1591,1265,937,1024,1558,554,490,2584,1818,689,1
56,1591,1264,937,1026,1558,553,490,2579,1819,688,1
57,1597,1265,937,1026,1558,554,491,2662,1818,689,1
58,1604,1260,935,1026,1560,552,490,2760,1818,687,1
59,1611,1265,936,1027,1558,553,490,2796,1818,689,1
60,1593,1266,936,1026,1560,553,491,2776,1818,688,1
61,1594,1267,937,1026,1559,553,490,2658,1819,688,1
62,1604,1264,936,1025,1557,554,490,2568,1819,690,1
63,1596,1259,934,1027,1558,553,491,2598,1818,690,1
64,1598,1261,935,1025,1559,555,491,2694,1818,689,1
65,1590,1255,937,1027,1560,555,490,2773,1817,689,1
66,1592,1256,937,1027,1559,553,490,2802,1818,690,1
67,1585,1261,935,1029,1560,554,492,2747,1818,690,1
68,1597,1272,937,1026,1560,555,492,2634,1818,690,1
69,1597,1275,936,1029,1558,555,492,2571,1818,691,1
70,1608,1263,926,1027,1559,554,491,2616,1818,689,1
71,1617,1264,938,1027,1558,555,491,2722,1819,688,1
72,1600,1244,936,1027,1560,555,492,2778,1818,690,1
73,1596,1269,936,1026,1560,555,491,2793,1819,687,1
74,1576,1261,936,1028,1560,554,493,2718,1819,690,1
75,1600,1276,937,1027,1558,555,491,2612,1820,688,1
76,1600,1258,937,1028,1555,555,491,2577,1819,690,1
77,1617,1262,937,1030,1558,556,492,2643,1819,690,1
78,1622,1262,938,1028,1558,554,491,2743,1819,691,1
79,1597,1244,935,1028,1559,554,492,2787,1819,690,1
80,1581,1261,936,1027,1560,555,491,2793,1818,690,1
81,1581,1258,937,1028,1562,555,492,2684,1818,690,1
82,1596,1275,936,1030,1560,556,494,2589,1819,691,1
83,1610,1260,929,1027,1560,555,490,2585,1820,691,1
84,1607,1276,938,1028,1559,556,491,2666,1820,689,1
85,1596,1251,937,1028,1559,555,493,2756,1820,690,1
86,1600,1254,938,1028,1559,555,492,2799,1820,690,1
87,1590,1262,936,1029,1560,556,493,2776,1820,690,1
88,1606,1266,938,1027,1560,554,493,2658,1818,690,1
89,1601,1267,936,1029,1559,553,494,2570,1819,692,1
90,1596,1262,938,1030,1560,554,492,2599,1820,691,1
91,1598,1262,938,1028,1561,555,494,2699,1820,690,1
92,1590,1259,937,1030,1560,555,498,2774,1819,690,1
93,1596,1266,937,1028,1561,555,493,2797,1819,690,1
94,1602,1264,938,1029,1558,553,494,2750,1820,690,1
95,1574,1259,937,1029,1559,556,493,2628,1820,691,1
96,1577,1262,936,1028,1561,556,493,2570,1819,691,1
97,1596,1274,938,1028,1560,555,494,2617,1819,691,1
98,1607,1260,938,1030,1562,556,493,2724,1819,689,1
99,1608,1265,938,1028,1560,555,494,2787,1818,690,1
100,1576,1262,936,1030,1562,554,494,2795,1820,690,1
101,1576,1261,936,1026,1561,547,493,2724,1819,692,1
102,1602,1275,937,1030,1561,555,494,2614,1819,690,1
103,1604,1263,937,1030,1561,556,493,2574,1819,692,1
104,1604,1260,937,1030,1559,555,492,2640,1819,692,1
105,1595,1258,937,1030,1562,555,494,2740,1820,690,1
106,1591,1260,937,1030,1562,555,492,2794,1818,688,1
107,1598,1264,938,1029,1561,556,494,2793,1820,690,1
108,1564,1261,938,1027,1559,555,492,2690,1819,691,1
109,1572,1260,938,1029,1560,556,493,2588,1819,690,1
110,1600,1275,937,1029,1560,555,493,2586,1819,690,1
111,1603,1275,937,1028,1562,555,492,2670,1819,691,1
112,1605,1261,938,1028,1561,556,494,2758,1819,690,1
113,1596,1258,938,1028,1560,554,490,2797,1819,690,1
114,1592,1258,938,1030,1560,554,492,2785,1820,690,1
115,1596,1266,936,1028,1561,555,492,2661,1819,691,1
116,1602,1265,938,1028,1562,555,492,2571,1819,690,1
117,1577,1260,936,1028,1562,550,492,2593,1819,691,1
118,1603,1272,937,1028,1562,555,494,2698,1819,692,1
119,1601,1270,938,1028,1562,555,494,2766,1819,692,1
120,1604,1263,938,1027,1561,554,491,2800,1820,691,1
121,1604,1262,938,1028,1562,556,494,2760,1818,691,2
122,1608,1267,940,1032,1564,557,494,2635,1820,692,2
123,1612,1268,941,1030,1566,558,492,2570,1820,691,2
124,1609,1267,939,1030,1564,556,491,2610,1820,691,2
125,1610,1266,940,1026,1566,558,491,2717,1820,691,2
126,1612,1268,941,1027,1565,558,491,2782,1819,691,2
127,1610,1270,940,1024,1565,556,492,2798,1818,690,2
128,1608,1266,939,1024,1563,556,491,2724,1819,689,2
129,1614,1267,941,1020,1563,559,490,2608,1819,688,2
130,1608,1266,939,1018,1562,558,490,2569,1818,688,2
131,1609,1265,940,1019,1563,558,490,2636,1820,688,2
132,1608,1267,939,1018,1563,557,490,2734,1818,690,2
133,1609,1268,939,1018,1564,557,490,2790,1817,688,2
134,1611,1268,940,1016,1563,556,486,2794,1817,688,2
135,1608,1264,939,1014,1563,558,488,2688,1817,687,2
136,1605,1262,940,1014,1563,558,488,2584,1818,687,2
137,1607,1266,937,1014,1563,556,488,2578,1817,688,2
138,1610,1266,939,1012,1564,557,488,2661,1818,686,2
139,1611,1267,939,1012,1563,557,488,2755,1816,688,2
140,1607,1264,938,1011,1561,557,487,2794,1818,687,2
141,1611,1268,940,1010,1562,557,486,2777,1815,686,2
142,1610,1266,939,1009,1561,556,485,2659,1816,686,2
143,1608,1265,939,1010,1562,555,486,2567,1817,687,2
144,1610,1267,938,1010,1563,555,486,2587,1815,686,2
145,1608,1268,938,1010,1561,557,486,2690,1815,686,2
146,1606,1267,939,1008,1560,556,485,2767,1816,684,2
147,1606,1266,937,1010,1561,556,486,2795,1814,685,2
148,1607,1268,938,1008,1562,557,485,2753,1815,684,2
149,1610,1266,938,1008,1560,556,485,2626,1816,683,2
150,1610,1265,939,1006,1560,558,484,2560,1813,684,2
151,1609,1266,938,1007,1560,556,482,2603,1814,683,2
152,1610,1267,937,1007,1561,556,482,2714,1814,683,2
153,1608,1265,937,1006,1560,555,484,2779,1813,682,2
154,1604,1266,938,1006,1561,556,482,2794,1813,684,2
155,1610,1264,939,1006,1561,556,482,2715,1814,683,2
156,1610,1263,938,1007,1560,556,483,2598,1813,684,2
157,1604,1264,938,1006,1560,556,482,2563,1811,683,2
158,1604,1266,938,1005,1560,556,481,2634,1812,683,2
159,1610,1265,938,1008,1560,555,482,2736,1812,683,2
160,1610,1266,938,1006,1560,557,479,2788,1812,683,2
161,1607,1262,937,1005,1560,557,481,2789,1812,682,2
162,1608,1264,937,1006,1559,554,480,2678,1811,683,2
163,1606,1266,936,1006,1560,557,481,2579,1811,682,2
164,1608,1264,937,1006,1560,555,480,2571,1811,682,2
165,1608,1264,936,1005,1560,555,481,2659,1811,682,2
166,1603,1262,935,1006,1559,556,481,2754,1811,683,2
167,1607,1268,937,1006,1560,557,480,2791,1810,682,2
168,1606,1267,937,1005,1560,556,481,2776,1810,681,2
169,1607,1264,937,1007,1560,555,480,2650,1811,680,2
170,1607,1264,937,1007,1559,555,479,2561,1811,682,2
171,1608,1263,936,1005,1559,555,481,2586,1810,682,2
172,1607,1265,936,1008,1559,555,479,2690,1810,682,2
173,1605,1262,937,1007,1559,555,480,2766,1809,681,2
174,1603,1264,937,1006,1559,555,478,2794,1809,680,2
175,1607,1264,936,1006,1559,556,479,2744,1810,681,2
176,1610,1263,937,1007,1557,555,479,2616,1809,680,2
177,1606,1263,936,1008,1558,555,480,2555,1808,682,2
178,1609,1266,938,1006,1559,556,480,2605,1810,681,2
179,1603,1265,937,1008,1558,557,478,2714,1808,680,2
180,1606,1265,938,1008,1559,555,478,2778,1808,680,2
181,1608,1264,938,1006,1559,556,479,2792,1809,680,2
182,1606,1261,937,1009,1558,556,480,2711,1808,682,2
183,1608,1265,937,1010,1558,555,480,2595,1809,682,2
184,1605,1263,936,1009,1558,555,480,2560,1808,682,2
185,1604,1264,935,1009,1558,554,481,2634,1808,681,2
186,1608,1264,938,1009,1558,555,478,2734,1807,681,2
187,1604,1261,936,1010,1558,554,481,2790,1808,682,2
188,1606,1266,937,1010,1558,555,480,2790,1807,681,2
189,1603,1261,935,1012,1558,555,480,2677,1808,680,2
190,1603,1264,936,1010,1558,554,478,2575,1808,681,2
191,1602,1262,936,1012,1558,555,481,2572,1807,680,2
192,1603,1266,935,1012,1558,554,481,2662,1808,681,2
193,1604,1265,936,1012,1558,555,480,2755,1807,680,2
194,1606,1263,937,1012,1558,555,482,2794,1806,680,2
195,1603,1263,937,1012,1558,556,479,2771,1807,680,2
196,1603,1262,935,1014,1558,555,482,2650,1806,680,2
197,1602,1262,936,1014,1556,555,481,2562,1807,680,2
198,1603,1262,936,1014,1556,555,480,2587,1807,680,2
199,1606,1262,936,1015,1557,554,481,2694,1807,680,2
200,1606,1264,936,1015,1557,554,479,2766,1808,680,2
201,1606,1265,935,1016,1558,554,483,2795,1806,681,2
202,1604,1262,935,1018,1556,555,482,2746,1806,681,2
203,1608,1267,935,1016,1558,554,482,2619,1806,680,2
204,1602,1263,935,1017,1558,555,483,2560,1807,680,2
205,1604,1264,937,1016,1556,554,483,2608,1805,679,2
206,1606,1263,936,1018,1556,555,482,2715,1805,679,2
207,1604,1263,936,1019,1555,556,483,2780,1806,678,2
208,1607,1264,936,1020,1556,555,484,2794,1806,680,2
209,1608,1263,936,1019,1557,554,483,2712,1806,679,2
210,1602,1260,936,1020,1556,554,482,2597,1806,679,2
211,1600,1259,936,1020,1556,555,483,2566,1806,678,2
212,1601,1262,936,1020,1557,554,484,2637,1806,682,2
213,1603,1262,936,1024,1557,555,486,2739,1805,680,2
214,1605,1262,936,1024,1558,554,484,2791,1806,680,2
215,1602,1262,935,1024,1556,555,484,2789,1806,679,2
216,1600,1260,936,1026,1558,555,485,2678,1806,680,2
217,1600,1266,935,1027,1556,553,485,2578,1807,680,2
218,1601,1266,936,1027,1557,554,483,2578,1806,680,2
219,1604,1261,936,1026,1555,554,484,2668,1806,680,2
220,1602,1263,935,1027,1555,554,486,2756,1806,681,2
221,1598,1263,934,1027,1555,553,485,2795,1807,679,2
222,1604,1262,935,1027,1556,554,486,2766,1806,680,2
223,1602,1263,934,1029,1556,554,486,2650,1804,679,2
224,1603,1262,936,1030,1556,555,487,2567,1806,680,2
225,1601,1266,936,1030,1556,555,488,2594,1806,680,2
226,1600,1262,936,1030,1554,555,489,2700,1806,678,2
227,1600,1264,935,1032,1555,553,488,2772,1806,680,2
228,1602,1262,936,1032,1556,554,487,2798,1807,679,2
229,1603,1262,936,1032,1555,554,488,2746,1805,679,2
230,1603,1264,937,1032,1555,555,487,2619,1807,679,2
231,1602,1262,936,1034,1555,554,489,2566,1807,679,2
232,1602,1262,935,1035,1556,554,490,2614,1806,680,2
233,1597,1263,936,1036,1556,553,488,2724,1807,680,2
234,1600,1264,934,1036,1557,554,489,2787,1805,680,2
235,1603,1262,937,1038,1555,554,489,2795,1805,680,2
236,1603,1264,934,1036,1556,554,490,2714,1807,679,2
237,1597,1262,936,1038,1554,554,490,2602,1807,680,2
238,1603,1263,936,1038,1555,554,489,2572,1808,679,2
239,1596,1261,935,1038,1554,553,492,2645,1808,681,2
240,1601,1262,936,1040,1555,554,490,2744,1808,680,2
241,1603,1264,936,1038,1556,554,491,2794,1807,679,2
242,1597,1261,935,1041,1555,554,493,2794,1807,680,2
243,1597,1264,933,1040,1555,554,491,2679,1806,680,2
244,1596,1263,935,1042,1555,554,491,2582,1806,680,2
245,1600,1264,936,1042,1554,554,493,2584,1808,678,2
246,1602,1264,936,1042,1555,554,491,2674,1809,679,2
247,1598,1262,934,1043,1554,554,494,2762,1808,681,2
248,1602,1264,935,1044,1555,552,492,2799,1808,680,2
249,1595,1263,934,1046,1554,552,493,2774,1807,680,2
250,1595,1262,936,1047,1554,554,495,2651,1808,679,2
251,1594,1263,934,1047,1555,553,494,2570,1808,681,2
252,1594,1263,935,1048,1555,553,495,2600,1808,681,2
253,1594,1264,935,1048,1554,553,496,2709,1808,680,2
254,1595,1266,936,1048,1555,553,496,2779,1807,680,2
255,1594,1262,934,1050,1554,554,496,2802,1810,680,2
256,1594,1261,934,1049,1553,553,497,2747,1809,681,2
257,1594,1261,935,1052,1555,553,497,2626,1810,682,2
258,1595,1263,935,1051,1555,553,496,2574,1808,681,2
259,1597,1263,934,1051,1555,554,496,2628,1808,681,2
260,1597,1263,936,1053,1554,553,498,2730,1810,680,2
261,1602,1264,936,1056,1554,554,496,2790,1809,682,2
262,1594,1262,934,1054,1554,555,498,2799,1808,679,2
263,1595,1263,935,1054,1555,555,498,2715,1810,680,2
264,1598,1262,934,1056,1554,554,497,2607,1809,681,2
265,1595,1263,936,1057,1553,553,499,2582,1811,679,2
266,1593,1265,934,1057,1553,552,501,2656,1811,680,2
267,1593,1263,936,1060,1555,554,500,2752,1809,682,2
268,1595,1265,935,1060,1555,554,500,2798,1810,680,2
269,1598,1266,934,1060,1555,554,500,2798,1810,681,2
270,1600,1264,936,1059,1554,554,501,2682,1812,680,2
271,1596,1259,934,1063,1553,553,502,2587,1811,682,2
272,1596,1266,934,1062,1554,554,502,2594,1810,682,2
273,1593,1263,936,1062,1554,554,501,2688,1811,681,2
274,1593,1263,935,1064,1553,553,502,2769,1811,682,2
275,1595,1262,934,1064,1554,553,502,2802,1811,681,2
276,1597,1264,934,1066,1553,552,504,2776,1811,681,2
277,1597,1264,934,1065,1554,553,504,2654,1812,682,2
278,1595,1263,935,1066,1554,554,503,2579,1813,682,2
279,1592,1265,936,1067,1554,552,501,2612,1813,681,2
280,1593,1264,935,1068,1552,553,504,2717,1812,682,2
281,1598,1264,936,1068,1552,554,505,2785,1813,682,2
282,1593,1263,935,1070,1553,553,506,2802,1813,683,2
283,1593,1262,936,1071,1553,552,506,2746,1813,682,2
284,1595,1263,934,1070,1553,552,506,2632,1813,682,2
285,1592,1263,935,1071,1554,553,507,2581,1813,682,2
286,1591,1264,935,1071,1552,554,507,2639,1814,683,2
287,1591,1262,936,1074,1553,553,507,2738,1813,684,2
288,1594,1262,934,1074,1554,553,507,2797,1814,682,2
289,1595,1263,933,1075,1552,552,508,2803,1814,683,2
290,1595,1260,933,1075,1552,552,507,2714,1814,683,2
291,1594,1262,935,1074,1553,553,508,2609,1814,683,2
292,1594,1266,934,1075,1553,553,509,2588,1814,683,2
293,1592,1263,936,1077,1554,554,508,2667,1814,682,2
294,1591,1262,935,1077,1552,553,512,2752,1816,683,2
295,1595,1262,933,1080,1552,550,510,2803,1816,683,2
296,1594,1260,934,1080,1552,551,513,2789,1817,682,2
297,1593,1265,934,1080,1552,552,513,2676,1815,684,2
298,1592,1262,936,1080,1554,552,512,2586,1815,683,2
299,1590,1262,935,1081,1553,552,513,2599,1817,684,2
300,1590,1263,936,1083,1553,552,515,2690,1816,685,2
301,1593,1261,934,1082,1552,552,514,2767,1818,683,2
302,1594,1262,936,1082,1552,552,515,2798,1817,683,2
303,1594,1265,933,1085,1551,552,516,2767,1818,684,2
304,1594,1262,934,1085,1554,552,515,2650,1818,682,2
305,1593,1262,936,1088,1552,554,513,2579,1819,683,2
306,1590,1261,934,1088,1552,553,515,2614,1819,683,2
307,1590,1263,936,1090,1553,552,515,2717,1818,683,2
308,1594,1264,934,1089,1552,551,516,2782,1818,685,2
309,1591,1262,934,1090,1554,553,518,2800,1818,684,2
310,1594,1262,933,1092,1552,551,518,2737,1819,685,2
311,1589,1261,934,1092,1554,553,518,2627,1819,686,2
312,1594,1263,935,1094,1553,553,518,2580,1818,686,2
313,1591,1263,936,1093,1554,552,517,2643,1820,685,2
314,1590,1263,935,1095,1552,552,518,2742,1820,684,2
315,1592,1262,934,1096,1552,551,519,2794,1821,683,2
316,1587,1262,933,1096,1553,551,521,2797,1821,685,2
317,1591,1262,934,1095,1551,552,519,2703,1822,684,2
318,1590,1262,935,1097,1552,553,520,2606,1822,686,2
319,1592,1263,934,1098,1552,552,521,2594,1821,685,2
320,1592,1264,935,1097,1551,551,522,2670,1822,685,2
321,1587,1263,934,1099,1551,551,521,2761,1822,686,3
322,1570,1259,930,1096,1547,549,520,2795,1824,684,3
323,1584,1260,943,1100,1546,550,522,2788,1821,685,3
324,1584,1258,932,1103,1546,550,521,2680,1822,686,3
325,1580,1246,934,1108,1547,549,516,2586,1823,686,3
326,1582,1251,933,1110,1547,549,523,2606,1823,687,3
327,1580,1264,932,1113,1548,550,526,2706,1823,688,3
328,1587,1258,934,1117,1547,549,526,2778,1824,688,3
329,1585,1259,932,1118,1548,551,526,2805,1826,687,3
330,1576,1255,934,1123,1547,551,527,2766,1826,687,3
331,1582,1258,936,1126,1550,551,530,2655,1826,689,3
332,1590,1258,938,1130,1552,551,534,2595,1826,688,3
333,1586,1256,934,1133,1548,550,529,2630,1828,689,3
334,1574,1255,933,1135,1550,550,529,2731,1827,690,3
335,1582,1261,933,1138,1550,549,532,2798,1827,690,3
336,1581,1246,934,1134,1549,550,532,2810,1828,690,3
337,1584,1244,933,1142,1551,551,533,2743,1827,690,3
338,1572,1260,934,1142,1550,551,532,2634,1828,690,3
339,1602,1258,936,1146,1553,551,532,2598,1830,690,3
340,1611,1259,934,1144,1550,550,536,2658,1830,691,3
341,1571,1259,934,1147,1550,549,534,2758,1830,691,3
342,1586,1254,936,1146,1552,552,535,2807,1830,691,3
343,1582,1260,925,1143,1552,551,534,2802,1830,691,3
344,1594,1260,938,1143,1550,552,535,2704,1832,691,3
345,1578,1259,935,1144,1552,549,536,2610,1833,692,3
346,1580,1258,934,1144,1550,549,536,2605,1833,692,3
347,1565,1258,936,1141,1554,551,537,2695,1833,692,3
348,1610,1263,936,1140,1554,551,539,2771,1833,693,3
349,1579,1263,936,1139,1551,550,537,2810,1835,693,3
350,1583,1259,935,1137,1552,549,537,2792,1835,694,3
351,1589,1266,935,1135,1551,550,538,2674,1835,694,3
352,1591,1265,937,1134,1551,550,538,2598,1834,694,3
353,1590,1262,936,1132,1552,550,536,2618,1837,695,3
354,1568,1259,937,1130,1552,550,538,2725,1836,695,3
355,1592,1267,935,1129,1552,550,537,2785,1838,694,3
356,1588,1267,937,1128,1551,548,536,2807,1836,696,3
357,1580,1258,937,1126,1552,552,537,2765,1838,698,3
358,1564,1259,936,1123,1552,552,536,2653,1838,694,3
359,1590,1266,936,1123,1550,550,537,2595,1839,696,3
360,1587,1262,938,1122,1551,550,537,2648,1840,695,3
361,1587,1259,935,1120,1552,551,536,2739,1840,696,3
362,1603,1261,936,1118,1551,551,537,2796,1838,694,3
363,1586,1266,936,1115,1552,549,534,2806,1839,695,3
364,1615,1264,937,1117,1552,551,535,2728,1840,695,3
365,1600,1262,936,1114,1552,550,537,2618,1839,696,3
366,1590,1269,936,1113,1554,550,534,2600,1841,696,3
367,1590,1257,936,1110,1552,550,532,2670,1840,696,3
368,1601,1261,937,1111,1554,550,535,2760,1839,695,3
369,1596,1262,938,1108,1551,550,535,2800,1840,695,3
370,1588,1255,938,1098,1552,549,534,2798,1840,696,3
371,1591,1247,937,1106,1552,551,534,2692,1840,697,3
372,1594,1262,937,1104,1552,551,533,2600,1840,695,3
373,1618,1263,935,1104,1554,550,532,2617,1840,696,3
374,1591,1240,938,1101,1552,550,532,2705,1841,695,3
375,1590,1256,935,1102,1552,551,525,2771,1841,697,3
376,1589,1258,937,1098,1552,549,530,2807,1840,696,3
377,1586,1278,937,1098,1553,551,530,2770,1840,697,3
378,1578,1260,936,1098,1554,551,530,2648,1840,696,3
379,1602,1263,936,1096,1553,550,530,2594,1841,697,3
380,1592,1270,934,1095,1552,550,531,2627,1842,695,3
381,1592,1243,937,1094,1553,550,536,2731,1840,696,3
382,1586,1257,936,1090,1553,549,528,2791,1840,697,3
383,1615,1262,940,1091,1554,551,526,2802,1841,698,3
384,1590,1274,937,1090,1553,551,524,2727,1842,695,3
385,1589,1267,936,1088,1554,550,525,2619,1840,697,3
386,1558,1256,940,1088,1551,550,525,2586,1841,697,3
387,1595,1263,938,1084,1554,551,526,2652,1839,696,3
388,1595,1270,938,1083,1551,550,524,2748,1840,695,3
389,1600,1264,938,1082,1554,551,524,2793,1839,695,3
390,1587,1278,936,1082,1552,550,525,2795,1840,696,3
391,1588,1272,935,1082,1553,550,516,2688,1840,696,3
392,1612,1261,937,1082,1553,548,522,2596,1840,696,3
393,1590,1250,937,1078,1552,550,521,2600,1840,696,3
394,1587,1260,937,1079,1552,550,522,2685,1840,694,3
395,1592,1268,935,1077,1553,550,519,2763,1840,696,3
396,1592,1260,936,1077,1550,550,522,2802,1839,696,3
397,1591,1241,936,1075,1554,552,520,2776,1839,695,3
398,1592,1270,938,1075,1554,551,517,2650,1840,694,3
399,1602,1260,936,1074,1554,552,517,2581,1839,694,3
400,1576,1262,936,1074,1551,550,520,2609,1839,695,3
401,1590,1286,935,1074,1553,550,518,2712,1839,696,3
402,1586,1266,935,1072,1554,551,516,2786,1839,696,3
403,1598,1262,937,1071,1554,551,516,2800,1838,694,3
404,1591,1264,935,1071,1553,550,515,2739,1839,693,3
405,1600,1261,938,1069,1554,550,515,2626,1839,695,3
406,1588,1261,936,1068,1553,551,516,2575,1838,695,3
407,1583,1258,936,1067,1553,551,516,2642,1838,694,3
408,1589,1261,937,1067,1553,551,516,2737,1837,693,3
409,1589,1264,937,1067,1554,552,514,2788,1838,694,3
410,1583,1258,936,1065,1552,550,514,2796,1838,695,3
411,1591,1266,937,1066,1553,549,513,2691,1838,694,3
412,1576,1260,936,1066,1554,552,512,2590,1838,694,3
413,1587,1264,937,1065,1554,552,510,2592,1838,696,3
414,1601,1261,938,1063,1554,552,507,2678,1838,694,3
415,1588,1257,935,1064,1548,551,512,2763,1837,694,3
416,1557,1258,936,1064,1552,550,512,2794,1838,694,3
417,1582,1260,935,1062,1554,551,512,2773,1836,694,3
418,1586,1264,937,1061,1553,552,509,2661,1838,694,3
419,1588,1254,937,1060,1554,552,508,2583,1836,693,3
420,1583,1255,936,1060,1553,551,502,2604,1838,693,3
421,1595,1260,937,1059,1552,551,510,2714,1838,694,3
422,1601,1259,937,1058,1554,549,508,2785,1837,694,3
423,1606,1259,926,1059,1553,552,507,2806,1835,695,3
424,1594,1260,938,1058,1550,551,507,2753,1836,693,3
425,1595,1261,935,1058,1554,551,507,2634,1836,693,3
426,1587,1255,936,1058,1552,550,507,2586,1835,693,3
427,1595,1259,936,1056,1554,552,506,2640,1835,694,3
428,1628,1267,937,1056,1552,552,506,2739,1835,694,3
429,1604,1261,934,1054,1553,552,504,2798,1836,693,3
430,1587,1253,938,1056,1554,551,507,2802,1835,694,3
431,1587,1256,935,1054,1552,552,506,2707,1836,693,3
432,1588,1262,936,1056,1558,551,504,2596,1837,692,3
433,1560,1259,936,1053,1552,552,506,2584,1836,693,3
434,1600,1263,936,1052,1553,550,505,2666,1836,693,3
435,1592,1258,934,1053,1552,552,506,2766,1834,694,3
436,1593,1257,936,1053,1554,551,505,2805,1834,694,3
437,1584,1253,937,1052,1554,552,506,2789,1834,694,3
438,1579,1259,936,1052,1554,552,503,2665,1834,693,3
439,1555,1256,938,1051,1553,550,505,2578,1835,692,3
440,1588,1257,936,1051,1552,550,504,2601,1834,693,3
441,1605,1262,936,1052,1553,551,504,2706,1834,694,3
442,1591,1269,936,1050,1563,550,502,2776,1835,693,3
443,1591,1272,936,1052,1555,552,504,2802,1834,692,3
444,1590,1260,937,1050,1554,550,504,2758,1835,693,3
445,1587,1239,936,1050,1553,552,504,2635,1834,692,3
446,1577,1258,936,1051,1552,550,504,2574,1835,693,3
447,1592,1258,937,1050,1554,551,503,2633,1834,692,3
448,1590,1266,936,1050,1552,551,501,2728,1834,692,3
449,1564,1258,936,1049,1554,551,503,2792,1834,692,3
450,1602,1259,938,1048,1554,551,501,2803,1834,692,3
451,1592,1247,937,1050,1553,549,502,2712,1835,692,3
452,1590,1267,937,1050,1553,550,504,2600,1835,692,3
453,1586,1250,936,1048,1554,552,502,2585,1834,692,3
454,1578,1260,936,1048,1555,550,501,2663,1834,692,3
455,1607,1258,928,1047,1555,551,501,2762,1837,692,3
456,1592,1263,935,1050,1554,550,501,2795,1834,694,3
457,1589,1258,936,1048,1555,552,502,2790,1834,693,3
458,1589,1262,937,1047,1554,552,501,2670,1834,692,3
459,1592,1270,937,1047,1554,552,502,2577,1834,695,3
460,1591,1265,934,1048,1554,552,503,2602,1834,694,3
461,1595,1263,936,1048,1554,550,496,2697,1834,693,3
462,1588,1244,936,1046,1555,550,500,2778,1834,692,3
463,1589,1258,936,1047,1555,552,502,2804,1832,693,3
464,1592,1248,939,1046,1554,552,501,2760,1834,691,3
465,1594,1258,936,1046,1554,550,502,2638,1835,693,3
466,1591,1243,936,1046,1552,550,500,2580,1833,693,3
467,1590,1262,937,1046,1554,551,502,2627,1835,692,3
468,1562,1259,937,1046,1554,552,500,2726,1833,691,3
469,1608,1264,936,1045,1555,551,501,2794,1835,691,3
470,1591,1263,936,1048,1553,550,494,2794,1834,693,3
471,1584,1257,938,1048,1554,551,501,2714,1833,693,3
472,1590,1252,936,1045,1555,550,501,2610,1833,691,3
473,1578,1263,938,1045,1555,550,501,2582,1826,692,3
474,1601,1262,936,1045,1554,550,501,2662,1834,693,3
475,1591,1264,936,1044,1554,551,502,2755,1834,693,3
476,1586,1254,935,1046,1553,550,500,2801,1834,692,3
477,1594,1259,936,1045,1555,550,500,2794,1833,692,3
478,1595,1264,935,1045,1554,550,498,2670,1834,693,3
479,1584,1255,936,1045,1554,550,507,2585,1834,691,3
480,1591,1258,936,1043,1554,550,500,2602,1833,692,3
481,1586,1258,936,1045,1553,550,500,2697,1833,692,3
482,1584,1250,935,1043,1555,551,500,2778,1832,692,3
483,1601,1260,937,1042,1554,551,502,2805,1832,692,3
484,1566,1258,936,1041,1554,552,499,2755,1833,691,3
485,1588,1264,936,1044,1558,551,501,2632,1833,691,3
486,1593,1261,936,1043,1555,552,500,2576,1834,692,3
487,1589,1270,937,1042,1554,550,502,2622,1834,690,3
488,1573,1258,936,1042,1554,552,499,2725,1833,692,3
489,1585,1259,938,1042,1554,552,501,2794,1832,690,3
490,1591,1259,937,1043,1554,552,499,2800,1832,691,3
491,1553,1256,936,1043,1554,551,500,2711,1834,692,3
492,1588,1262,938,1042,1554,551,500,2603,1834,690,3
493,1589,1249,938,1041,1555,552,498,2586,1832,692,3
494,1592,1260,937,1042,1554,552,499,2661,1833,691,3
495,1592,1268,938,1043,1553,552,500,2755,1833,692,3
496,1586,1264,935,1042,1554,550,500,2795,1832,692,3
497,1593,1250,936,1042,1554,552,499,2796,1833,691,3
498,1586,1258,937,1042,1555,550,500,2674,1833,690,3
499,1592,1276,937,1042,1554,552,500,2584,1832,691,3
500,1598,1267,935,1041,1554,551,498,2602,1833,691,3
501,1592,1262,936,1042,1552,551,499,2698,1832,692,3
502,1589,1246,937,1042,1555,552,499,2770,1832,691,3
503,1586,1256,936,1042,1554,552,499,2802,1832,690,3
504,1594,1258,936,1040,1554,552,499,2758,1833,689,3
505,1591,1281,935,1041,1553,550,500,2636,1832,689,3
506,1580,1260,936,1041,1554,551,500,2574,1833,692,3
507,1586,1259,936,1042,1554,552,498,2625,1834,690,3
508,1592,1262,935,1041,1553,550,499,2728,1833,690,3
509,1624,1261,938,1041,1554,552,499,2793,1832,691,3
510,1610,1261,936,1042,1554,550,499,2800,1832,691,3
511,1590,1276,936,1040,1553,551,500,2712,1832,691,3
512,1594,1268,936,1040,1556,552,500,2599,1831,690,3
513,1598,1270,937,1040,1554,552,500,2579,1832,690,3
514,1586,1262,938,1040,1555,552,499,2659,1831,691,3
515,1586,1264,936,1040,1554,550,499,2757,1832,690,3
516,1587,1252,936,1041,1553,550,499,2802,1832,691,3
517,1590,1256,937,1040,1555,552,496,2786,1830,690,3
518,1588,1256,936,1039,1554,552,502,2669,1830,690,3
519,1594,1256,935,1039,1555,550,498,2579,1832,691,3
520,1596,1256,936,1039,1554,551,498,2598,1832,691,3
521,1594,1267,936,1040,1554,549,499,2702,1832,692,3
522,1593,1272,936,1040,1556,551,500,2775,1830,690,3
523,1592,1273,938,1038,1554,552,499,2806,1831,690,3
524,1569,1259,936,1038,1554,552,498,2744,1832,690,3
525,1564,1258,935,1038,1554,552,498,2625,1832,690,3
526,1592,1262,936,1039,1554,551,498,2571,1832,691,3
527,1588,1262,937,1038,1555,551,498,2630,1830,690,3
528,1586,1259,938,1038,1555,552,496,2733,1823,690,3
529,1595,1270,938,1038,1555,552,497,2789,1831,690,3
530,1588,1267,935,1038,1552,550,498,2796,1831,690,3
531,1589,1253,938,1038,1554,552,498,2702,1829,689,3
532,1593,1249,936,1038,1555,552,496,2600,1832,690,3
533,1592,1265,937,1035,1555,551,497,2581,1830,689,3
534,1589,1257,935,1038,1555,551,501,2672,1832,691,3
535,1592,1251,936,1037,1555,551,498,2764,1831,691,3
536,1627,1263,938,1036,1554,552,498,2800,1830,690,3
537,1590,1257,937,1038,1555,552,494,2779,1830,690,3
538,1594,1251,938,1036,1554,552,496,2652,1831,691,3
539,1586,1258,938,1037,1554,553,497,2577,1832,689,3
540,1589,1254,936,1038,1553,552,497,2609,1831,689,3
541,1577,1258,936,1037,1554,552,496,2712,1830,690,3
542,1592,1255,936,1036,1555,552,496,2784,1829,689,3
543,1592,1269,936,1036,1556,550,497,2799,1830,689,3
544,1589,1255,935,1037,1555,550,496,2739,1830,690,3
545,1590,1265,938,1038,1557,552,495,2611,1829,690,3
546,1589,1250,936,1036,1555,551,497,2576,1830,691,3
547,1594,1266,936,1036,1559,551,495,2635,1830,689,3
548,1592,1264,938,1035,1555,552,496,2737,1830,689,3
549,1590,1264,936,1034,1554,552,495,2789,1830,690,3
550,1579,1258,938,1035,1554,552,497,2794,1829,690,3
551,1588,1260,936,1035,1555,552,495,2683,1829,690,3
552,1565,1260,937,1035,1554,553,496,2585,1830,690,3
553,1597,1266,936,1034,1554,552,497,2584,1829,690,3
554,1595,1263,935,1035,1555,551,491,2673,1830,690,3
555,1593,1275,934,1036,1554,550,496,2768,1828,690,3
556,1593,1269,936,1035,1555,552,497,2794,1830,690,3
557,1593,1257,936,1035,1556,551,495,2772,1827,690,3
558,1617,1262,936,1034,1554,552,495,2645,1829,690,3
559,1602,1258,937,1034,1554,552,495,2572,1828,690,3
560,1590,1261,935,1032,1555,552,494,2610,1828,689,3
561,1589,1258,936,1035,1554,552,496,2719,1828,690,3
562,1591,1239,936,1034,1555,552,495,2778,1829,690,3
563,1588,1260,937,1034,1554,551,495,2796,1829,689,3
564,1588,1262,935,1033,1555,552,495,2720,1830,689,3
565,1602,1262,936,1032,1555,552,488,2603,1829,689,3
566,1607,1262,936,1042,1554,552,494,2566,1830,691,3
567,1592,1284,936,1034,1555,551,494,2650,1829,689,3
568,1604,1262,938,1031,1555,552,494,2747,1828,689,3
569,1603,1262,937,1032,1555,552,494,2796,1828,689,3
570,1587,1258,936,1032,1555,552,495,2793,1828,686,3
571,1587,1257,936,1034,1555,552,494,2675,1828,689,3
572,1593,1264,936,1032,1554,552,494,2574,1827,688,3
573,1566,1260,936,1031,1554,552,493,2588,1827,688,3
574,1554,1258,935,1033,1554,552,494,2686,1829,688,3
575,1590,1273,936,1032,1555,552,495,2771,1827,690,3
576,1592,1258,935,1032,1549,553,494,2800,1827,690,3
577,1614,1261,937,1032,1556,552,494,2757,1828,688,3
578,1594,1246,936,1031,1556,553,492,2624,1827,688,3
579,1592,1241,937,1031,1554,553,492,2563,1827,688,3
580,1573,1261,934,1032,1554,552,494,2615,1827,688,3
581,1574,1257,935,1032,1555,552,494,2722,1827,688,3
582,1594,1274,936,1032,1555,552,494,2792,1827,689,3
583,1610,1262,938,1032,1555,552,495,2797,1827,689,3
584,1614,1261,937,1030,1555,552,494,2704,1827,689,3
585,1593,1262,935,1032,1556,550,491,2592,1827,689,3
586,1591,1264,935,1032,1555,551,498,2582,1826,688,3
587,1608,1263,934,1031,1554,551,492,2658,1828,689,3
588,1594,1258,938,1030,1554,552,493,2758,1826,688,3
589,1592,1258,936,1030,1555,552,492,2796,1827,688,3
590,1589,1254,936,1030,1555,553,493,2782,1827,687,3
591,1587,1251,934,1031,1555,552,494,2660,1826,689,3
592,1581,1258,935,1031,1556,554,494,2569,1827,688,3
593,1596,1272,936,1030,1556,553,491,2602,1826,688,3
594,1590,1258,936,1030,1555,554,494,2706,1826,688,3
595,1580,1256,936,1024,1554,550,493,2778,1826,689,3
596,1586,1257,935,1030,1557,552,492,2798,1826,688,3
597,1587,1262,936,1030,1555,553,492,2735,1822,688,3
598,1597,1268,934,1029,1555,553,494,2613,1825,689,3
599,1590,1255,938,1029,1551,553,492,2572,1826,687,3
600,1588,1261,936,1027,1555,554,494,2635,1826,687,3
601,1588,1256,935,1028,1555,552,492,2738,1826,688,3
602,1588,1262,937,1028,1556,553,492,2790,1826,686,3
603,1595,1274,936,1028,1555,554,492,2797,1826,687,3
604,1590,1258,936,1026,1554,552,491,2688,1826,687,3
605,1585,1256,936,1030,1554,551,492,2586,1827,683,3
606,1590,1246,935,1030,1555,552,492,2578,1826,689,3
607,1570,1258,936,1028,1556,552,493,2673,1825,688,3
608,1596,1258,937,1027,1557,552,492,2763,1825,688,3
609,1601,1259,936,1030,1556,553,491,2798,1824,687,3
610,1593,1242,937,1029,1555,552,493,2763,1826,688,3
611,1589,1263,935,1029,1555,552,492,2638,1826,688,3
612,1595,1265,936,1028,1556,553,493,2565,1826,688,3
613,1611,1260,938,1029,1554,552,491,2610,1826,686,3
614,1583,1255,935,1030,1555,551,499,2722,1826,689,3
615,1585,1259,936,1029,1555,552,492,2781,1826,688,3
616,1555,1258,934,1028,1555,552,492,2794,1826,688,3
617,1595,1258,936,1028,1557,553,492,2719,1823,688,3
618,1595,1248,938,1027,1556,552,492,2598,1823,687,3
619,1588,1265,936,1028,1556,552,492,2571,1823,687,3
620,1595,1266,936,1028,1555,552,493,2643,1825,687,3
621,1591,1259,936,1028,1556,552,492,2749,1824,688,3
622,1590,1253,936,1028,1556,553,491,2795,1822,688,3
623,1574,1260,938,1027,1556,553,491,2786,1825,687,3
624,1594,1265,937,1026,1555,554,491,2666,1825,687,3
625,1612,1259,938,1028,1554,552,490,2575,1824,686,3
626,1586,1254,936,1026,1555,552,492,2594,1824,687,3
627,1575,1258,936,1028,1555,553,491,2692,1823,688,3
628,1595,1256,936,1027,1557,552,491,2774,1825,687,3
629,1608,1262,936,1028,1556,552,491,2800,1822,688,3
630,1590,1263,934,1028,1555,552,492,2746,1824,687,3
631,1574,1258,936,1028,1558,554,492,2619,1824,688,3
632,1592,1258,938,1028,1558,553,491,2569,1821,687,3
633,1592,1240,936,1026,1556,552,489,2619,1822,687,3
634,1588,1260,935,1027,1555,551,490,2726,1825,687,3
635,1590,1256,935,1028,1550,552,490,2792,1824,688,3
636,1603,1260,934,1026,1554,552,491,2796,1824,688,3
637,1591,1261,936,1028,1555,553,492,2694,1822,686,3
638,1594,1268,936,1026,1555,554,491,2593,1824,687,3
639,1594,1256,936,1026,1555,552,491,2579,1824,688,3
640,1592,1265,934,1027,1555,552,491,2662,1823,688,3
641,1590,1262,934,1027,1554,552,490,2755,1824,687,3
642,1590,1258,935,1026,1557,553,490,2799,1822,687,3
643,1593,1246,936,1026,1556,552,489,2768,1822,687,3
644,1586,1258,935,1026,1555,552,490,2645,1823,687,3
645,1590,1257,933,1027,1557,552,491,2568,1824,689,3
646,1603,1261,926,1025,1555,553,490,2597,1822,688,3
647,1589,1262,936,1025,1556,553,490,2710,1822,686,3
648,1594,1258,936,1025,1548,554,490,2781,1822,686,3
649,1605,1261,934,1025,1556,552,490,2798,1822,686,3
650,1587,1261,936,1026,1553,552,490,2722,1822,687,3
651,1601,1260,936,1026,1555,554,488,2603,1822,686,3
652,1605,1261,934,1025,1556,551,489,2572,1822,686,3
653,1589,1260,936,1024,1556,552,489,2639,1821,687,3
654,1602,1261,936,1026,1556,552,484,2738,1821,687,3
655,1608,1260,936,1026,1556,551,490,2795,1821,686,3
656,1589,1246,935,1026,1555,552,488,2788,1821,688,3
657,1600,1264,935,1024,1556,552,490,2671,1821,686,3
658,1619,1260,938,1022,1556,553,491,2578,1822,686,3
659,1594,1267,938,1024,1557,553,490,2584,1821,686,3
660,1593,1267,938,1026,1554,552,490,2691,1821,688,3
661,1593,1259,937,1025,1555,552,490,2770,1820,686,3
662,1592,1263,936,1025,1556,553,490,2795,1822,686,3
663,1592,1253,936,1026,1552,552,489,2758,1821,687,3
664,1606,1256,938,1026,1556,552,489,2630,1820,686,3
665,1584,1260,936,1026,1554,551,490,2564,1821,685,3
666,1592,1263,935,1025,1555,553,491,2615,1821,685,3
667,1584,1258,936,1026,1556,554,498,2730,1819,686,3
668,1568,1257,936,1024,1556,554,489,2784,1820,686,3
669,1592,1283,937,1026,1553,553,490,2798,1822,687,3
670,1590,1250,934,1026,1554,552,490,2696,1822,686,3
671,1582,1257,934,1026,1555,552,489,2589,1821,687,3
672,1591,1260,937,1025,1557,552,490,2578,1822,686,3
673,1589,1262,936,1026,1555,553,488,2657,1820,687,3
674,1603,1262,935,1034,1556,553,479,2749,1820,686,3
675,1616,1262,936,1025,1555,552,492,2798,1821,685,3
676,1594,1267,936,1026,1558,552,490,2771,1820,687,3
677,1590,1274,936,1026,1556,553,490,2656,1821,686,3
678,1587,1250,936,1024,1555,554,489,2563,1821,686,3
679,1586,1260,936,1024,1556,554,490,2597,1821,686,3
680,1592,1258,936,1026,1555,552,488,2708,1825,686,3
681,1586,1254,936,1026,1555,553,489,2778,1820,686,3
682,1598,1265,934,1025,1556,552,490,2794,1819,687,3
683,1587,1256,936,1024,1556,553,489,2732,1819,687,3
684,1592,1262,936,1024,1555,552,490,2606,1820,686,3
685,1590,1256,936,1025,1555,552,488,2571,1821,686,3
686,1583,1257,935,1025,1554,552,496,2637,1821,686,3
687,1559,1256,936,1034,1556,553,488,2734,1820,686,3
688,1618,1262,936,1025,1555,554,490,2794,1820,687,3
689,1594,1264,937,1022,1554,553,489,2789,1820,684,3
690,1594,1256,934,1024,1554,552,490,2679,1821,686,3
691,1626,1259,936,1012,1555,554,491,2581,1821,686,3
692,1558,1257,936,1025,1555,553,489,2584,1822,686,3
693,1615,1257,937,1025,1555,554,490,2683,1820,685,3
694,1594,1262,936,1024,1554,552,489,2763,1820,686,3
695,1594,1257,934,1021,1555,551,491,2800,1820,686,3
696,1607,1258,936,1024,1555,552,494,2760,1820,686,3
697,1562,1257,935,1028,1556,553,488,2627,1820,686,3
698,1619,1257,936,1024,1556,554,488,2568,1819,684,3
699,1592,1262,937,1021,1555,554,489,2611,1819,685,3
700,1589,1258,935,1025,1556,553,490,2723,1818,686,3
701,1586,1257,936,1025,1556,553,490,2787,1820,681,3
702,1602,1262,934,1026,1555,552,490,2792,1819,687,3
703,1588,1256,937,1022,1556,554,487,2704,1819,686,3
704,1587,1258,936,1024,1556,554,488,2590,1813,686,3
705,1592,1257,935,1024,1555,552,490,2578,1823,687,3
706,1588,1251,936,1026,1555,552,487,2657,1819,685,3
707,1595,1270,935,1024,1556,553,491,2760,1819,686,3
708,1592,1252,936,1021,1556,552,488,2792,1819,684,3
709,1571,1258,936,1022,1555,554,488,2776,1819,685,3
710,1617,1259,936,1025,1555,552,489,2658,1819,686,3
711,1589,1263,935,1024,1555,553,490,2566,1819,686,3
712,1590,1260,934,1024,1557,553,489,2602,1818,686,3
713,1594,1266,936,1024,1555,554,489,2702,1819,685,3
714,1594,1266,936,1021,1556,554,489,2773,1820,685,3
715,1592,1251,936,1025,1557,552,488,2800,1818,686,3
716,1574,1259,933,1024,1556,552,488,2731,1818,686,3
717,1611,1259,934,1022,1556,560,490,2613,1819,687,3
718,1567,1256,936,1020,1556,553,488,2564,1818,687,3
719,1589,1254,934,1024,1556,552,489,2636,1819,686,3
720,1594,1264,935,1024,1556,551,489,2737,1818,685,3
