Count,S1,S2,S3,S4,S5,S6,S7,S8,S9,S10,Flag
1,1761,1368,1028,1009,1740,596,490,2790,1907,708,0
2,1752,1368,1029,1009,1742,589,492,2796,1906,709,0
3,1760,1368,1029,1010,1741,588,491,2654,1910,709,0
4,1754,1361,1027,1008,1741,590,490,2567,1907,709,0
5,1758,1360,1027,1009,1741,589,487,2619,1907,707,0
6,1760,1363,1028,1008,1741,590,490,2723,1907,707,0
7,1764,1377,1028,1008,1740,590,493,2788,1906,708,0
8,1736,1365,1027,1007,1742,589,489,2796,1906,708,0
9,1755,1368,1027,1008,1740,590,490,2665,1906,708,0
10,1765,1368,1030,1007,1740,589,489,2574,1907,709,0
11,1751,1367,1029,1007,1741,588,490,2591,1908,707,0
12,1752,1364,1028,1010,1740,589,490,2685,1907,709,0
13,1768,1367,1030,1008,1739,589,491,2765,1908,708,0
14,1758,1367,1028,1007,1740,589,490,2792,1906,707,0
15,1744,1366,1029,1007,1741,589,490,2757,1913,709,0
16,1760,1371,1028,1007,1738,590,490,2635,1906,708,0
17,1777,1367,1028,1006,1742,588,490,2565,1906,708,0
18,1758,1366,1028,1008,1750,589,488,2607,1907,707,0
19,1758,1364,1028,1007,1741,588,488,2710,1906,707,0
20,1754,1367,1028,1007,1740,589,491,2778,1906,707,0
21,1756,1373,1026,1008,1740,587,491,2799,1906,709,1
22,1774,1366,1029,1007,1739,588,491,2715,1907,708,1
23,1758,1365,1028,1009,1741,589,491,2602,1906,708,1
24,1762,1376,1028,1007,1742,588,494,2574,1906,708,1
25,1755,1371,1025,1007,1742,589,491,2640,1906,708,1
26,1794,1370,1028,1006,1741,588,491,2738,1907,706,1
27,1766,1371,1028,1007,1739,595,491,2793,1906,707,1
28,1756,1366,1028,1009,1739,588,492,2794,1906,708,1
29,1754,1362,1027,1007,1742,589,490,2679,1906,708,1
30,1763,1372,1030,1007,1739,588,490,2584,1906,708,1
31,1753,1368,1026,1008,1740,589,490,2585,1907,708,1
32,1758,1365,1030,1007,1742,587,489,2666,1908,707,1
33,1770,1370,1028,1007,1741,590,488,2759,1905,707,1
34,1758,1370,1027,1007,1741,590,491,2792,1907,708,1
35,1761,1386,1028,1007,1742,590,489,2775,1906,707,1
36,1750,1366,1027,1008,1742,590,490,2653,1907,707,1
37,1758,1365,1028,1007,1743,587,491,2566,1907,707,1
38,1720,1364,1027,1006,1742,590,490,2600,1906,707,1
39,1757,1352,1027,1008,1742,590,490,2701,1907,706,1
40,1761,1378,1027,1009,1741,590,491,2772,1906,708,1
41,1756,1370,1027,1008,1742,589,490,2801,1907,708,1
42,1762,1364,1027,1009,1740,590,491,2744,1906,710,1
43,1756,1365,1028,1010,1738,590,490,2624,1906,710,1
44,1782,1370,1029,1008,1742,590,489,2567,1906,708,1
45,1748,1364,1028,1009,1740,589,491,2624,1907,710,1
46,1748,1366,1029,1010,1741,591,491,2724,1907,710,1
47,1747,1364,1026,1010,1742,589,490,2787,1907,708,1
48,1754,1362,1030,1010,1742,581,490,2789,1907,709,1
49,1761,1379,1029,1009,1742,589,489,2707,1906,707,1
50,1756,1362,1028,1010,1740,588,491,2595,1907,710,1
51,1758,1381,1027,1011,1741,587,490,2577,1907,709,1
52,1754,1364,1027,1010,1743,590,492,2651,1906,710,1
53,1757,1382,1028,1009,1742,590,491,2750,1906,705,1
54,1757,1371,1029,1011,1742,588,491,2798,1907,710,1
55,1763,1379,1028,1011,1743,590,498,2794,1907,710,1
56,1758,1367,1028,1011,1741,589,494,2678,1908,712,1
57,1764,1374,1028,1011,1739,589,493,2580,1908,710,1
58,1757,1376,1028,1011,1741,589,492,2587,1907,710,1
59,1758,1363,1028,1013,1741,588,493,2680,1907,712,1
60,1758,1354,1030,1013,1741,589,494,2762,1907,711,1
61,1757,1365,1027,1012,1742,589,491,2800,1908,710,1
62,1754,1359,1027,1011,1742,589,494,2761,1907,711,1
63,1760,1384,1028,1011,1742,590,491,2643,1907,710,1
64,1759,1371,1027,1013,1743,590,493,2570,1907,712,1
65,1768,1377,1029,1012,1742,590,493,2610,1908,710,1
66,1758,1353,1030,1013,1743,589,493,2711,1909,712,1
67,1728,1362,1030,1012,1742,589,493,2782,1909,712,1
68,1753,1363,1029,1015,1742,590,493,2794,1908,712,1
69,1763,1376,1029,1014,1744,591,496,2735,1907,710,1
70,1778,1371,1029,1014,1744,590,493,2614,1909,713,1
71,1770,1370,1030,1014,1743,588,495,2575,1910,713,1
72,1768,1368,1028,1014,1742,591,494,2635,1910,712,1
73,1752,1366,1026,1013,1743,590,494,2737,1909,711,1
74,1781,1369,1029,1014,1743,590,494,2790,1910,713,1
75,1761,1371,1029,1013,1743,590,494,2799,1910,712,1
76,1766,1367,1030,1015,1745,589,495,2690,1910,713,1
77,1763,1347,1029,1015,1743,590,495,2590,1911,713,1
78,1763,1366,1027,1016,1744,590,494,2584,1909,714,1
79,1759,1373,1029,1014,1744,590,496,2671,1909,712,1
80,1766,1379,1027,1014,1743,591,496,2755,1910,713,1
81,1762,1360,1030,1015,1744,590,489,2792,1910,713,1
82,1744,1367,1030,1014,1744,589,494,2781,1910,714,1
83,1799,1371,1029,1014,1745,591,495,2658,1910,714,1
84,1769,1369,1028,1014,1745,589,494,2579,1910,714,1
85,1763,1370,1029,1015,1743,590,494,2596,1910,713,1
86,1753,1367,1032,1015,1746,590,494,2702,1909,713,1
87,1763,1368,1029,1015,1744,591,496,2775,1911,714,1
88,1763,1373,1029,1016,1744,589,496,2802,1910,714,1
89,1765,1365,1030,1014,1744,589,495,2750,1909,713,1
90,1761,1360,1029,1014,1744,590,495,2631,1910,713,1
91,1764,1376,1029,1008,1743,591,498,2577,1911,714,1
92,1775,1367,1031,1016,1744,590,495,2616,1911,714,1
93,1739,1369,1030,1016,1745,591,495,2723,1915,714,1
94,1793,1371,1031,1015,1746,590,494,2784,1910,713,1
95,1764,1371,1031,1016,1742,589,496,2801,1910,714,1
96,1763,1366,1030,1016,1746,590,494,2712,1910,714,1
97,1762,1357,1031,1019,1744,590,493,2605,1911,715,1
98,1763,1386,1028,1016,1744,590,495,2579,1911,714,1
99,1765,1354,1030,1015,1746,590,496,2648,1910,714,1
100,1767,1368,1030,1017,1744,590,496,2746,1911,715,1
101,1758,1370,1030,1016,1745,591,494,2795,1910,714,1
102,1762,1388,1027,1016,1746,591,496,2795,1910,714,1
103,1764,1372,1030,1016,1746,591,497,2683,1912,715,1
104,1763,1363,1032,1016,1744,590,495,2590,1912,715,1
105,1753,1366,1030,1016,1744,590,496,2587,1912,713,1
106,1774,1371,1030,1016,1746,589,494,2677,1910,714,1
107,1764,1368,1030,1015,1749,591,496,2760,1912,714,1
108,1763,1370,1032,1017,1747,589,495,2798,1911,715,1
109,1769,1368,1030,1016,1745,590,495,2770,1912,714,1
110,1764,1352,1030,1017,1746,591,497,2652,1912,716,1
111,1767,1390,1030,1015,1746,590,495,2578,1910,714,1
112,1790,1371,1029,1016,1746,591,495,2603,1912,714,1
113,1734,1367,1030,1015,1746,591,496,2709,1912,713,1
114,1776,1367,1031,1016,1745,590,495,2774,1912,714,1
115,1764,1374,1028,1016,1744,589,496,2802,1910,714,1
116,1766,1366,1031,1016,1746,590,494,2737,1912,715,1
117,1766,1362,1029,1014,1746,591,494,2620,1912,714,1
118,1770,1379,1031,1013,1745,591,496,2574,1912,713,1
119,1768,1361,1030,1013,1746,591,490,2626,1912,714,1
120,1754,1369,1030,1015,1746,592,494,2730,1910,714,1
121,1781,1373,1030,1016,1745,591,496,2786,1911,715,2
122,1779,1378,1035,1018,1751,592,495,2794,1912,714,2
123,1776,1377,1033,1018,1750,594,497,2704,1911,714,2
124,1779,1373,1034,1016,1750,593,495,2598,1912,714,2
125,1774,1373,1034,1014,1750,592,495,2579,1912,715,2
126,1778,1376,1034,1012,1750,591,494,2658,1912,714,2
127,1779,1376,1035,1011,1750,594,494,2752,1912,714,2
128,1776,1378,1032,1011,1750,593,494,2792,1910,712,2
129,1778,1374,1033,1008,1750,594,493,2784,1909,713,2
130,1777,1374,1032,1009,1749,592,493,2667,1912,714,2
131,1775,1378,1034,1007,1749,593,493,2576,1912,712,2
132,1774,1371,1033,1005,1750,592,493,2594,1910,713,2
133,1773,1374,1033,1006,1749,594,491,2688,1910,712,2
134,1775,1378,1032,1004,1748,592,489,2767,1910,712,2
135,1777,1373,1032,1004,1747,592,492,2795,1910,713,2
136,1774,1376,1033,1003,1748,593,490,2755,1908,712,2
137,1774,1371,1033,1001,1748,592,489,2630,1910,712,2
138,1774,1376,1034,1001,1748,593,490,2565,1909,710,2
139,1774,1376,1032,1001,1748,592,489,2611,1907,709,2
140,1778,1374,1031,1002,1747,592,490,2715,1909,710,2
141,1774,1375,1034,1000,1748,593,489,2782,1909,710,2
142,1773,1374,1032,997,1747,592,489,2793,1908,709,2
143,1773,1374,1033,998,1746,593,490,2707,1907,711,2
144,1773,1374,1031,997,1748,592,486,2598,1907,709,2
145,1776,1373,1032,998,1747,592,486,2569,1906,709,2
146,1774,1373,1032,999,1747,594,487,2642,1907,708,2
147,1771,1373,1031,997,1748,591,485,2743,1907,710,2
148,1772,1374,1032,996,1747,593,486,2788,1906,710,2
149,1775,1376,1032,995,1748,593,486,2787,1905,708,2
150,1771,1374,1030,995,1746,592,485,2670,1906,708,2
151,1778,1373,1032,995,1746,592,486,2571,1905,707,2
152,1774,1374,1032,995,1745,594,486,2581,1906,706,2
153,1776,1374,1032,995,1746,593,484,2674,1906,707,2
154,1773,1374,1032,995,1747,592,484,2760,1904,708,2
155,1772,1376,1032,994,1747,591,484,2794,1904,708,2
156,1776,1373,1032,995,1746,593,483,2761,1905,706,2
157,1776,1374,1031,993,1746,592,484,2635,1905,707,2
158,1775,1373,1029,995,1746,591,485,2560,1904,707,2
159,1772,1374,1032,994,1747,592,483,2599,1903,706,2
160,1776,1376,1031,993,1746,592,482,2708,1903,706,2
161,1774,1372,1030,994,1745,591,483,2776,1903,707,2
162,1773,1374,1032,993,1744,592,483,2793,1903,705,2
163,1774,1373,1030,994,1746,591,482,2723,1903,706,2
164,1771,1374,1032,993,1746,592,482,2602,1903,706,2
165,1773,1374,1030,993,1746,592,482,2561,1904,706,2
166,1774,1373,1030,994,1744,591,483,2628,1903,705,2
167,1774,1371,1032,994,1745,592,482,2730,1902,706,2
168,1776,1373,1030,994,1746,592,482,2787,1902,705,2
169,1771,1373,1032,992,1746,593,482,2790,1902,704,2
170,1772,1371,1031,993,1746,591,482,2679,1901,706,2
171,1774,1371,1030,993,1746,592,482,2577,1901,705,2
172,1774,1374,1029,994,1745,592,481,2570,1902,705,2
173,1774,1374,1030,991,1745,592,482,2656,1901,707,2
174,1774,1370,1030,993,1744,592,480,2754,1901,704,2
175,1771,1374,1032,993,1746,592,480,2792,1899,705,2
176,1771,1371,1029,994,1744,592,482,2772,1900,704,2
177,1772,1372,1029,994,1745,591,481,2647,1902,704,2
178,1771,1373,1029,994,1744,591,481,2561,1901,704,2
179,1773,1369,1030,994,1745,592,481,2588,1899,704,2
180,1770,1372,1030,995,1744,592,481,2695,1899,704,2
181,1770,1372,1029,995,1743,592,481,2768,1901,704,2
182,1774,1374,1031,995,1745,592,480,2795,1899,704,2
183,1770,1374,1028,995,1744,591,480,2738,1899,705,2
184,1773,1371,1030,995,1744,591,480,2612,1899,704,2
185,1769,1374,1029,995,1743,591,482,2555,1898,704,2
186,1772,1371,1028,996,1742,590,481,2611,1899,701,2
187,1771,1370,1029,996,1743,590,479,2720,1898,704,2
188,1771,1373,1029,996,1743,591,481,2782,1898,704,2
189,1771,1371,1029,996,1744,592,482,2791,1899,704,2
190,1772,1373,1030,996,1744,591,482,2697,1898,701,2
191,1769,1370,1030,997,1744,591,479,2586,1899,702,2
192,1768,1370,1030,998,1744,591,479,2563,1898,702,2
193,1769,1371,1029,997,1743,590,481,2643,1898,704,2
194,1770,1373,1030,1000,1742,591,481,2744,1898,704,2
195,1772,1371,1028,1000,1743,590,481,2790,1898,701,2
196,1768,1368,1030,1000,1743,592,482,2784,1898,701,2
197,1766,1371,1030,1000,1742,589,481,2664,1898,701,2
198,1766,1373,1027,1000,1744,591,482,2566,1897,704,2
199,1768,1371,1029,999,1743,591,482,2581,1898,702,2
200,1767,1371,1027,999,1743,591,482,2680,1898,702,2
201,1768,1374,1030,1001,1742,591,481,2762,1897,701,2
202,1770,1371,1030,1001,1742,590,482,2794,1896,701,2
203,1767,1370,1030,1001,1742,591,479,2755,1898,701,2
204,1768,1373,1030,1003,1742,590,482,2628,1897,700,2
205,1765,1374,1027,1002,1742,590,482,2555,1894,702,2
206,1768,1374,1030,1002,1741,591,483,2599,1896,700,2
207,1770,1370,1028,1003,1742,591,482,2711,1894,700,2
208,1768,1370,1028,1002,1742,591,479,2777,1895,701,2
209,1770,1370,1030,1004,1740,590,483,2794,1896,701,2
210,1768,1371,1029,1003,1743,590,481,2718,1894,700,2
211,1763,1368,1028,1005,1742,590,482,2599,1896,700,2
212,1764,1369,1030,1005,1741,589,483,2561,1896,701,2
213,1766,1370,1030,1003,1742,591,482,2632,1895,701,2
214,1766,1369,1028,1006,1741,590,482,2738,1895,701,2
215,1768,1370,1029,1005,1742,590,483,2790,1894,701,2
216,1763,1369,1028,1008,1741,589,484,2790,1896,700,2
217,1764,1369,1028,1007,1740,588,483,2674,1895,701,2
218,1764,1370,1028,1006,1742,590,484,2573,1895,702,2
219,1766,1371,1028,1008,1742,590,483,2576,1894,700,2
220,1768,1371,1029,1007,1742,590,484,2668,1894,699,2
221,1763,1371,1026,1008,1741,590,483,2759,1895,700,2
222,1764,1370,1027,1010,1740,591,484,2794,1894,700,2
223,1763,1369,1028,1010,1741,591,485,2764,1894,701,2
224,1765,1368,1027,1010,1742,589,484,2641,1894,700,2
225,1766,1367,1028,1010,1742,590,485,2561,1894,701,2
226,1763,1364,1028,1011,1739,590,485,2596,1895,700,2
227,1762,1368,1028,1011,1741,590,485,2706,1894,701,2
228,1762,1371,1026,1011,1740,590,486,2774,1894,702,2
229,1765,1371,1028,1013,1741,591,485,2797,1894,700,2
230,1762,1369,1028,1013,1739,590,486,2730,1895,700,2
231,1766,1369,1027,1013,1740,589,485,2607,1894,699,2
232,1765,1367,1030,1014,1740,589,485,2563,1896,700,2
233,1766,1370,1028,1015,1740,591,486,2627,1894,699,2
234,1763,1371,1027,1015,1741,590,487,2733,1894,699,2
235,1763,1369,1028,1015,1739,589,488,2790,1894,700,2
236,1767,1371,1027,1016,1740,589,487,2793,1894,701,2
237,1766,1369,1027,1018,1739,589,487,2683,1894,702,2
238,1766,1370,1028,1017,1739,591,487,2576,1894,700,2
239,1763,1371,1027,1017,1740,590,488,2577,1894,700,2
240,1762,1370,1027,1019,1739,590,488,2664,1893,700,2
241,1763,1368,1028,1019,1741,589,488,2757,1894,699,2
242,1768,1370,1028,1019,1739,590,488,2794,1894,699,2
243,1764,1369,1028,1019,1739,590,488,2773,1893,700,2
244,1764,1370,1027,1020,1738,588,488,2650,1893,700,2
245,1761,1369,1026,1024,1739,588,489,2566,1894,699,2
246,1761,1368,1027,1021,1740,588,490,2595,1895,701,2
247,1764,1370,1026,1022,1739,589,490,2703,1894,700,2
248,1763,1364,1028,1024,1739,590,489,2773,1892,699,2
249,1765,1369,1026,1024,1740,590,490,2798,1894,701,2
250,1765,1370,1027,1025,1739,588,490,2738,1894,700,2
251,1762,1367,1027,1027,1738,590,490,2614,1894,701,2
252,1761,1368,1027,1027,1739,590,489,2566,1894,701,2
253,1760,1369,1028,1028,1739,590,492,2626,1894,700,2
254,1763,1369,1027,1027,1739,591,490,2732,1893,700,2
255,1763,1368,1026,1029,1738,589,492,2790,1894,700,2
256,1760,1365,1028,1029,1738,590,492,2794,1894,701,2
257,1759,1368,1027,1030,1739,589,490,2695,1894,700,2
258,1759,1370,1026,1030,1738,590,493,2588,1894,702,2
259,1761,1367,1027,1029,1738,589,492,2578,1894,700,2
260,1763,1368,1026,1030,1738,588,492,2662,1893,699,2
261,1758,1366,1026,1032,1738,587,494,2757,1894,700,2
262,1755,1367,1027,1032,1739,588,493,2796,1895,699,2
263,1758,1368,1027,1033,1738,590,493,2778,1894,699,2
264,1758,1366,1026,1034,1738,588,494,2657,1894,702,2
265,1762,1370,1027,1032,1738,590,494,2571,1894,701,2
266,1758,1367,1027,1035,1738,589,495,2596,1895,701,2
267,1757,1368,1027,1035,1740,589,495,2702,1896,699,2
268,1755,1368,1026,1036,1738,589,495,2774,1894,702,2
269,1760,1365,1027,1036,1738,588,496,2801,1894,700,2
270,1757,1368,1027,1036,1738,590,494,2746,1894,700,2
271,1761,1370,1027,1037,1737,587,495,2620,1895,702,2
272,1758,1366,1028,1038,1737,587,495,2568,1895,701,2
273,1759,1368,1025,1038,1738,590,495,2625,1894,704,2
274,1757,1369,1026,1040,1737,588,497,2731,1894,702,2
275,1756,1368,1027,1039,1736,590,496,2794,1895,702,2
276,1758,1370,1027,1039,1738,590,496,2799,1894,702,2
277,1759,1367,1026,1040,1738,589,496,2702,1894,700,2
278,1757,1368,1028,1042,1737,588,497,2595,1896,701,2
279,1754,1368,1026,1043,1736,588,498,2581,1895,702,2
280,1759,1369,1026,1043,1738,588,497,2664,1895,701,2
281,1755,1368,1026,1043,1736,588,499,2760,1896,702,2
282,1754,1366,1027,1043,1738,587,498,2798,1896,701,2
283,1755,1370,1026,1044,1737,589,499,2783,1896,700,2
284,1755,1368,1027,1043,1738,590,498,2666,1895,702,2
285,1758,1366,1025,1045,1738,587,499,2578,1895,701,2
286,1754,1368,1027,1048,1736,588,499,2600,1897,701,2
287,1754,1367,1027,1046,1736,587,499,2704,1896,702,2
288,1754,1368,1028,1047,1736,589,499,2776,1896,701,2
289,1756,1366,1027,1048,1738,586,499,2802,1895,701,2
290,1754,1364,1026,1048,1736,588,501,2750,1896,704,2
291,1756,1369,1025,1050,1737,587,500,2627,1896,702,2
292,1756,1366,1026,1050,1736,588,500,2575,1896,704,2
293,1755,1368,1025,1050,1736,588,502,2630,1896,704,2
294,1753,1371,1025,1050,1735,588,501,2734,1897,701,2
295,1753,1369,1027,1051,1736,588,502,2794,1897,701,2
296,1757,1368,1026,1053,1736,587,503,2798,1898,701,2
297,1755,1367,1026,1052,1736,588,502,2706,1896,702,2
298,1754,1370,1026,1056,1736,588,502,2598,1896,704,2
299,1752,1369,1026,1054,1736,588,501,2586,1896,702,2
300,1754,1368,1026,1057,1736,587,503,2666,1898,701,2
301,1754,1369,1027,1057,1736,589,505,2762,1898,703,2
302,1753,1369,1026,1056,1736,587,505,2801,1898,704,2
303,1751,1365,1026,1058,1736,589,504,2783,1897,704,2
304,1754,1366,1026,1059,1736,587,504,2668,1898,705,2
305,1755,1367,1026,1059,1736,587,506,2579,1898,704,2
306,1752,1366,1026,1060,1736,587,506,2606,1898,704,2
307,1753,1368,1025,1059,1736,587,505,2710,1898,702,2
308,1751,1365,1026,1062,1736,588,506,2778,1898,704,2
309,1754,1366,1026,1063,1735,587,507,2804,1899,705,2
310,1752,1366,1025,1062,1735,587,506,2753,1898,704,2
311,1755,1367,1024,1064,1736,587,506,2632,1898,704,2
312,1750,1365,1027,1064,1735,587,506,2579,1899,704,2
313,1755,1369,1025,1063,1735,589,507,2636,1898,704,2
314,1752,1366,1026,1064,1734,588,508,2738,1899,704,2
315,1752,1368,1025,1065,1734,587,508,2797,1899,705,2
316,1754,1365,1026,1066,1735,587,509,2800,1900,705,2
317,1751,1366,1026,1067,1735,587,509,2706,1899,702,2
318,1754,1369,1025,1066,1734,588,508,2602,1899,706,2
319,1750,1367,1026,1066,1734,587,509,2594,1899,702,2
320,1750,1368,1025,1068,1735,586,509,2674,1899,705,2
321,1750,1367,1026,1071,1734,587,512,2758,1900,705,3
322,1744,1366,1028,1066,1728,586,509,2803,1899,706,3
323,1736,1366,1020,1068,1731,585,512,2778,1898,706,3
324,1744,1369,1021,1079,1730,584,512,2662,1900,704,3
325,1702,1358,1022,1074,1727,584,509,2584,1901,704,3
326,1755,1359,1020,1078,1730,586,514,2603,1900,704,3
327,1749,1362,1022,1083,1730,585,514,2704,1902,706,3
328,1739,1370,1021,1086,1730,586,514,2775,1900,706,3
329,1742,1351,1024,1090,1731,585,515,2802,1902,707,3
330,1746,1378,1024,1091,1730,586,516,2739,1902,706,3
331,1744,1358,1021,1094,1731,585,517,2622,1902,707,3
332,1752,1358,1020,1098,1731,585,517,2582,1903,708,3
333,1735,1361,1022,1102,1731,585,518,2636,1902,708,3
334,1742,1358,1025,1102,1731,586,517,2740,1902,706,3
335,1749,1360,1024,1104,1731,586,517,2790,1904,709,3
336,1755,1362,1024,1108,1731,585,520,2802,1904,709,3
337,1779,1366,1026,1109,1731,593,521,2700,1906,710,3
338,1734,1358,1026,1110,1732,585,520,2600,1904,708,3
339,1742,1360,1025,1110,1731,586,520,2597,1906,709,3
340,1754,1362,1022,1110,1731,586,520,2675,1906,708,3
341,1718,1359,1025,1112,1733,585,522,2762,1905,710,3
342,1743,1366,1024,1112,1732,585,523,2797,1906,704,3
343,1721,1362,1026,1110,1734,586,522,2776,1906,710,3
344,1747,1360,1025,1111,1733,585,526,2658,1907,711,3
345,1787,1366,1026,1108,1732,587,523,2586,1907,708,3
346,1750,1364,1026,1111,1733,584,526,2611,1908,710,3
347,1737,1363,1026,1108,1732,586,524,2722,1908,711,3
348,1750,1362,1025,1107,1734,585,523,2790,1907,711,3
349,1750,1370,1025,1105,1733,586,524,2795,1909,712,3
350,1733,1361,1027,1103,1734,585,525,2737,1908,712,3
351,1763,1364,1027,1103,1734,586,526,2624,1909,712,3
352,1716,1361,1026,1102,1733,586,522,2584,1910,713,3
353,1748,1356,1026,1098,1734,586,524,2653,1910,712,3
354,1747,1358,1028,1098,1733,586,523,2749,1910,711,3
355,1746,1365,1027,1096,1734,585,523,2794,1912,711,3
356,1762,1364,1026,1096,1733,585,523,2799,1910,713,3
357,1750,1369,1027,1093,1732,586,526,2691,1911,712,3
358,1744,1364,1028,1092,1735,585,524,2600,1911,713,3
359,1749,1362,1027,1090,1734,588,523,2602,1911,712,3
360,1736,1363,1026,1091,1734,586,521,2685,1914,713,3
361,1742,1362,1027,1086,1731,586,524,2766,1912,714,3
362,1748,1354,1026,1088,1734,585,524,2798,1912,714,3
363,1750,1373,1027,1083,1734,586,524,2767,1912,714,3
364,1741,1362,1026,1082,1734,586,523,2649,1912,714,3
365,1743,1363,1026,1082,1734,585,521,2582,1914,714,3
366,1749,1370,1027,1082,1733,584,522,2624,1913,715,3
367,1749,1361,1026,1080,1733,584,522,2726,1914,715,3
368,1752,1354,1027,1077,1736,585,522,2786,1913,714,3
369,1752,1371,1028,1077,1733,586,523,2799,1914,713,3
370,1775,1368,1026,1075,1734,586,520,2726,1914,713,3
371,1758,1363,1026,1076,1734,586,522,2619,1914,715,3
372,1774,1366,1026,1074,1734,586,522,2587,1914,715,3
373,1750,1371,1027,1072,1733,586,519,2660,1915,714,3
374,1741,1364,1028,1072,1734,586,522,2749,1914,715,3
375,1777,1366,1026,1069,1737,585,520,2798,1914,714,3
376,1755,1362,1026,1070,1734,584,520,2793,1914,714,3
377,1739,1359,1038,1068,1736,585,520,2682,1915,715,3
378,1730,1362,1025,1068,1732,586,519,2584,1914,714,3
379,1741,1363,1027,1067,1733,585,520,2600,1914,715,3
380,1754,1370,1027,1065,1734,587,517,2694,1915,715,3
381,1751,1369,1025,1064,1734,586,516,2768,1914,714,3
382,1753,1373,1026,1064,1734,587,519,2795,1913,714,3
383,1740,1366,1027,1062,1734,585,518,2750,1914,714,3
384,1744,1352,1026,1061,1734,586,517,2632,1914,715,3
385,1754,1371,1028,1061,1735,585,515,2578,1915,714,3
386,1768,1365,1026,1060,1735,585,516,2624,1914,714,3
387,1750,1366,1028,1059,1735,585,516,2724,1914,714,3
388,1735,1366,1024,1058,1728,587,516,2793,1914,714,3
389,1753,1366,1027,1058,1734,586,514,2796,1914,714,3
390,1748,1360,1027,1056,1734,586,515,2699,1914,714,3
391,1753,1366,1028,1054,1735,586,515,2602,1914,715,3
392,1757,1365,1025,1054,1734,586,514,2587,1914,714,3
393,1738,1363,1028,1054,1732,586,514,2670,1914,714,3
394,1778,1364,1028,1053,1734,586,513,2753,1914,714,3
395,1739,1363,1028,1051,1732,586,512,2799,1914,713,3
396,1747,1363,1027,1050,1735,585,513,2776,1914,715,3
397,1757,1364,1026,1051,1734,584,512,2660,1914,715,3
398,1753,1370,1025,1049,1734,586,508,2582,1914,714,3
399,1788,1366,1028,1049,1734,586,512,2600,1913,713,3
400,1756,1370,1026,1048,1734,586,509,2715,1914,712,3
401,1745,1366,1025,1048,1736,586,512,2772,1913,714,3
402,1778,1366,1030,1047,1733,585,509,2799,1914,714,3
403,1751,1361,1026,1047,1734,587,507,2745,1914,714,3
404,1754,1359,1028,1046,1734,586,508,2627,1913,713,3
405,1738,1362,1029,1045,1736,586,507,2584,1915,713,3
406,1744,1364,1026,1045,1734,586,508,2650,1913,714,3
407,1752,1358,1027,1044,1736,585,507,2742,1914,714,3
408,1747,1357,1026,1044,1735,587,506,2795,1912,712,3
409,1754,1352,1026,1042,1735,588,506,2795,1913,713,3
410,1779,1366,1028,1042,1734,587,505,2689,1913,713,3
411,1744,1362,1028,1041,1734,585,506,2590,1913,712,3
412,1768,1365,1025,1042,1737,586,506,2589,1912,714,3
413,1747,1361,1027,1042,1734,586,506,2681,1914,712,3
414,1753,1346,1028,1047,1734,586,503,2765,1912,712,3
415,1751,1358,1028,1039,1735,587,503,2798,1913,713,3
416,1749,1368,1027,1040,1734,586,506,2766,1912,712,3
417,1749,1368,1025,1039,1735,586,506,2645,1911,712,3
418,1758,1368,1025,1039,1736,586,504,2579,1911,712,3
419,1751,1364,1027,1037,1735,587,502,2616,1911,712,3
420,1752,1362,1027,1038,1736,586,501,2723,1912,713,3
421,1747,1357,1026,1035,1735,586,502,2784,1912,710,3
422,1747,1372,1028,1038,1734,586,502,2797,1912,711,3
423,1758,1368,1025,1036,1736,586,502,2725,1910,712,3
424,1757,1363,1027,1037,1735,585,502,2606,1912,712,3
425,1748,1362,1028,1036,1734,586,502,2576,1913,711,3
426,1737,1361,1026,1037,1733,586,502,2654,1912,712,3
427,1753,1370,1028,1034,1736,585,502,2753,1912,712,3
428,1742,1361,1027,1036,1736,586,502,2795,1910,712,3
429,1732,1362,1026,1033,1735,586,500,2793,1912,712,3
430,1751,1379,1028,1034,1733,587,501,2676,1911,712,3
431,1752,1355,1025,1037,1734,589,501,2579,1911,712,3
432,1736,1363,1028,1034,1736,588,502,2600,1912,712,3
433,1767,1364,1025,1032,1734,586,498,2695,1911,710,3
434,1733,1362,1028,1034,1736,587,500,2774,1912,711,3
435,1754,1363,1026,1033,1736,586,500,2806,1910,712,3
436,1754,1367,1026,1034,1735,587,502,2752,1912,712,3
437,1752,1378,1026,1035,1736,587,502,2633,1912,712,3
438,1750,1368,1026,1032,1735,587,500,2572,1911,712,3
439,1753,1366,1026,1032,1735,587,499,2620,1911,711,3
440,1754,1368,1027,1031,1735,586,501,2726,1912,711,3
441,1754,1364,1027,1032,1736,585,500,2787,1912,712,3
442,1749,1369,1027,1032,1736,585,502,2795,1911,710,3
443,1766,1366,1027,1031,1736,586,500,2703,1912,712,3
444,1754,1368,1027,1032,1734,585,499,2602,1912,712,3
445,1745,1363,1026,1032,1736,586,500,2583,1911,712,3
446,1749,1361,1027,1032,1735,587,498,2666,1911,712,3
447,1750,1369,1027,1032,1735,588,502,2757,1911,711,3
448,1770,1368,1026,1031,1736,587,500,2795,1910,712,3
449,1751,1379,1027,1033,1736,587,501,2784,1912,711,3
450,1753,1356,1026,1031,1735,587,501,2654,1911,708,3
451,1771,1363,1027,1032,1734,587,500,2574,1912,712,3
452,1762,1366,1026,1031,1734,586,500,2606,1912,712,3
453,1749,1367,1026,1030,1736,586,501,2707,1912,712,3
454,1746,1359,1026,1030,1735,586,499,2776,1912,712,3
455,1755,1376,1027,1032,1734,586,498,2802,1912,711,3
456,1731,1364,1026,1031,1736,585,500,2743,1910,712,3
457,1749,1358,1026,1032,1736,585,500,2618,1912,712,3
458,1759,1366,1027,1030,1735,587,499,2575,1911,712,3
459,1749,1360,1027,1030,1736,585,498,2641,1911,711,3
460,1744,1363,1028,1031,1736,584,499,2744,1914,712,3
461,1752,1366,1026,1032,1736,586,501,2792,1912,713,3
462,1766,1365,1026,1030,1734,586,502,2794,1912,713,3
463,1750,1364,1027,1030,1736,585,500,2686,1912,710,3
464,1750,1387,1026,1029,1735,586,503,2592,1912,711,3
465,1743,1366,1026,1028,1736,585,500,2594,1913,711,3
466,1752,1368,1026,1029,1736,587,501,2675,1912,712,3
467,1742,1360,1027,1030,1736,585,501,2762,1912,712,3
468,1763,1366,1027,1028,1736,586,500,2799,1911,711,3
469,1760,1366,1027,1029,1743,586,499,2767,1912,713,3
470,1753,1372,1026,1030,1735,586,501,2645,1912,712,3
471,1754,1368,1028,1030,1734,586,500,2577,1913,713,3
472,1749,1368,1026,1030,1735,585,501,2616,1912,712,3
473,1752,1366,1027,1029,1736,587,502,2725,1912,713,3
474,1754,1368,1026,1028,1734,587,500,2790,1912,711,3
475,1748,1359,1027,1030,1736,585,502,2796,1913,712,3
476,1747,1358,1026,1028,1736,581,499,2722,1912,713,3
477,1761,1366,1026,1029,1735,585,501,2609,1912,712,3
478,1766,1366,1024,1028,1736,587,500,2577,1913,712,3
479,1770,1364,1028,1027,1734,588,498,2649,1912,711,3
480,1754,1364,1026,1029,1735,585,499,2753,1913,712,3
481,1754,1362,1028,1030,1735,586,499,2792,1913,711,3
482,1754,1377,1027,1021,1735,586,500,2795,1913,711,3
483,1748,1364,1027,1028,1736,587,499,2681,1914,710,3
484,1754,1364,1026,1027,1736,587,499,2576,1911,712,3
485,1755,1374,1027,1024,1734,586,501,2602,1913,712,3
486,1754,1362,1027,1028,1735,586,500,2698,1912,713,3
487,1758,1370,1027,1028,1736,586,500,2773,1912,712,3
488,1750,1360,1026,1027,1736,587,500,2803,1914,712,3
489,1756,1364,1027,1026,1736,587,499,2753,1912,711,3
490,1754,1360,1026,1027,1734,588,501,2636,1914,711,3
491,1753,1367,1026,1027,1736,587,499,2571,1912,712,3
492,1750,1360,1027,1028,1736,587,500,2627,1912,712,3
493,1761,1368,1026,1028,1735,587,499,2727,1914,710,3
494,1748,1364,1027,1027,1736,588,500,2788,1912,710,3
495,1771,1363,1026,1027,1735,586,501,2795,1914,712,3
496,1750,1358,1027,1027,1736,587,500,2705,1914,712,3
497,1747,1361,1026,1028,1736,586,500,2599,1912,712,3
498,1754,1370,1026,1026,1737,587,502,2581,1912,712,3
499,1742,1363,1029,1027,1735,586,497,2666,1913,712,3
500,1746,1365,1027,1027,1736,586,499,2762,1914,711,3
501,1762,1370,1027,1027,1735,584,500,2799,1912,712,3
502,1762,1369,1027,1027,1736,588,499,2783,1913,711,3
503,1752,1362,1026,1027,1736,587,498,2666,1911,711,3
504,1766,1360,1027,1027,1735,586,499,2580,1913,713,3
505,1771,1366,1028,1026,1735,587,499,2601,1912,710,3
506,1754,1353,1027,1025,1736,588,498,2702,1911,712,3
507,1755,1355,1026,1026,1736,588,501,2774,1911,711,3
508,1740,1364,1027,1026,1735,586,500,2803,1913,711,3
509,1753,1378,1026,1022,1735,587,500,2744,1913,712,3
510,1752,1378,1026,1026,1736,587,500,2626,1913,711,3
511,1762,1363,1018,1027,1736,588,500,2574,1912,712,3
512,1770,1365,1028,1026,1736,586,500,2634,1912,712,3
513,1755,1374,1025,1025,1737,587,500,2736,1912,710,3
514,1733,1364,1028,1026,1736,586,499,2795,1913,711,3
515,1760,1368,1028,1024,1735,588,498,2798,1912,711,3
516,1752,1360,1027,1025,1736,587,500,2688,1913,712,3
517,1756,1364,1025,1025,1734,588,500,2587,1913,712,3
518,1754,1354,1027,1026,1734,588,492,2585,1912,711,3
519,1740,1363,1027,1024,1736,588,498,2678,1912,711,3
520,1762,1366,1026,1026,1736,587,498,2766,1913,712,3
521,1755,1363,1026,1026,1737,587,499,2796,1912,712,3
522,1767,1363,1014,1026,1736,586,498,2770,1912,711,3
523,1752,1370,1027,1025,1734,587,499,2650,1913,710,3
524,1760,1367,1026,1024,1734,587,498,2576,1913,711,3
525,1755,1373,1026,1025,1736,587,500,2612,1914,711,3
526,1776,1367,1027,1026,1736,588,499,2714,1912,712,3
527,1753,1361,1026,1020,1736,589,499,2780,1911,711,3
528,1739,1364,1024,1024,1737,587,499,2801,1912,712,3
529,1752,1364,1028,1022,1736,587,498,2721,1913,710,3
530,1764,1366,1026,1022,1734,587,497,2609,1913,708,3
531,1752,1366,1028,1024,1736,586,498,2574,1913,712,3
532,1746,1368,1026,1021,1736,588,499,2651,1912,712,3
533,1757,1362,1026,1022,1737,589,498,2750,1911,710,3
534,1755,1357,1027,1024,1736,587,497,2792,1912,712,3
535,1754,1370,1027,1022,1736,587,498,2796,1912,713,3
536,1758,1372,1027,1021,1736,589,499,2680,1913,710,3
537,1753,1362,1026,1022,1736,589,497,2580,1912,710,3
538,1756,1350,1027,1021,1735,590,499,2591,1912,712,3
539,1760,1369,1027,1021,1736,586,498,2693,1912,712,3
540,1754,1364,1028,1021,1736,588,496,2764,1912,710,3
541,1752,1354,1026,1020,1736,588,498,2797,1912,710,3
542,1751,1366,1028,1024,1734,587,497,2762,1913,711,3
543,1755,1360,1026,1019,1736,587,496,2637,1911,711,3
544,1750,1354,1027,1019,1736,587,497,2571,1912,712,3
545,1752,1368,1028,1019,1733,588,497,2624,1912,711,3
546,1752,1360,1027,1020,1737,588,498,2730,1912,712,3
547,1772,1365,1028,1020,1736,588,498,2786,1912,710,3
548,1750,1365,1026,1020,1736,588,496,2800,1910,710,3
549,1758,1362,1027,1019,1736,589,496,2704,1913,710,3
550,1746,1362,1028,1019,1736,587,496,2598,1912,710,3
551,1734,1359,1024,1019,1736,589,497,2582,1911,712,3
552,1753,1377,1026,1018,1736,588,496,2661,1911,707,3
553,1753,1358,1027,1024,1737,588,494,2752,1910,711,3
554,1763,1369,1026,1019,1737,587,496,2798,1911,710,3
555,1754,1362,1027,1019,1736,590,497,2779,1912,711,3
556,1756,1371,1025,1018,1736,588,498,2668,1911,710,3
557,1751,1363,1026,1018,1736,589,495,2576,1912,711,3
558,1777,1366,1027,1018,1737,588,496,2599,1912,710,3
559,1742,1368,1026,1017,1736,588,495,2704,1912,709,3
560,1756,1381,1026,1019,1737,586,495,2775,1911,710,3
561,1755,1351,1026,1019,1737,587,489,2795,1912,711,3
562,1742,1362,1038,1018,1737,587,496,2744,1911,710,3
563,1762,1365,1024,1017,1736,588,496,2619,1910,709,3
564,1742,1359,1026,1018,1736,588,495,2572,1911,710,3
565,1757,1376,1028,1018,1735,587,500,2636,1911,710,3
566,1754,1354,1026,1016,1736,587,490,2731,1910,710,3
567,1740,1362,1026,1017,1736,586,496,2794,1910,711,3
568,1764,1366,1027,1015,1736,587,494,2791,1910,710,3
569,1739,1361,1027,1017,1737,588,493,2689,1911,710,3
570,1752,1359,1026,1018,1738,587,494,2584,1910,710,3
571,1752,1369,1026,1018,1736,588,495,2582,1911,710,3
572,1760,1367,1025,1017,1736,587,496,2675,1910,710,3
573,1750,1362,1027,1017,1738,587,494,2759,1910,710,3
574,1760,1370,1027,1017,1735,590,496,2800,1912,709,3
575,1758,1366,1027,1017,1736,587,495,2766,1910,709,3
576,1746,1364,1026,1015,1736,588,495,2647,1910,710,3
577,1753,1383,1026,1016,1736,587,494,2570,1910,711,3
578,1755,1370,1027,1016,1735,587,495,2605,1910,709,3
579,1755,1362,1027,1017,1737,586,495,2710,1911,710,3
580,1751,1362,1028,1016,1736,588,494,2778,1911,709,3
581,1753,1371,1027,1011,1737,587,495,2798,1910,710,3
582,1771,1362,1028,1016,1737,588,494,2720,1906,710,3
583,1731,1364,1026,1014,1738,587,494,2609,1911,710,3
584,1748,1363,1026,1015,1736,587,494,2570,1910,710,3
585,1746,1363,1027,1015,1736,588,494,2648,1912,710,3
586,1769,1363,1028,1015,1735,587,494,2743,1910,709,3
587,1753,1368,1026,1017,1736,587,494,2796,1910,710,3
588,1759,1364,1026,1015,1746,586,494,2786,1910,710,3
589,1746,1362,1028,1014,1738,587,494,2673,1909,710,3
590,1752,1361,1028,1014,1736,588,495,2581,1911,710,3
591,1752,1366,1026,1016,1733,588,494,2595,1910,709,3
592,1753,1379,1025,1014,1738,588,494,2691,1910,710,3
593,1755,1367,1027,1015,1736,588,495,2774,1909,710,3
594,1760,1363,1027,1014,1738,587,493,2794,1910,708,3
595,1751,1363,1028,1016,1736,586,494,2749,1910,710,3
596,1756,1363,1027,1014,1737,588,494,2624,1909,710,3
597,1752,1353,1027,1014,1736,589,493,2566,1909,710,3
598,1755,1364,1026,1013,1738,587,494,2615,1908,708,3
599,1754,1363,1028,1014,1737,587,493,2728,1910,709,3
600,1755,1362,1027,1013,1736,588,491,2788,1910,709,3
601,1755,1366,1027,1014,1733,588,493,2797,1909,709,3
602,1754,1367,1026,1016,1737,587,494,2702,1909,710,3
603,1756,1366,1027,1014,1736,588,492,2599,1909,710,3
604,1767,1365,1026,1012,1738,590,491,2576,1909,708,3
605,1752,1366,1026,1014,1736,587,493,2663,1910,709,3
606,1768,1365,1028,1013,1734,587,494,2754,1909,709,3
607,1751,1366,1026,1014,1734,586,493,2796,1910,709,3
608,1775,1368,1026,1014,1737,587,493,2775,1905,710,3
609,1764,1366,1026,1011,1736,588,492,2657,1909,709,3
610,1775,1363,1027,1012,1738,588,493,2570,1910,709,3
611,1761,1370,1027,1014,1737,587,495,2603,1909,709,3
612,1783,1368,1026,1013,1737,587,493,2703,1909,709,3
613,1758,1374,1026,1013,1738,587,499,2784,1908,708,3
614,1758,1366,1028,1013,1736,588,492,2801,1910,708,3
615,1752,1379,1026,1014,1738,587,492,2736,1910,708,3
616,1755,1366,1026,1013,1734,587,494,2616,1909,710,3
617,1753,1358,1026,1014,1736,587,492,2565,1909,708,3
618,1745,1364,1026,1013,1738,587,491,2639,1908,709,3
619,1751,1361,1027,1013,1738,587,493,2736,1910,709,3
620,1731,1364,1026,1011,1736,589,492,2792,1909,708,3
621,1755,1360,1026,1024,1737,588,490,2790,1909,710,3
622,1760,1364,1027,1013,1738,589,494,2682,1908,710,3
623,1754,1374,1027,1012,1738,589,493,2580,1908,708,3
624,1764,1364,1028,1012,1736,590,490,2584,1908,708,3
625,1752,1368,1026,1013,1735,590,492,2680,1910,708,3
626,1782,1366,1026,1014,1737,587,493,2761,1908,709,3
627,1739,1362,1037,1013,1738,587,492,2796,1909,708,3
628,1750,1362,1026,1012,1736,589,491,2761,1909,709,3
629,1758,1362,1027,1013,1737,588,491,2632,1908,708,3
630,1758,1370,1027,1011,1736,587,493,2567,1909,708,3
631,1762,1365,1026,1012,1737,587,492,2607,1909,708,3
632,1753,1365,1025,1013,1740,588,494,2719,1908,709,3
633,1749,1364,1026,1011,1738,588,492,2782,1907,708,3
634,1755,1362,1027,1011,1737,589,491,2797,1908,707,3
635,1758,1350,1027,1013,1737,588,493,2710,1908,707,3
636,1758,1363,1025,1012,1736,587,494,2598,1907,710,3
637,1755,1366,1026,1010,1734,587,491,2576,1908,709,3
638,1745,1365,1025,1011,1738,587,492,2650,1907,710,3
639,1756,1360,1028,1013,1737,587,492,2752,1909,708,3
640,1754,1344,1026,1011,1736,588,493,2792,1908,707,3
641,1760,1363,1027,1011,1736,586,492,2782,1907,708,3
642,1754,1364,1026,1012,1737,587,492,2666,1908,709,3
643,1752,1362,1027,1011,1738,588,491,2572,1907,708,3
644,1755,1358,1026,1013,1737,587,491,2592,1909,709,3
645,1758,1368,1025,1012,1738,589,491,2702,1907,708,3
646,1773,1366,1026,1012,1737,589,491,2767,1907,709,3
647,1742,1363,1027,1012,1738,586,492,2799,1908,709,3
648,1753,1352,1027,1010,1736,588,493,2742,1907,713,3
649,1764,1368,1027,1010,1738,588,491,2616,1907,708,3
650,1752,1364,1027,1011,1737,588,492,2567,1909,707,3
651,1750,1359,1028,1012,1737,588,490,2626,1908,708,3
652,1758,1369,1026,1010,1738,588,492,2733,1907,708,3
653,1755,1367,1027,1011,1732,587,492,2793,1907,708,3
654,1750,1360,1027,1011,1737,582,491,2792,1907,709,3
655,1764,1367,1026,1011,1738,595,490,2691,1907,708,3
656,1752,1368,1028,1012,1736,586,491,2590,1908,708,3
657,1753,1360,1027,1011,1738,587,490,2578,1907,708,3
658,1762,1368,1024,1010,1738,587,491,2671,1907,708,3
659,1756,1366,1028,1010,1737,588,491,2762,1906,708,3
660,1756,1362,1026,1010,1736,588,491,2791,1907,707,3
661,1718,1361,1027,1010,1734,588,491,2771,1907,708,3
662,1747,1363,1026,1012,1737,588,492,2643,1907,708,3
663,1755,1362,1025,1010,1738,587,490,2563,1907,707,3
664,1766,1366,1028,1011,1737,588,491,2604,1907,708,3
665,1751,1362,1028,1011,1737,580,491,2710,1908,709,3
666,1755,1362,1026,1010,1736,588,492,2777,1907,709,3
667,1752,1363,1027,1011,1734,588,491,2798,1907,708,3
668,1752,1360,1026,1010,1737,589,490,2721,1907,707,3
669,1757,1362,1028,1010,1742,590,491,2603,1907,707,3
670,1750,1363,1028,1010,1738,588,491,2569,1907,707,3
671,1754,1355,1026,1010,1738,589,485,2640,1907,708,3
672,1758,1382,1025,1010,1737,588,491,2746,1907,708,3
673,1740,1364,1026,1011,1738,589,490,2795,1906,707,3
674,1754,1372,1026,1008,1738,589,491,2786,1908,707,3
675,1754,1360,1027,1011,1738,587,491,2668,1907,709,3
676,1760,1366,1025,1011,1737,588,490,2578,1907,708,3
677,1753,1361,1027,1010,1738,588,491,2587,1907,708,3
678,1758,1363,1027,1009,1735,588,491,2683,1905,708,3
679,1759,1374,1026,1009,1738,589,493,2769,1907,707,3
680,1756,1347,1026,1010,1737,590,492,2794,1906,707,3
681,1767,1369,1027,1011,1738,588,491,2747,1906,708,3
682,1763,1363,1028,1009,1736,587,492,2630,1907,708,3
683,1756,1367,1025,1010,1737,589,490,2571,1907,708,3
684,1758,1364,1027,1009,1736,588,491,2614,1907,708,3
685,1762,1373,1027,1011,1738,588,498,2728,1906,707,3
686,1742,1361,1025,1011,1737,589,491,2786,1906,710,3
687,1785,1365,1027,1011,1738,587,492,2791,1906,708,3
688,1755,1365,1025,1010,1739,587,491,2698,1906,708,3
689,1758,1366,1027,1010,1738,589,490,2593,1907,707,3
690,1756,1354,1026,1011,1737,590,491,2574,1906,707,3
691,1770,1363,1027,1011,1737,589,491,2656,1902,708,3
692,1764,1366,1027,1010,1737,589,492,2755,1907,708,3
693,1755,1367,1026,1009,1733,589,490,2797,1906,707,3
694,1751,1360,1026,1009,1738,590,486,2772,1905,707,3
695,1756,1384,1027,1010,1738,589,490,2657,1907,708,3
696,1724,1359,1026,1010,1737,587,491,2571,1906,710,3
697,1754,1359,1027,1010,1738,589,490,2595,1906,708,3
698,1763,1364,1026,1008,1738,590,490,2704,1905,706,3
699,1758,1358,1027,1010,1738,589,491,2778,1906,707,3
700,1754,1366,1027,1009,1738,588,491,2800,1907,708,3
701,1750,1357,1026,1011,1737,588,490,2730,1906,708,3
702,1754,1387,1025,1010,1738,589,490,2613,1906,708,3
703,1766,1368,1026,1010,1738,590,489,2572,1906,706,3
704,1752,1355,1025,1017,1738,589,483,2630,1906,708,3
705,1770,1366,1027,1009,1738,589,490,2733,1907,708,3
706,1754,1361,1027,1010,1738,589,490,2786,1906,708,3
707,1751,1363,1024,1010,1738,587,491,2794,1906,710,3
708,1756,1347,1026,1007,1738,589,492,2678,1906,708,3
709,1783,1365,1028,1009,1737,589,491,2578,1906,707,3
710,1758,1370,1026,1000,1736,590,497,2590,1906,706,3
711,1739,1362,1027,1009,1737,588,490,2678,1906,708,3
712,1749,1362,1026,1010,1737,587,491,2760,1906,708,3
713,1762,1364,1026,1010,1738,589,490,2793,1906,707,3
714,1758,1359,1025,1009,1737,590,489,2765,1906,706,3
715,1751,1365,1028,1010,1740,588,491,2639,1906,707,3
716,1757,1352,1026,1007,1738,589,492,2566,1905,708,3
717,1753,1360,1025,1009,1738,589,490,2604,1905,709,3
718,1757,1374,1027,1008,1738,591,488,2722,1906,707,3
719,1731,1363,1026,1007,1738,589,490,2785,1904,708,3
720,1754,1356,1027,1010,1738,588,486,2791,1907,706,3
