Count,S1,S2,S3,S4,S5,S6,S7,S8,S9,S10,Flag
1,1987,1574,1172,1035,2051,656,520,2786,2076,752,0
2,1995,1563,1175,1036,2050,658,518,2670,2077,751,0
3,1997,1585,1174,1034,2050,658,520,2579,2078,752,0
4,1982,1570,1173,1033,2050,656,520,2596,2077,751,0
5,1989,1571,1173,1034,2050,656,519,2725,2076,751,0
6,2005,1572,1174,1032,2051,657,520,2782,2070,750,0
7,1999,1568,1174,1034,2050,656,520,2795,2077,753,0
8,1996,1574,1174,1033,2050,656,521,2712,2077,752,0
9,2034,1576,1172,1032,2050,656,520,2598,2075,751,0
10,1996,1558,1174,1034,2050,656,520,2574,2076,751,0
11,1998,1566,1172,1032,2051,655,518,2653,2076,752,0
12,1971,1572,1172,1032,2051,657,518,2748,2075,752,0
13,1995,1576,1173,1032,2050,657,520,2795,2076,752,0
14,1996,1567,1174,1032,2052,656,520,2782,2075,751,0
15,2002,1576,1174,1032,2050,656,521,2677,2076,749,0
16,1993,1562,1174,1034,2050,656,521,2579,2077,755,0
17,2006,1575,1172,1034,2051,657,518,2589,2078,750,0
18,1995,1571,1172,1034,2050,657,518,2684,2076,751,0
19,1995,1575,1172,1031,2051,658,520,2767,2075,752,0
20,1995,1569,1173,1032,2050,658,519,2794,2075,751,0
21,1999,1579,1173,1034,2051,656,520,2760,2076,747,1
22,1980,1570,1173,1032,2051,657,520,2635,2081,752,1
23,1998,1576,1174,1032,2051,656,520,2568,2078,752,1
24,1993,1568,1172,1033,2051,657,518,2605,2075,750,1
25,1984,1571,1174,1033,2051,658,518,2718,2076,750,1
26,2006,1575,1166,1033,2050,655,520,2779,2078,750,1
27,2001,1578,1174,1033,2050,656,518,2796,2076,752,1
28,1998,1576,1174,1032,2051,655,518,2723,2075,751,1
29,1995,1587,1173,1034,2050,654,518,2610,2076,752,1
30,1996,1571,1172,1033,2050,657,519,2576,2077,751,1
31,1997,1569,1174,1033,2050,656,518,2648,2077,751,1
32,1994,1574,1172,1034,2041,653,519,2746,2075,752,1
33,2010,1574,1173,1032,2048,656,520,2790,2077,749,1
34,1998,1574,1173,1033,2048,656,519,2793,2075,751,1
35,2003,1571,1174,1032,2050,658,518,2673,2077,750,1
36,1997,1572,1173,1034,2050,657,520,2586,2075,751,1
37,1995,1574,1173,1031,2050,656,518,2586,2075,751,1
38,1982,1572,1174,1033,2051,657,518,2680,2076,751,1
39,1998,1571,1175,1034,2050,656,518,2759,2077,750,1
40,1997,1574,1174,1035,2052,657,518,2795,2077,752,1
41,2002,1592,1173,1034,2051,657,518,2763,2076,748,1
42,1996,1576,1174,1034,2051,657,519,2637,2076,754,1
43,2000,1571,1174,1033,2050,658,518,2566,2076,751,1
44,1993,1569,1173,1034,2050,658,520,2607,2077,751,1
45,2002,1582,1175,1033,2050,656,519,2715,2078,751,1
46,2009,1574,1175,1034,2050,656,520,2777,2078,752,1
47,1980,1567,1172,1034,2051,655,521,2797,2083,753,1
48,2020,1572,1172,1034,2051,657,520,2722,2078,754,1
49,1994,1572,1172,1035,2051,656,522,2616,2075,754,1
50,1997,1568,1174,1034,2051,659,519,2571,2078,753,1
51,1994,1566,1175,1034,2050,652,522,2642,2078,753,1
52,2000,1576,1172,1034,2051,659,520,2742,2078,755,1
53,1994,1569,1174,1034,2052,659,522,2789,2076,754,1
54,1998,1574,1174,1034,2046,655,520,2795,2076,753,1
55,1998,1572,1174,1035,2057,657,520,2678,2078,754,1
56,1998,1564,1174,1035,2051,658,520,2582,2078,754,1
57,2000,1579,1174,1037,2051,656,522,2592,2078,755,1
58,1995,1564,1174,1036,2051,657,522,2675,2076,754,1
59,1998,1575,1174,1037,2043,654,521,2766,2078,755,1
60,1999,1569,1175,1037,2053,658,521,2792,2079,755,1
61,1998,1568,1174,1037,2050,658,523,2764,2080,754,1
62,2002,1578,1174,1038,2051,657,524,2648,2079,754,1
63,1993,1569,1174,1037,2051,656,521,2573,2079,754,1
64,1998,1574,1174,1037,2051,658,522,2614,2078,754,1
65,1999,1570,1174,1038,2052,656,521,2709,2080,754,1
66,2026,1574,1174,1039,2051,657,522,2776,2080,754,1
67,1979,1571,1174,1038,2052,657,523,2796,2080,756,1
68,2008,1576,1169,1038,2051,658,523,2727,2078,755,1
69,2000,1562,1173,1038,2051,656,518,2613,2081,755,1
70,2002,1580,1174,1038,2051,658,523,2579,2082,755,1
71,2000,1572,1174,1038,2055,658,523,2640,2082,755,1
72,2002,1575,1176,1041,2051,657,525,2745,2082,756,1
73,1999,1573,1174,1040,2052,656,523,2795,2079,757,1
74,2016,1573,1174,1039,2053,656,523,2791,2074,756,1
75,1995,1574,1176,1039,2053,656,523,2688,2082,757,1
76,2004,1580,1176,1041,2051,658,525,2593,2082,756,1
77,1998,1565,1174,1040,2053,657,524,2590,2082,756,1
78,2007,1574,1173,1040,2054,657,524,2681,2082,757,1
79,2000,1570,1176,1040,2051,658,523,2766,2081,756,1
80,2002,1561,1175,1040,2053,658,526,2792,2081,762,1
81,1993,1574,1174,1039,2052,658,523,2770,2082,756,1
82,2000,1574,1175,1042,2052,658,525,2644,2082,757,1
83,2003,1576,1176,1040,2052,656,524,2582,2082,758,1
84,1977,1571,1176,1042,2051,656,524,2614,2082,757,1
85,2009,1575,1173,1041,2053,656,525,2712,2082,757,1
86,2003,1568,1176,1042,2053,656,523,2778,2083,757,1
87,2006,1575,1174,1042,2053,658,524,2795,2082,758,1
88,2022,1576,1175,1040,2054,657,526,2727,2083,757,1
89,1999,1558,1175,1041,2054,658,527,2616,2083,758,1
90,2003,1579,1176,1042,2054,658,525,2582,2083,755,1
91,2006,1572,1177,1042,2053,658,525,2641,2083,757,1
92,2000,1579,1174,1042,2054,658,526,2738,2082,760,1
93,2004,1586,1174,1042,2054,657,528,2797,2082,758,1
94,2006,1573,1177,1041,2061,658,524,2790,2084,757,1
95,2002,1575,1175,1043,2053,657,527,2691,2082,759,1
96,1987,1574,1176,1041,2053,659,525,2592,2090,758,1
97,2005,1576,1175,1043,2054,658,526,2590,2083,760,1
98,2003,1578,1176,1041,2054,658,525,2686,2082,759,1
99,1976,1576,1175,1042,2054,658,525,2767,2084,757,1
100,2003,1575,1176,1042,2054,657,526,2800,2084,760,1
101,1979,1571,1177,1041,2054,658,526,2770,2084,759,1
102,2010,1576,1176,1043,2053,657,526,2648,2084,760,1
103,2001,1576,1175,1041,2056,656,525,2583,2083,759,1
104,1973,1574,1177,1041,2054,658,524,2614,2085,757,1
105,2014,1576,1171,1042,2055,657,526,2712,2083,758,1
106,1999,1567,1176,1041,2054,657,526,2778,2084,760,1
107,2006,1578,1175,1042,2055,658,527,2798,2084,760,1
108,2011,1576,1179,1042,2056,656,525,2731,2085,758,1
109,2002,1563,1178,1042,2054,657,526,2616,2085,759,1
110,2015,1576,1175,1042,2056,658,524,2581,2085,759,1
111,2007,1570,1178,1041,2056,658,524,2646,2084,759,1
112,2001,1571,1177,1042,2054,659,525,2738,2085,760,1
113,2016,1576,1176,1042,2054,657,526,2794,2085,761,1
114,2003,1570,1176,1042,2056,658,524,2794,2084,760,1
115,2002,1565,1176,1040,2056,660,526,2680,2086,760,1
116,2006,1578,1175,1039,2055,659,526,2594,2084,759,1
117,2005,1571,1178,1040,2054,658,525,2596,2084,758,1
118,2004,1574,1178,1040,2054,657,525,2679,2085,758,1
119,2008,1578,1178,1040,2056,657,527,2768,2085,758,1
120,2009,1590,1178,1041,2054,658,523,2799,2085,759,1
121,2010,1575,1176,1040,2056,657,524,2762,2084,760,2
122,2014,1583,1180,1044,2059,662,526,2646,2086,760,2
123,2016,1582,1180,1044,2059,661,524,2577,2086,760,2
124,2013,1580,1181,1041,2059,660,523,2614,2085,757,2
125,2018,1582,1181,1040,2058,662,523,2716,2085,758,2
126,2018,1582,1181,1038,2060,661,523,2781,2086,759,2
127,2016,1584,1179,1038,2059,660,524,2795,2084,758,2
128,2015,1580,1179,1036,2058,660,523,2722,2084,758,2
129,2011,1582,1180,1034,2058,660,523,2612,2085,758,2
130,2016,1584,1179,1033,2059,662,522,2577,2085,757,2
131,2011,1580,1179,1032,2059,660,522,2649,2085,755,2
132,2013,1580,1180,1034,2058,661,522,2744,2084,757,2
133,2014,1580,1178,1032,2058,659,522,2792,2083,758,2
134,2016,1581,1179,1030,2058,661,522,2789,2082,758,2
135,2014,1582,1179,1030,2058,660,521,2674,2084,755,2
136,2011,1577,1178,1028,2058,659,520,2581,2083,757,2
137,2011,1579,1179,1026,2058,661,520,2591,2083,756,2
138,2012,1582,1178,1026,2058,661,519,2683,2083,756,2
139,2015,1580,1178,1026,2058,661,520,2766,2082,756,2
140,2014,1582,1178,1026,2058,661,519,2795,2082,755,2
141,2016,1578,1179,1026,2057,660,518,2752,2082,755,2
142,2011,1579,1178,1026,2056,661,516,2630,2081,755,2
143,2012,1579,1176,1024,2058,660,518,2570,2080,754,2
144,2015,1578,1177,1025,2056,660,516,2615,2082,753,2
145,2016,1584,1178,1021,2055,660,515,2719,2081,754,2
146,2011,1579,1177,1021,2057,660,517,2782,2082,754,2
147,2018,1578,1178,1020,2057,659,517,2791,2082,754,2
148,2013,1577,1177,1020,2058,658,514,2704,2080,753,2
149,2014,1579,1177,1019,2057,661,515,2598,2078,752,2
150,2011,1578,1180,1019,2056,660,515,2573,2080,753,2
151,2016,1580,1177,1020,2056,660,515,2652,2080,753,2
152,2018,1579,1178,1019,2056,659,516,2747,2078,753,2
153,2011,1581,1177,1018,2056,660,514,2792,2076,752,2
154,2010,1579,1177,1018,2054,660,513,2779,2077,753,2
155,2012,1581,1179,1018,2055,659,512,2656,2080,753,2
156,2014,1580,1177,1018,2056,660,514,2568,2078,752,2
157,2014,1577,1177,1015,2056,661,514,2591,2077,752,2
158,2011,1579,1178,1017,2055,658,510,2703,2077,751,2
159,2010,1580,1177,1017,2054,660,509,2777,2077,751,2
160,2011,1579,1178,1016,2055,659,512,2792,2076,751,2
161,2013,1582,1177,1017,2055,659,512,2734,2076,750,2
162,2013,1578,1177,1016,2056,660,512,2611,2075,751,2
163,2010,1580,1178,1016,2054,659,509,2571,2074,749,2
164,2011,1582,1177,1016,2054,660,509,2631,2075,750,2
165,2010,1578,1179,1014,2053,660,508,2733,2076,750,2
166,2011,1579,1178,1016,2056,659,510,2792,2074,751,2
167,2014,1578,1177,1016,2054,658,510,2796,2074,750,2
168,2012,1579,1176,1015,2054,659,507,2691,2074,750,2
169,2010,1578,1176,1015,2055,659,508,2587,2074,750,2
170,2014,1579,1178,1015,2055,660,507,2580,2074,749,2
171,2010,1579,1178,1016,2053,659,507,2668,2073,749,2
172,2010,1578,1176,1018,2056,659,508,2762,2072,750,2
173,2012,1578,1176,1014,2055,659,508,2799,2074,748,2
174,2009,1578,1175,1015,2054,660,508,2764,2072,750,2
175,2011,1577,1176,1015,2055,659,507,2646,2073,749,2
176,2010,1578,1178,1016,2054,659,506,2566,2074,748,2
177,2011,1576,1176,1016,2054,660,507,2603,2073,749,2
178,2011,1579,1176,1014,2054,659,507,2715,2071,750,2
179,2009,1579,1175,1015,2054,660,508,2780,2072,750,2
180,2012,1575,1176,1017,2054,659,507,2800,2072,749,2
181,2014,1576,1176,1016,2054,659,506,2724,2072,747,2
182,2010,1579,1175,1014,2054,660,507,2604,2071,748,2
183,2011,1577,1176,1014,2055,660,506,2569,2071,749,2
184,2007,1578,1175,1014,2054,659,506,2642,2070,750,2
185,2013,1578,1177,1015,2053,660,506,2742,2070,746,2
186,2008,1580,1176,1016,2052,659,507,2795,2070,747,2
187,2008,1575,1176,1017,2053,658,506,2792,2070,750,2
188,2010,1578,1175,1016,2054,659,506,2673,2069,750,2
189,2006,1577,1175,1016,2054,659,506,2576,2070,748,2
190,2008,1574,1176,1017,2054,659,506,2587,2069,747,2
191,2006,1577,1175,1018,2052,659,505,2683,2070,747,2
192,2006,1578,1174,1015,2053,660,507,2768,2069,748,2
193,2008,1576,1175,1015,2054,659,506,2801,2069,748,2
194,2008,1576,1176,1017,2051,660,506,2757,2068,748,2
195,2008,1575,1176,1018,2052,659,506,2626,2068,747,2
196,2010,1576,1176,1019,2052,659,505,2564,2068,746,2
197,2011,1575,1176,1018,2052,659,505,2614,2067,747,2
198,2008,1578,1174,1019,2054,660,506,2723,2067,748,2
199,2011,1577,1176,1019,2051,658,505,2790,2067,747,2
200,2010,1578,1176,1018,2051,659,505,2797,2067,746,2
201,2006,1580,1176,1018,2051,658,506,2702,2067,747,2
202,2008,1574,1175,1019,2051,658,506,2594,2065,748,2
203,2008,1575,1174,1020,2051,659,506,2574,2066,746,2
204,2005,1576,1174,1019,2054,659,506,2658,2066,747,2
205,2010,1576,1175,1018,2052,660,504,2756,2065,746,2
206,2010,1575,1174,1020,2051,658,506,2798,2066,746,2
207,2006,1577,1175,1022,2051,658,506,2779,2065,747,2
208,2006,1577,1173,1020,2051,659,506,2653,2066,746,2
209,2003,1576,1173,1020,2051,658,506,2568,2066,746,2
210,2007,1576,1174,1021,2051,660,505,2597,2065,745,2
211,2010,1577,1174,1021,2050,660,504,2704,2065,746,2
212,2002,1576,1173,1020,2051,658,506,2777,2064,747,2
213,2003,1575,1176,1021,2050,658,505,2802,2064,746,2
214,2006,1576,1174,1024,2051,658,506,2733,2064,745,2
215,2004,1574,1175,1024,2051,659,505,2609,2064,746,2
216,2005,1574,1176,1025,2051,659,506,2566,2064,746,2
217,2007,1576,1175,1026,2052,657,507,2636,2065,747,2
218,2002,1577,1173,1026,2051,660,506,2738,2063,746,2
219,2002,1576,1173,1026,2051,658,506,2796,2063,746,2
220,2002,1575,1174,1026,2051,658,508,2794,2064,746,2
221,2004,1575,1175,1027,2049,659,506,2676,2063,745,2
222,1999,1575,1174,1027,2050,658,508,2576,2064,747,2
223,2002,1577,1173,1026,2051,659,506,2584,2064,746,2
224,2006,1578,1176,1026,2050,658,507,2682,2062,744,2
225,2003,1575,1174,1027,2050,659,506,2766,2062,745,2
226,2006,1576,1176,1029,2049,658,506,2800,2063,745,2
227,2002,1576,1175,1030,2050,658,508,2758,2062,746,2
228,2000,1575,1173,1028,2050,658,507,2631,2061,746,2
229,2002,1578,1174,1028,2050,658,508,2566,2063,746,2
230,1999,1574,1174,1029,2050,659,507,2612,2062,744,2
231,2002,1575,1174,1030,2051,657,508,2723,2062,746,2
232,2003,1578,1174,1031,2050,658,509,2787,2061,746,2
233,1998,1577,1172,1029,2050,658,508,2799,2060,746,2
234,1997,1577,1173,1031,2050,658,507,2706,2062,744,2
235,2002,1574,1175,1033,2050,658,507,2592,2062,744,2
236,2002,1576,1173,1031,2050,658,507,2575,2062,745,2
237,2002,1574,1174,1032,2050,658,509,2658,2062,746,2
238,1997,1578,1173,1032,2048,658,509,2760,2059,745,2
239,1997,1575,1173,1033,2050,658,509,2800,2060,746,2
240,1999,1574,1172,1032,2050,657,509,2782,2059,746,2
241,2002,1577,1174,1032,2049,656,510,2652,2060,746,2
242,1997,1573,1172,1034,2048,657,510,2569,2059,744,2
243,1999,1577,1174,1033,2050,657,512,2594,2060,744,2
244,1995,1574,1171,1034,2049,657,508,2711,2058,746,2
245,2002,1577,1174,1034,2048,658,512,2772,2061,744,2
246,1996,1575,1173,1035,2048,658,509,2796,2059,744,2
247,1995,1572,1172,1036,2048,657,512,2723,2059,745,2
248,1998,1574,1174,1034,2050,657,512,2603,2059,746,2
249,1994,1571,1171,1035,2046,654,512,2564,2058,746,2
250,1998,1574,1172,1037,2048,657,512,2634,2060,744,2
251,1995,1572,1171,1038,2050,656,513,2738,2060,746,2
252,1994,1575,1172,1039,2047,654,512,2788,2059,746,2
253,1994,1572,1172,1037,2048,655,512,2788,2058,746,2
254,1998,1574,1172,1038,2049,656,512,2666,2058,746,2
255,1995,1572,1171,1038,2044,654,513,2571,2059,745,2
256,1998,1572,1173,1041,2048,655,512,2584,2059,744,2
257,1993,1576,1171,1039,2045,654,514,2682,2057,744,2
258,1994,1574,1172,1041,2046,654,512,2766,2058,746,2
259,1996,1572,1171,1040,2048,656,513,2796,2058,744,2
260,1996,1570,1174,1041,2045,654,514,2743,2059,744,2
261,1998,1570,1172,1042,2048,656,514,2616,2058,745,2
262,1993,1573,1171,1041,2046,655,514,2562,2058,746,2
263,1994,1572,1171,1042,2046,652,514,2617,2058,746,2
264,1998,1574,1171,1041,2046,654,514,2727,2058,744,2
265,1995,1574,1172,1042,2043,653,512,2785,2058,743,2
266,1992,1573,1173,1043,2044,654,513,2790,2058,744,2
267,1992,1574,1171,1043,2044,654,515,2685,2057,745,2
268,1994,1572,1171,1044,2045,653,515,2582,2058,746,2
269,1994,1578,1171,1044,2046,655,515,2578,2058,744,2
270,1993,1572,1171,1045,2043,654,514,2666,2058,743,2
271,1994,1572,1174,1046,2043,654,515,2760,2058,743,2
272,1995,1570,1172,1047,2044,653,514,2794,2058,745,2
273,1992,1576,1170,1048,2043,654,515,2762,2058,746,2
274,1995,1570,1171,1047,2046,653,515,2636,2056,744,2
275,1996,1571,1171,1048,2043,655,515,2562,2058,744,2
276,1994,1574,1171,1048,2044,654,515,2606,2057,743,2
277,1995,1572,1171,1048,2044,653,516,2714,2058,745,2
278,1992,1576,1171,1050,2042,652,517,2783,2058,744,2
279,1992,1573,1171,1049,2043,653,518,2795,2056,744,2
280,1992,1571,1171,1049,2043,654,516,2705,2058,743,2
281,1995,1570,1172,1051,2043,654,517,2594,2058,743,2
282,1994,1573,1172,1051,2044,651,517,2571,2058,745,2
283,1991,1571,1170,1051,2045,653,518,2654,2057,744,2
284,1994,1571,1172,1051,2043,653,518,2753,2057,745,2
285,1992,1571,1172,1051,2043,654,518,2794,2058,743,2
286,1995,1571,1170,1053,2043,654,515,2778,2056,747,2
287,1990,1571,1171,1053,2043,653,520,2650,2058,746,2
288,1990,1571,1171,1054,2042,652,518,2568,2057,744,2
289,1993,1572,1171,1054,2043,654,520,2598,2057,742,2
290,1993,1571,1171,1054,2041,654,516,2706,2057,744,2
291,1994,1571,1171,1056,2043,654,518,2776,2058,744,2
292,1992,1573,1170,1056,2043,653,519,2797,2057,744,2
293,1989,1570,1171,1058,2042,653,519,2726,2058,744,2
294,1987,1573,1170,1057,2043,653,520,2607,2056,746,2
295,1992,1572,1171,1059,2041,654,520,2568,2058,744,2
296,1990,1572,1171,1059,2042,651,520,2642,2057,744,2
297,1992,1571,1169,1059,2042,652,520,2744,2057,745,2
298,1986,1570,1169,1059,2042,652,518,2794,2056,744,2
299,1988,1572,1170,1058,2040,654,520,2790,2056,744,2
300,1990,1570,1170,1061,2041,651,519,2666,2058,744,2
301,1989,1570,1172,1061,2042,654,521,2574,2058,743,2
302,1990,1568,1168,1062,2042,651,521,2593,2058,745,2
303,1990,1574,1170,1060,2043,653,522,2696,2055,744,2
304,1991,1573,1170,1062,2040,652,522,2770,2056,744,2
305,1990,1570,1170,1062,2041,653,521,2798,2058,744,2
306,1989,1570,1170,1064,2042,654,522,2740,2056,744,2
307,1987,1570,1169,1062,2042,652,522,2617,2058,744,2
308,1990,1570,1170,1063,2041,652,522,2570,2056,746,2
309,1990,1571,1171,1064,2040,652,523,2632,2057,745,2
310,1990,1569,1167,1064,2042,651,523,2736,2058,746,2
311,1987,1572,1170,1065,2041,652,523,2792,2058,745,2
312,1987,1569,1169,1067,2041,653,523,2792,2056,746,2
313,1986,1572,1170,1066,2040,653,523,2682,2057,745,2
314,1987,1570,1171,1066,2042,652,522,2582,2056,746,2
315,1990,1570,1171,1067,2041,652,525,2586,2058,744,2
316,1985,1570,1170,1067,2040,651,524,2682,2058,743,2
317,1988,1570,1169,1070,2040,651,526,2766,2056,745,2
318,1986,1572,1168,1069,2042,652,524,2799,2056,745,2
319,1986,1570,1170,1070,2040,652,524,2757,2057,745,2
320,1988,1571,1170,1069,2040,652,526,2630,2057,745,2
321,1986,1566,1168,1070,2040,652,525,2570,2058,746,3
322,1946,1562,1163,1065,2035,651,524,2620,2057,746,3
323,1974,1562,1167,1067,2034,650,525,2724,2056,744,3
324,1971,1555,1165,1074,2035,650,526,2792,2055,747,3
325,1975,1556,1168,1075,2035,649,526,2799,2056,745,3
326,1976,1567,1166,1080,2035,649,530,2702,2056,746,3
327,1971,1561,1167,1082,2035,650,527,2596,2057,747,3
328,1978,1556,1165,1085,2035,649,527,2585,2056,747,3
329,1965,1562,1165,1088,2035,651,526,2672,2057,746,3
330,1973,1561,1168,1090,2035,649,528,2767,2057,748,3
331,1977,1559,1166,1092,2035,649,530,2798,2058,748,3
332,2010,1564,1167,1096,2035,649,530,2776,2058,749,3
333,1971,1567,1165,1099,2036,650,530,2654,2057,747,3
334,1982,1586,1166,1099,2036,650,530,2574,2058,747,3
335,1984,1563,1167,1102,2037,649,530,2612,2059,748,3
336,1976,1568,1167,1105,2035,650,533,2728,2058,748,3
337,1960,1562,1170,1105,2036,650,531,2787,2060,747,3
338,1980,1562,1167,1108,2037,649,533,2802,2059,747,3
339,1978,1561,1168,1108,2038,650,534,2724,2059,750,3
340,1979,1566,1168,1110,2038,649,534,2607,2059,750,3
341,1980,1554,1168,1111,2038,651,534,2589,2059,748,3
342,1984,1559,1170,1110,2039,649,534,2666,2059,749,3
343,1981,1561,1168,1110,2036,650,536,2764,2059,750,3
344,1982,1563,1169,1110,2038,651,534,2803,2059,750,3
345,1976,1567,1169,1110,2036,650,533,2787,2061,749,3
346,1987,1566,1179,1110,2037,650,538,2668,2061,750,3
347,1985,1562,1170,1110,2038,649,535,2587,2062,750,3
348,1986,1574,1170,1108,2037,650,535,2616,2062,750,3
349,1988,1556,1169,1106,2036,650,535,2710,2061,750,3
350,1981,1566,1164,1106,2036,650,538,2787,2061,750,3
351,1989,1582,1168,1105,2036,649,537,2807,2062,750,3
352,1986,1562,1169,1104,2038,650,536,2743,2062,751,3
353,1990,1566,1169,1102,2036,651,536,2627,2063,750,3
354,1995,1562,1170,1100,2037,650,536,2586,2063,750,3
355,1987,1562,1171,1100,2037,650,535,2649,2062,749,3
356,1986,1568,1170,1098,2036,644,536,2750,2063,750,3
357,1988,1564,1170,1098,2038,649,536,2803,2063,751,3
358,1984,1566,1170,1096,2038,652,534,2796,2064,750,3
359,1985,1583,1170,1094,2038,650,536,2688,2063,752,3
360,1971,1563,1170,1093,2038,650,535,2587,2064,751,3
361,2014,1566,1169,1094,2038,650,536,2606,2064,752,3
362,1990,1566,1168,1091,2038,659,536,2703,2062,752,3
363,1986,1589,1170,1089,2038,652,536,2779,2064,751,3
364,1960,1563,1170,1089,2036,651,535,2802,2064,750,3
365,1991,1570,1169,1088,2038,650,536,2753,2065,752,3
366,1969,1564,1170,1088,2037,652,534,2632,2065,752,3
367,1993,1570,1170,1082,2038,650,536,2586,2066,753,3
368,1988,1563,1168,1086,2038,652,536,2640,2066,754,3
369,1998,1568,1170,1083,2036,651,543,2742,2066,752,3
370,1990,1566,1170,1081,2037,651,537,2794,2066,753,3
371,1963,1564,1168,1082,2038,651,538,2795,2066,753,3
372,1996,1566,1170,1079,2038,651,535,2700,2066,751,3
373,1967,1565,1169,1081,2038,651,536,2595,2065,752,3
374,1990,1562,1170,1079,2037,650,536,2600,2067,751,3
375,1975,1566,1170,1079,2036,651,536,2682,2065,752,3
376,1998,1569,1170,1078,2037,651,534,2770,2067,752,3
377,1990,1571,1169,1075,2038,651,534,2806,2064,754,3
378,1977,1563,1170,1075,2037,652,536,2770,2066,752,3
379,1986,1564,1171,1075,2040,650,534,2642,2068,749,3
380,1992,1564,1169,1074,2038,652,540,2586,2066,752,3
381,1995,1566,1168,1074,2038,650,533,2626,2066,754,3
382,1998,1568,1168,1072,2038,651,533,2732,2066,753,3
383,1994,1569,1169,1072,2038,651,534,2793,2066,754,3
384,1987,1568,1170,1070,2038,651,536,2798,2067,752,3
385,1976,1566,1170,1071,2037,650,534,2710,2066,754,3
386,1987,1564,1170,1070,2038,651,535,2604,2066,753,3
387,1950,1563,1168,1069,2039,651,532,2594,2066,753,3
388,1986,1580,1170,1063,2037,651,530,2669,2068,751,3
389,1985,1561,1168,1068,2038,651,531,2763,2066,754,3
390,2024,1569,1171,1067,2038,650,531,2798,2066,752,3
391,1984,1563,1168,1066,2035,651,531,2778,2067,752,3
392,1963,1566,1168,1066,2035,650,531,2667,2066,752,3
393,1989,1566,1169,1066,2036,650,531,2581,2067,754,3
394,1984,1562,1170,1067,2035,651,531,2608,2068,752,3
395,1949,1566,1169,1066,2037,650,530,2722,2067,751,3
396,1987,1563,1167,1066,2037,650,531,2786,2067,752,3
397,1990,1568,1169,1063,2038,651,522,2795,2066,752,3
398,1989,1565,1170,1062,2038,653,530,2731,2067,753,3
399,1990,1548,1170,1072,2036,652,529,2613,2067,751,3
400,1986,1562,1169,1062,2036,651,527,2584,2066,751,3
401,1988,1570,1171,1062,2036,652,529,2651,2068,752,3
402,1994,1565,1170,1062,2039,650,529,2746,2067,753,3
403,1991,1573,1170,1059,2037,652,529,2798,2067,753,3
404,1984,1555,1171,1061,2038,651,529,2790,2067,752,3
405,1992,1563,1169,1060,2037,650,528,2678,2066,747,3
406,1974,1566,1170,1060,2037,650,528,2584,2066,752,3
407,1986,1571,1170,1059,2038,650,527,2597,2067,753,3
408,1988,1561,1170,1058,2037,651,528,2696,2067,751,3
409,1985,1555,1169,1058,2038,651,527,2774,2066,753,3
410,1990,1571,1168,1058,2038,650,527,2800,2066,752,3
411,1984,1569,1169,1056,2038,652,529,2746,2066,751,3
412,1988,1568,1169,1055,2038,653,527,2622,2066,752,3
413,1987,1550,1170,1065,2035,651,527,2571,2068,752,3
414,2002,1568,1169,1054,2037,651,527,2630,2067,751,3
415,1999,1568,1169,1055,2035,651,525,2734,2067,752,3
416,1985,1562,1169,1054,2038,651,527,2794,2067,752,3
417,1987,1563,1170,1053,2038,651,526,2798,2066,752,3
418,1988,1563,1169,1056,2038,652,526,2688,2067,751,3
419,1988,1562,1170,1055,2038,652,526,2588,2066,751,3
420,1985,1562,1170,1054,2037,651,526,2593,2066,748,3
421,1984,1562,1169,1054,2036,652,526,2686,2067,750,3
422,1994,1564,1170,1052,2038,651,525,2762,2067,751,3
423,1982,1562,1170,1051,2036,651,524,2795,2066,751,3
424,1979,1564,1170,1051,2036,650,525,2763,2067,752,3
425,1984,1567,1170,1050,2037,652,522,2634,2066,752,3
426,1985,1566,1170,1051,2037,650,524,2569,2067,752,3
427,1963,1562,1171,1049,2038,651,524,2618,2067,752,3
428,1987,1562,1169,1050,2038,653,530,2729,2067,751,3
429,1988,1566,1169,1050,2037,652,526,2787,2067,751,3
430,1986,1560,1170,1050,2038,652,525,2794,2067,752,3
431,1987,1547,1170,1049,2036,652,524,2703,2067,751,3
432,1994,1564,1171,1050,2038,651,524,2599,2067,753,3
433,1989,1562,1169,1049,2038,652,523,2576,2066,753,3
434,1978,1563,1168,1049,2037,651,526,2659,2067,753,3
435,1982,1566,1169,1049,2032,652,524,2764,2065,752,3
436,1993,1571,1169,1050,2038,652,526,2798,2066,753,3
437,2004,1569,1170,1047,2038,651,524,2771,2066,752,3
438,1976,1562,1170,1050,2027,653,524,2657,2067,751,3
439,1987,1570,1170,1048,2038,652,524,2575,2067,752,3
440,1979,1559,1170,1049,2035,651,523,2606,2068,751,3
441,1982,1569,1169,1048,2035,652,524,2712,2067,752,3
442,1987,1562,1169,1048,2037,653,523,2782,2066,754,3
443,1987,1568,1170,1049,2037,653,525,2794,2068,757,3
444,1994,1566,1168,1048,2036,653,524,2724,2068,752,3
445,1981,1558,1169,1048,2036,652,525,2610,2068,752,3
446,1968,1568,1169,1049,2036,652,525,2581,2067,752,3
447,2008,1566,1168,1048,2037,652,525,2647,2068,752,3
448,1994,1566,1171,1049,2036,651,523,2750,2068,751,3
449,1993,1565,1169,1048,2041,651,525,2790,2068,751,3
450,1962,1560,1170,1050,2035,650,525,2791,2068,753,3
451,1992,1564,1168,1050,2037,651,526,2666,2068,752,3
452,1962,1563,1168,1049,2038,651,526,2582,2069,754,3
453,1984,1560,1170,1050,2037,654,525,2597,2068,753,3
454,1991,1564,1169,1048,2038,652,526,2700,2067,755,3
455,1988,1554,1168,1048,2037,651,526,2770,2068,753,3
456,1990,1571,1169,1049,2037,652,527,2800,2068,752,3
457,1986,1569,1168,1049,2037,651,526,2742,2067,752,3
458,2004,1568,1170,1048,2036,652,525,2622,2069,751,3
459,1966,1563,1175,1049,2036,653,526,2578,2068,754,3
460,1988,1555,1168,1054,2036,652,525,2632,2070,753,3
461,1990,1574,1168,1050,2037,652,526,2738,2069,754,3
462,1984,1565,1167,1050,2034,652,527,2795,2070,753,3
463,1981,1559,1169,1049,2038,648,527,2790,2070,754,3
464,1991,1570,1170,1050,2036,654,522,2688,2070,752,3
465,1981,1566,1169,1050,2037,652,529,2598,2070,753,3
466,2006,1570,1165,1052,2036,652,526,2592,2072,752,3
467,1988,1562,1169,1050,2037,651,534,2685,2071,753,3
468,1954,1564,1170,1051,2035,651,526,2766,2070,753,3
469,1987,1559,1170,1051,2037,651,529,2798,2070,754,3
470,1992,1562,1171,1051,2038,650,529,2762,2070,753,3
471,1948,1558,1169,1050,2037,650,527,2642,2070,754,3
472,1987,1566,1168,1051,2037,651,530,2584,2070,754,3
473,1990,1558,1169,1055,2037,651,528,2616,2070,753,3
474,1990,1563,1168,1050,2036,651,528,2726,2069,755,3
475,1987,1572,1169,1050,2037,649,528,2790,2070,753,3
476,1985,1567,1167,1050,2037,651,530,2794,2070,754,3
477,1989,1556,1169,1049,2038,652,528,2710,2070,753,3
478,1996,1562,1168,1051,2037,652,528,2602,2068,752,3
479,1990,1582,1170,1050,2036,651,531,2590,2070,753,3
480,1990,1570,1169,1050,2035,650,528,2669,2070,752,3
481,1990,1570,1170,1050,2035,651,529,2758,2072,754,3
482,1985,1549,1168,1049,2039,651,526,2794,2070,754,3
483,1986,1560,1169,1051,2036,643,530,2776,2071,754,3
484,1984,1561,1169,1049,2038,652,528,2656,2071,753,3
485,1986,1560,1168,1051,2037,649,528,2582,2072,754,3
486,1970,1565,1169,1051,2035,651,528,2612,2072,753,3
487,1971,1563,1168,1050,2038,651,528,2715,2071,754,3
488,1985,1567,1169,1049,2032,650,528,2784,2071,753,3
489,1981,1555,1168,1049,2038,652,530,2795,2071,754,3
490,1981,1558,1169,1050,2036,644,528,2732,2072,754,3
491,1987,1566,1168,1051,2040,651,528,2616,2072,753,3
492,1990,1564,1167,1049,2039,651,530,2580,2071,754,3
493,1988,1563,1168,1051,2038,652,530,2646,2072,754,3
494,1991,1574,1170,1048,2037,652,528,2750,2072,755,3
495,1988,1573,1170,1050,2037,651,529,2798,2072,754,3
496,1965,1562,1168,1050,2037,651,530,2794,2072,754,3
497,1968,1563,1170,1049,2038,651,528,2681,2072,753,3
498,1949,1560,1169,1049,2037,651,527,2586,2072,753,3
499,1987,1567,1169,1050,2036,651,530,2605,2072,755,3
500,1987,1566,1169,1049,2036,651,528,2702,2073,753,3
501,1990,1544,1168,1050,2036,651,531,2771,2072,754,3
502,1988,1569,1169,1048,2038,651,531,2797,2072,753,3
503,1984,1562,1170,1050,2035,653,528,2755,2073,753,3
504,1990,1547,1169,1049,2037,653,522,2634,2072,753,3
505,1989,1567,1168,1050,2037,651,530,2575,2072,754,3
506,1988,1558,1170,1050,2036,651,528,2632,2073,754,3
507,1986,1568,1168,1048,2037,651,529,2734,2072,754,3
508,1985,1565,1168,1047,2036,651,530,2796,2072,754,3
509,1989,1544,1168,1050,2037,651,529,2794,2073,752,3
510,1983,1564,1168,1051,2037,650,530,2698,2073,754,3
511,1986,1544,1168,1049,2037,650,530,2594,2073,753,3
512,1987,1566,1170,1048,2038,650,529,2597,2074,753,3
513,1973,1565,1168,1047,2037,651,528,2680,2072,754,3
514,1980,1563,1168,1049,2027,652,527,2768,2072,752,3
515,1955,1564,1168,1049,2036,652,527,2802,2073,752,3
516,1974,1566,1167,1046,2036,652,527,2770,2073,752,3
517,1992,1566,1166,1048,2037,650,529,2647,2074,753,3
518,1990,1562,1169,1049,2035,652,527,2578,2072,753,3
519,1989,1576,1168,1049,2036,652,532,2621,2072,754,3
520,1990,1565,1169,1048,2036,651,529,2721,2073,752,3
521,1989,1561,1168,1048,2038,651,528,2781,2073,755,3
522,2003,1563,1170,1048,2038,650,529,2796,2074,752,3
523,1985,1551,1170,1049,2037,653,526,2709,2074,754,3
524,1984,1556,1168,1046,2035,650,529,2606,2073,753,3
525,1988,1567,1168,1049,2037,650,528,2590,2074,754,3
526,1987,1566,1167,1048,2037,651,528,2666,2074,754,3
527,1958,1564,1167,1047,2038,651,527,2759,2076,754,3
528,1985,1561,1168,1046,2038,652,528,2798,2073,754,3
529,1986,1587,1168,1047,2038,652,526,2781,2072,754,3
530,1995,1564,1169,1046,2035,651,527,2661,2074,752,3
531,1998,1566,1170,1046,2036,651,527,2577,2073,752,3
532,1987,1555,1167,1044,2037,651,526,2605,2074,754,3
533,1984,1566,1170,1047,2037,651,526,2712,2074,752,3
534,1978,1563,1176,1046,2037,652,526,2781,2073,752,3
535,1988,1578,1169,1047,2036,652,528,2804,2074,752,3
536,1986,1579,1170,1047,2037,650,526,2735,2074,754,3
537,2002,1564,1170,1047,2038,653,528,2616,2072,752,3
538,1989,1545,1169,1045,2038,652,527,2574,2072,754,3
539,1987,1568,1169,1045,2038,653,527,2644,2073,753,3
540,1995,1564,1170,1046,2037,652,527,2747,2072,752,3
541,1991,1566,1169,1046,2036,652,527,2794,2073,754,3
542,1990,1562,1169,1045,2038,652,526,2788,2072,754,3
543,1986,1558,1169,1045,2036,651,526,2673,2072,753,3
544,1989,1544,1168,1046,2037,653,526,2586,2074,753,3
545,1957,1562,1168,1046,2037,650,526,2600,2074,754,3
546,1992,1568,1170,1046,2038,651,526,2696,2073,754,3
547,1990,1563,1167,1044,2039,650,527,2768,2073,753,3
548,1986,1556,1168,1043,2037,652,526,2794,2072,754,3
549,1988,1568,1168,1043,2037,652,526,2744,2074,752,3
550,1994,1568,1168,1044,2038,652,525,2627,2073,754,3
551,1987,1572,1168,1037,2036,653,529,2579,2073,754,3
552,2005,1568,1167,1044,2038,653,526,2630,2073,752,3
553,1988,1570,1169,1043,2037,653,525,2736,2074,754,3
554,1978,1565,1168,1042,2038,652,526,2792,2073,753,3
555,1989,1560,1168,1043,2038,652,525,2796,2074,754,3
556,1986,1563,1169,1044,2038,652,526,2690,2074,754,3
557,1986,1546,1167,1042,2038,652,523,2589,2074,753,3
558,1995,1566,1169,1043,2036,651,524,2592,2074,750,3
559,1987,1578,1170,1043,2037,651,530,2680,2074,753,3
560,2020,1563,1170,1044,2038,652,525,2760,2073,753,3
561,1988,1558,1168,1046,2036,654,524,2795,2073,754,3
562,1958,1563,1169,1043,2038,651,525,2767,2074,754,3
563,1987,1565,1168,1042,2037,652,526,2638,2072,754,3
564,1979,1562,1168,1043,2036,651,523,2571,2074,751,3
565,1982,1565,1168,1043,2038,651,524,2617,2072,753,3
566,1994,1570,1168,1044,2035,652,524,2723,2073,752,3
567,1994,1564,1168,1042,2038,652,523,2781,2074,753,3
568,1985,1566,1170,1043,2035,652,525,2798,2074,752,3
569,1963,1562,1169,1043,2036,652,524,2712,2074,752,3
570,1987,1563,1169,1043,2042,654,522,2601,2072,753,3
571,1980,1564,1168,1042,2035,654,524,2579,2073,752,3
572,1971,1562,1178,1042,2038,651,522,2662,2074,753,3
573,1990,1565,1167,1041,2038,652,523,2752,2072,753,3
574,1975,1563,1170,1042,2037,653,523,2792,2073,751,3
575,1976,1563,1169,1042,2035,652,524,2782,2072,751,3
576,1990,1570,1169,1042,2038,652,526,2662,2073,752,3
577,1982,1560,1170,1041,2038,650,524,2573,2074,753,3
578,1973,1566,1168,1040,2038,653,523,2606,2072,753,3
579,1989,1572,1170,1041,2036,652,527,2712,2073,752,3
580,1981,1559,1170,1042,2038,651,524,2774,2074,753,3
581,1986,1570,1169,1042,2037,651,524,2800,2072,754,3
582,1987,1568,1170,1042,2038,650,523,2732,2073,753,3
583,1990,1554,1168,1041,2038,652,520,2610,2074,753,3
584,1982,1566,1168,1041,2039,652,522,2578,2074,753,3
585,1987,1562,1169,1041,2036,652,523,2642,2073,752,3
586,1981,1564,1167,1042,2038,651,524,2740,2072,754,3
587,1962,1564,1168,1042,2039,652,523,2794,2073,753,3
588,1999,1564,1162,1038,2038,652,523,2786,2072,751,3
589,1985,1551,1170,1040,2036,654,524,2672,2074,751,3
590,1991,1571,1169,1039,2037,652,525,2576,2072,752,3
591,1990,1563,1168,1040,2046,652,523,2594,2072,751,3
592,1986,1564,1166,1038,2037,651,523,2698,2073,751,3
593,1987,1563,1167,1039,2038,654,523,2765,2070,753,3
594,1982,1564,1170,1040,2037,654,523,2795,2072,751,3
595,1995,1568,1168,1039,2038,654,522,2748,2072,752,3
596,1987,1562,1169,1040,2037,654,523,2620,2072,752,3
597,1988,1568,1168,1039,2038,654,523,2579,2071,752,3
598,1991,1562,1169,1039,2035,655,522,2634,2072,751,3
599,2024,1569,1170,1039,2038,653,522,2729,2073,751,3
600,1947,1564,1168,1040,2037,653,522,2792,2072,753,3
601,1987,1562,1167,1039,2037,653,522,2788,2072,752,3
602,1988,1567,1168,1039,2037,653,522,2696,2072,754,3
603,1991,1562,1168,1039,2037,654,522,2584,2073,751,3
604,1981,1561,1168,1038,2037,654,523,2586,2072,751,3
605,1993,1569,1169,1039,2035,652,522,2678,2073,752,3
606,1988,1564,1168,1038,2036,652,522,2759,2073,752,3
607,1987,1565,1170,1038,2035,652,522,2798,2073,752,3
608,1990,1563,1169,1038,2043,652,522,2758,2072,752,3
609,1986,1555,1170,1036,2036,652,515,2635,2074,752,3
610,1988,1573,1167,1039,2037,653,522,2570,2071,752,3
611,2003,1563,1168,1039,2037,651,522,2610,2070,752,3
612,1956,1562,1167,1036,2038,653,521,2723,2071,752,3
613,1980,1562,1169,1038,2036,654,522,2781,2072,749,3
614,1985,1568,1170,1038,2036,651,521,2798,2072,752,3
615,1991,1566,1170,1039,2042,652,522,2707,2072,750,3
616,1985,1551,1170,1037,2037,652,524,2599,2073,755,3
617,1986,1563,1168,1038,2038,651,520,2582,2073,751,3
618,1990,1566,1168,1038,2036,651,523,2666,2072,751,3
619,1992,1565,1169,1037,2038,651,521,2757,2071,751,3
620,1986,1557,1167,1038,2038,654,520,2792,2072,752,3
621,1970,1564,1169,1038,2037,652,522,2778,2072,751,3
622,2020,1565,1167,1037,2038,651,521,2656,2072,750,3
623,1995,1566,1168,1038,2036,653,521,2577,2072,751,3
624,1992,1564,1169,1037,2037,651,521,2602,2072,752,3
625,1971,1563,1168,1037,2036,652,520,2711,2072,752,3
626,1987,1563,1168,1038,2036,652,521,2773,2072,751,3
627,1984,1565,1168,1037,2032,654,519,2799,2070,752,3
628,1996,1562,1168,1036,2038,652,519,2724,2071,751,3
629,1986,1567,1167,1037,2038,653,520,2616,2071,751,3
630,1989,1563,1167,1037,2038,653,522,2575,2071,751,3
631,1988,1547,1169,1037,2037,653,522,2640,2072,751,3
632,1986,1564,1169,1037,2038,652,520,2742,2070,752,3
633,1986,1564,1167,1037,2033,653,521,2796,2072,751,3
634,1986,1584,1169,1035,2036,654,519,2790,2072,751,3
635,1986,1564,1167,1038,2037,654,522,2676,2072,751,3
636,1987,1571,1167,1038,2038,653,528,2583,2072,751,3
637,1985,1570,1169,1036,2038,652,521,2596,2071,751,3
638,1991,1565,1168,1035,2038,653,519,2689,2071,750,3
639,1988,1541,1169,1037,2037,652,522,2767,2073,752,3
640,1986,1563,1167,1035,2036,654,521,2794,2072,751,3
641,1988,1552,1167,1038,2036,654,522,2744,2072,753,3
642,1984,1562,1168,1036,2038,653,522,2620,2070,752,3
643,1982,1567,1168,1037,2038,652,520,2572,2072,751,3
644,1985,1562,1169,1035,2037,654,519,2624,2070,750,3
645,1981,1564,1167,1035,2038,654,520,2734,2072,751,3
646,1988,1562,1168,1038,2037,652,521,2784,2072,751,3
647,1979,1563,1170,1034,2037,652,521,2794,2072,751,3
648,2014,1564,1169,1036,2037,654,521,2684,2071,750,3
649,1977,1562,1168,1035,2038,652,520,2590,2071,752,3
650,1973,1567,1169,1036,2038,661,521,2589,2071,752,3
651,1974,1564,1170,1038,2035,654,520,2675,2072,751,3
652,1984,1562,1169,1035,2038,654,520,2761,2070,751,3
653,1988,1578,1170,1037,2038,654,519,2797,2072,751,3
654,1985,1561,1169,1035,2038,654,521,2760,2071,750,3
655,1985,1559,1169,1037,2038,652,520,2644,2072,751,3
656,1982,1554,1168,1046,2038,652,518,2568,2072,753,3
657,1990,1561,1167,1036,2038,652,520,2608,2072,751,3
658,1981,1564,1167,1036,2036,652,520,2720,2072,751,3
659,1990,1562,1167,1035,2039,652,519,2778,2071,751,3
660,1967,1562,1167,1034,2038,654,520,2798,2071,751,3
661,1993,1562,1166,1036,2036,652,520,2707,2072,752,3
662,1996,1568,1168,1035,2038,652,520,2603,2072,750,3
663,1986,1542,1168,1036,2038,654,521,2576,2072,752,3
664,1994,1570,1168,1030,2037,654,522,2660,2072,750,3
665,1986,1570,1169,1035,2035,652,519,2759,2072,750,3
666,1985,1558,1168,1035,2037,651,520,2795,2070,751,3
667,1987,1562,1169,1035,2037,651,520,2779,2072,751,3
668,1975,1561,1168,1035,2038,654,520,2654,2070,751,3
669,1970,1564,1168,1035,2037,655,517,2574,2072,750,3
670,1986,1554,1168,1034,2037,652,518,2598,2072,752,3
671,1994,1567,1168,1035,2038,653,520,2707,2071,751,3
672,1987,1569,1167,1034,2038,652,520,2779,2072,751,3
673,1993,1567,1170,1034,2038,653,520,2793,2071,750,3
674,1979,1565,1167,1034,2038,653,518,2731,2071,751,3
675,1984,1562,1168,1036,2038,650,520,2610,2072,751,3
676,1998,1568,1168,1034,2038,651,519,2575,2072,751,3
677,1987,1544,1168,1034,2038,653,520,2639,2072,750,3
678,1989,1565,1170,1035,2038,653,519,2739,2071,750,3
679,1990,1565,1167,1035,2031,653,519,2794,2071,751,3
680,1979,1562,1168,1034,2036,653,519,2788,2072,750,3
681,1946,1564,1169,1034,2038,652,519,2675,2072,751,3
682,1988,1543,1169,1034,2037,653,521,2578,2072,751,3
683,1990,1560,1170,1035,2036,653,519,2592,2072,750,3
684,1987,1566,1169,1035,2038,654,519,2690,2072,750,3
685,1979,1562,1170,1035,2036,652,520,2767,2072,750,3
686,1991,1563,1168,1034,2037,651,520,2798,2071,751,3
687,1990,1568,1167,1034,2038,651,520,2755,2072,752,3
688,1996,1564,1170,1035,2036,653,519,2621,2072,750,3
689,1978,1564,1170,1035,2037,653,519,2571,2072,750,3
690,1984,1555,1168,1040,2031,652,518,2627,2072,751,3
691,1992,1573,1170,1036,2035,652,522,2731,2072,751,3
692,1986,1564,1168,1035,2037,652,520,2790,2072,750,3
693,1973,1561,1170,1036,2037,652,519,2789,2072,751,3
694,1994,1563,1168,1035,2037,654,520,2694,2070,750,3
695,1988,1569,1168,1035,2038,651,520,2594,2071,753,3
696,1988,1560,1168,1035,2036,652,518,2578,2072,752,3
697,1974,1565,1167,1035,2038,653,519,2670,2071,751,3
698,1986,1546,1169,1034,2037,654,519,2757,2071,749,3
699,1986,1577,1168,1032,2037,653,518,2796,2070,750,3
700,1974,1562,1167,1034,2037,652,518,2766,2070,751,3
701,1994,1564,1167,1035,2037,654,520,2640,2070,750,3
702,1990,1573,1168,1034,2038,653,524,2575,2071,751,3
703,1985,1563,1168,1034,2038,652,520,2612,2070,751,3
704,1994,1565,1169,1035,2038,652,519,2713,2071,750,3
705,1990,1570,1168,1031,2038,652,522,2786,2070,752,3
706,1985,1558,1168,1045,2036,652,512,2788,2070,751,3
707,1992,1565,1167,1033,2038,653,518,2711,2070,751,3
708,1992,1570,1169,1033,2037,652,520,2605,2070,750,3
709,1987,1553,1167,1042,2038,654,517,2574,2070,751,3
710,1992,1566,1167,1034,2040,653,519,2654,2070,751,3
711,1976,1562,1170,1035,2036,653,520,2754,2070,751,3
712,1986,1552,1168,1034,2038,651,520,2792,2070,752,3
713,1993,1561,1167,1033,2038,653,518,2777,2069,750,3
714,1974,1565,1167,1034,2038,654,519,2661,2070,750,3
715,1987,1549,1170,1035,2038,653,520,2570,2070,752,3
716,1985,1583,1168,1034,2037,653,518,2601,2070,751,3
717,1963,1562,1167,1032,2038,654,517,2706,2067,750,3
718,1989,1568,1169,1033,2037,654,520,2779,2071,750,3
719,1984,1562,1170,1032,2037,654,519,2792,2070,749,3
720,1987,1566,1169,1033,2036,652,518,2735,2072,750,3
