Count,S1,S2,S3,S4,S5,S6,S7,S8,S9,S10,Flag
1,1786,1380,1044,1008,1774,597,492,2800,1927,713,0
2,1784,1388,1043,1009,1775,598,493,2748,1926,711,0
3,1787,1392,1044,1009,1773,596,494,2629,1928,712,0
4,1784,1386,1044,1008,1773,595,492,2566,1926,713,0
5,1785,1382,1043,1010,1773,596,493,2620,1926,712,0
6,1786,1394,1044,1007,1774,595,494,2733,1926,712,0
7,1769,1384,1042,1008,1774,595,492,2795,1926,712,0
8,1785,1387,1042,1010,1771,595,491,2774,1926,712,0
9,1782,1386,1043,1008,1774,596,492,2615,1925,713,0
10,1785,1393,1044,1008,1772,596,491,2569,1925,707,0
11,1783,1388,1042,1007,1771,596,491,2634,1924,713,0
12,1787,1374,1043,1009,1773,597,491,2730,1926,711,0
13,1787,1385,1043,1007,1779,595,491,2789,1924,712,0
14,1784,1382,1043,1009,1774,596,492,2788,1924,714,0
15,1787,1391,1044,1008,1774,596,494,2681,1924,713,0
16,1781,1392,1044,1007,1772,598,493,2584,1926,712,0
17,1783,1375,1043,1007,1774,595,493,2585,1925,714,0
18,1783,1386,1044,1007,1777,596,491,2674,1925,712,0
19,1783,1381,1041,1010,1774,595,491,2762,1926,713,0
20,1787,1393,1044,1003,1774,597,495,2798,1923,713,0
21,1785,1388,1044,1006,1773,596,492,2760,1925,713,1
22,1783,1364,1044,1007,1772,598,491,2625,1926,712,1
23,1787,1385,1044,1007,1773,598,491,2563,1926,711,1
24,1782,1380,1044,1006,1773,597,490,2616,1925,712,1
25,1795,1390,1043,1007,1774,597,491,2726,1924,711,1
26,1779,1378,1044,1007,1774,596,490,2782,1925,711,1
27,1792,1387,1044,1008,1772,595,491,2792,1926,712,1
28,1771,1383,1044,1007,1773,596,491,2699,1930,712,1
29,1783,1390,1045,1006,1774,596,492,2587,1924,712,1
30,1800,1387,1043,1008,1774,597,491,2578,1923,712,1
31,1767,1383,1043,1007,1774,595,492,2665,1924,712,1
32,1806,1390,1044,1007,1774,597,492,2757,1924,714,1
33,1784,1379,1043,1008,1773,597,492,2796,1925,712,1
34,1771,1385,1043,1007,1773,596,493,2772,1926,714,1
35,1781,1376,1043,1015,1774,597,486,2646,1925,712,1
36,1790,1394,1045,1007,1775,598,490,2570,1925,711,1
37,1784,1388,1044,1008,1773,596,491,2606,1925,711,1
38,1784,1382,1043,1009,1774,597,490,2714,1923,712,1
39,1771,1385,1043,1008,1774,595,492,2779,1924,713,1
40,1784,1380,1043,1007,1774,597,492,2794,1924,712,1
41,1787,1390,1045,1007,1774,597,492,2723,1925,714,1
42,1784,1389,1043,1010,1774,595,492,2600,1926,713,1
43,1788,1396,1043,1009,1773,598,491,2574,1926,712,1
44,1783,1387,1043,1008,1773,598,493,2650,1924,714,1
45,1805,1387,1044,1009,1774,596,492,2746,1926,712,1
46,1778,1388,1043,1009,1775,597,491,2796,1924,712,1
47,1773,1381,1042,1010,1773,595,492,2782,1926,714,1
48,1774,1383,1043,1010,1774,596,492,2667,1926,714,1
49,1780,1382,1043,1009,1773,598,493,2570,1925,714,1
50,1785,1380,1043,1010,1774,596,492,2599,1926,714,1
51,1785,1381,1043,1008,1774,598,492,2697,1924,714,1
52,1784,1383,1044,1010,1775,598,494,2776,1926,711,1
53,1783,1375,1043,1011,1774,598,491,2794,1926,714,1
54,1783,1381,1044,1012,1775,598,494,2743,1926,716,1
55,1784,1388,1043,1012,1767,596,493,2622,1926,715,1
56,1788,1383,1043,1011,1774,597,493,2574,1926,714,1
57,1781,1388,1044,1011,1772,596,494,2637,1927,715,1
58,1783,1381,1043,1012,1773,597,494,2736,1927,715,1
59,1783,1391,1043,1011,1774,598,495,2794,1926,716,1
60,1795,1388,1039,1011,1776,599,493,2792,1926,715,1
61,1787,1386,1045,1011,1775,598,495,2689,1926,716,1
62,1786,1386,1046,1012,1775,597,494,2581,1928,715,1
63,1786,1387,1044,1011,1774,597,497,2598,1928,714,1
64,1786,1387,1046,1012,1776,599,494,2675,1927,716,1
65,1776,1388,1042,1012,1775,598,494,2767,1928,716,1
66,1788,1382,1044,1013,1774,597,494,2793,1926,716,1
67,1781,1388,1043,1012,1778,597,496,2766,1928,717,1
68,1786,1382,1044,1015,1773,598,495,2639,1928,715,1
69,1783,1388,1045,1014,1775,598,498,2577,1927,717,1
70,1788,1387,1046,1013,1775,597,495,2616,1927,716,1
71,1787,1391,1045,1012,1776,598,496,2723,1927,716,1
72,1790,1384,1045,1015,1775,598,495,2784,1928,717,1
73,1787,1381,1044,1020,1778,599,492,2792,1927,716,1
74,1790,1385,1043,1014,1777,600,494,2706,1928,716,1
75,1787,1390,1045,1014,1775,598,496,2606,1928,718,1
76,1793,1393,1045,1013,1776,598,496,2586,1927,716,1
77,1790,1369,1044,1014,1776,599,497,2663,1928,717,1
78,1800,1391,1044,1014,1778,599,498,2763,1928,716,1
79,1785,1383,1045,1014,1775,598,497,2794,1928,718,1
80,1795,1398,1046,1009,1778,599,498,2782,1928,716,1
81,1804,1390,1045,1013,1777,598,496,2658,1926,718,1
82,1778,1386,1045,1015,1776,600,496,2578,1930,716,1
83,1793,1384,1045,1016,1778,598,497,2604,1929,717,1
84,1779,1386,1043,1015,1777,597,495,2712,1928,718,1
85,1805,1389,1045,1014,1777,597,497,2780,1928,718,1
86,1787,1390,1046,1015,1775,598,498,2803,1929,717,1
87,1788,1384,1046,1016,1777,600,497,2727,1930,716,1
88,1790,1373,1046,1015,1776,599,490,2610,1930,719,1
89,1792,1400,1046,1014,1778,599,497,2579,1929,718,1
90,1788,1392,1047,1015,1778,600,497,2656,1928,718,1
91,1798,1392,1046,1016,1775,608,497,2753,1930,719,1
92,1785,1380,1048,1014,1777,600,496,2794,1930,717,1
93,1780,1385,1046,1016,1776,599,497,2794,1930,718,1
94,1805,1389,1046,1016,1777,599,497,2674,1926,718,1
95,1752,1382,1046,1016,1778,598,497,2585,1931,717,1
96,1795,1388,1045,1015,1779,600,496,2598,1930,718,1
97,1786,1388,1046,1017,1778,600,497,2700,1930,718,1
98,1792,1403,1046,1017,1776,598,497,2778,1930,718,1
99,1787,1390,1045,1018,1777,599,498,2796,1929,718,1
100,1785,1383,1046,1022,1777,599,495,2747,1930,718,1
101,1776,1388,1046,1017,1777,599,498,2635,1930,719,1
102,1814,1390,1046,1016,1778,598,498,2575,1931,719,1
103,1787,1392,1045,1016,1778,599,498,2634,1930,718,1
104,1794,1388,1047,1016,1778,600,498,2730,1930,719,1
105,1785,1391,1046,1018,1779,600,498,2794,1930,719,1
106,1794,1403,1047,1017,1778,600,496,2799,1931,718,1
107,1795,1399,1046,1015,1778,601,497,2697,1929,718,1
108,1755,1389,1045,1015,1778,599,496,2598,1930,719,1
109,1786,1384,1046,1016,1777,601,498,2586,1931,718,1
110,1802,1391,1046,1017,1778,603,498,2676,1930,717,1
111,1796,1386,1046,1016,1777,598,498,2761,1930,719,1
112,1780,1386,1055,1016,1780,599,498,2801,1931,721,1
113,1794,1385,1045,1016,1778,599,498,2774,1930,718,1
114,1792,1394,1047,1015,1777,601,497,2654,1931,719,1
115,1794,1390,1046,1015,1778,599,496,2571,1930,717,1
116,1786,1382,1048,1016,1778,599,496,2610,1930,718,1
117,1796,1397,1046,1015,1779,598,498,2723,1930,719,1
118,1802,1390,1035,1014,1779,600,496,2783,1929,720,1
119,1780,1390,1048,1014,1778,599,495,2797,1930,719,1
120,1810,1390,1046,1016,1779,597,497,2714,1927,720,1
121,1798,1392,1048,1015,1778,598,499,2612,1931,719,2
122,1795,1390,1048,1013,1778,599,497,2578,1931,718,2
123,1794,1380,1048,1014,1778,599,495,2652,1930,719,2
124,1798,1396,1046,1015,1779,600,498,2752,1930,720,2
125,1795,1378,1047,1012,1780,600,488,2792,1929,720,2
126,1798,1391,1049,1016,1784,600,496,2787,1930,718,2
127,1804,1393,1051,1017,1783,601,497,2667,1932,719,2
128,1804,1394,1048,1016,1784,603,496,2578,1931,719,2
129,1804,1396,1050,1014,1784,602,495,2600,1930,718,2
130,1804,1396,1050,1013,1782,601,496,2704,1931,719,2
131,1807,1395,1049,1011,1784,602,495,2775,1930,717,2
132,1803,1395,1050,1011,1781,600,495,2796,1930,719,2
133,1802,1392,1050,1007,1782,600,495,2736,1930,717,2
134,1801,1393,1049,1009,1783,600,494,2614,1930,717,2
135,1802,1398,1049,1006,1782,601,492,2572,1930,718,2
136,1806,1393,1048,1006,1783,602,492,2638,1928,716,2
137,1802,1395,1048,1004,1782,601,492,2738,1928,717,2
138,1802,1392,1050,1003,1782,601,492,2792,1928,717,2
139,1802,1396,1048,1002,1782,602,491,2792,1928,715,2
140,1803,1395,1049,1002,1782,600,492,2678,1927,716,2
141,1803,1394,1048,1002,1782,600,492,2578,1928,715,2
142,1801,1393,1050,1002,1780,598,491,2586,1929,714,2
143,1800,1391,1050,1000,1782,600,491,2680,1929,715,2
144,1802,1392,1050,999,1782,602,490,2766,1927,714,2
145,1802,1395,1048,998,1779,600,490,2796,1926,715,2
146,1803,1392,1046,999,1782,600,490,2749,1927,714,2
147,1801,1394,1048,997,1782,600,488,2620,1927,715,2
148,1801,1392,1047,998,1782,599,489,2565,1928,713,2
149,1801,1393,1047,998,1780,600,490,2618,1928,712,2
150,1801,1391,1048,997,1780,600,487,2726,1926,712,2
151,1801,1394,1049,996,1780,601,487,2787,1926,714,2
152,1804,1392,1046,996,1780,600,486,2790,1927,714,2
153,1803,1394,1049,995,1780,600,486,2688,1925,712,2
154,1803,1393,1047,997,1780,599,488,2582,1926,712,2
155,1802,1394,1048,994,1781,601,486,2574,1926,713,2
156,1802,1396,1048,994,1782,601,486,2663,1926,712,2
157,1804,1393,1047,995,1779,601,486,2755,1925,711,2
158,1805,1396,1047,994,1780,599,485,2793,1925,713,2
159,1803,1393,1045,994,1779,598,488,2763,1923,712,2
160,1800,1394,1048,994,1779,600,484,2636,1923,711,2
161,1802,1394,1048,993,1779,601,486,2560,1924,712,2
162,1803,1395,1048,993,1779,600,484,2600,1923,712,2
163,1800,1396,1048,993,1779,599,483,2710,1924,711,2
164,1802,1391,1045,994,1778,598,486,2778,1923,712,2
165,1800,1394,1047,993,1780,599,484,2793,1923,712,2
166,1800,1394,1046,993,1779,600,485,2710,1921,711,2
167,1803,1394,1046,992,1777,600,485,2594,1922,710,2
168,1799,1391,1045,992,1778,599,483,2565,1923,710,2
169,1803,1393,1046,994,1777,599,484,2643,1922,709,2
170,1804,1394,1047,992,1778,597,482,2745,1923,710,2
171,1800,1396,1046,991,1778,599,482,2791,1920,710,2
172,1801,1390,1048,993,1778,600,482,2777,1921,709,2
173,1802,1392,1046,993,1777,598,482,2653,1920,710,2
174,1800,1394,1046,993,1778,598,482,2562,1921,709,2
175,1802,1390,1044,994,1778,599,484,2588,1920,710,2
176,1797,1388,1045,990,1778,599,482,2694,1918,710,2
177,1798,1392,1046,990,1777,598,482,2769,1920,708,2
178,1802,1391,1045,992,1778,597,482,2794,1921,709,2
179,1800,1394,1048,990,1778,600,483,2730,1918,710,2
180,1802,1391,1045,992,1778,597,482,2605,1918,708,2
181,1797,1391,1045,993,1778,597,482,2557,1917,708,2
182,1800,1391,1046,994,1776,597,481,2626,1918,708,2
183,1803,1392,1047,993,1777,599,482,2729,1917,707,2
184,1800,1393,1046,991,1778,599,482,2786,1917,708,2
185,1802,1390,1044,994,1777,598,482,2789,1916,709,2
186,1797,1391,1045,994,1778,599,482,2672,1918,708,2
187,1798,1389,1046,995,1776,598,481,2570,1917,707,2
188,1802,1392,1046,994,1776,599,482,2575,1915,706,2
189,1797,1391,1045,995,1776,599,482,2670,1915,708,2
190,1798,1390,1046,994,1778,598,481,2760,1915,706,2
191,1800,1393,1044,995,1776,596,481,2795,1916,707,2
192,1796,1392,1045,995,1777,597,482,2753,1917,707,2
193,1795,1392,1046,995,1776,600,479,2621,1915,706,2
194,1796,1389,1045,997,1776,598,482,2555,1914,706,2
195,1798,1390,1044,995,1776,598,480,2604,1915,706,2
196,1800,1391,1044,997,1775,598,482,2716,1915,707,2
197,1796,1390,1044,997,1776,598,483,2780,1915,707,2
198,1796,1391,1045,995,1776,599,479,2791,1915,707,2
199,1795,1389,1045,998,1774,598,482,2699,1913,708,2
200,1800,1387,1046,997,1776,599,481,2586,1914,708,2
201,1796,1390,1043,999,1774,598,480,2566,1914,706,2
202,1798,1391,1046,999,1776,599,482,2648,1913,707,2
203,1800,1390,1046,1000,1775,596,483,2747,1914,707,2
204,1796,1393,1044,1000,1776,598,483,2790,1914,707,2
205,1798,1394,1046,999,1774,598,483,2774,1914,706,2
206,1795,1390,1044,998,1776,597,482,2645,1914,706,2
207,1796,1392,1046,1000,1775,598,483,2562,1914,705,2
208,1798,1389,1043,1000,1775,597,482,2587,1914,706,2
209,1797,1390,1046,1001,1774,598,483,2696,1911,706,2
210,1796,1389,1046,1000,1775,597,481,2771,1912,706,2
211,1798,1392,1045,1001,1775,598,482,2795,1913,705,2
212,1794,1389,1045,1002,1774,598,485,2730,1912,707,2
213,1793,1390,1046,1002,1775,595,483,2606,1913,707,2
214,1794,1390,1044,1002,1774,598,483,2557,1913,707,2
215,1795,1391,1045,1003,1775,597,483,2628,1912,705,2
216,1798,1391,1045,1004,1774,596,484,2734,1912,708,2
217,1794,1387,1045,1003,1774,598,483,2789,1912,705,2
218,1790,1391,1044,1003,1775,596,485,2790,1912,706,2
219,1792,1389,1044,1006,1775,598,485,2671,1912,706,2
220,1795,1390,1045,1004,1774,595,484,2572,1911,706,2
221,1796,1391,1045,1005,1774,596,484,2579,1910,706,2
222,1793,1391,1043,1006,1772,596,485,2674,1912,706,2
223,1793,1392,1044,1006,1774,598,484,2762,1912,706,2
224,1790,1389,1044,1008,1773,598,485,2794,1911,706,2
225,1793,1391,1043,1007,1774,597,484,2756,1910,705,2
226,1794,1390,1044,1007,1774,597,485,2627,1912,707,2
227,1788,1389,1044,1009,1773,598,485,2560,1912,704,2
228,1789,1386,1044,1009,1773,596,485,2605,1911,705,2
229,1790,1389,1044,1008,1774,598,484,2715,1911,706,2
230,1790,1386,1044,1010,1772,596,487,2782,1911,706,2
231,1788,1390,1045,1009,1774,595,485,2794,1912,705,2
232,1794,1387,1042,1011,1773,597,486,2702,1911,706,2
233,1792,1389,1044,1011,1773,596,486,2588,1912,706,2
234,1794,1390,1045,1010,1771,598,485,2568,1910,706,2
235,1787,1391,1043,1011,1773,598,486,2653,1910,705,2
236,1789,1391,1043,1013,1773,596,486,2750,1911,706,2
237,1794,1387,1043,1013,1771,596,487,2794,1911,706,2
238,1792,1390,1043,1014,1773,596,489,2777,1911,706,2
239,1790,1391,1043,1014,1774,597,488,2650,1910,707,2
240,1792,1390,1045,1013,1774,595,487,2565,1910,706,2
241,1786,1387,1045,1014,1774,598,487,2595,1910,705,2
242,1789,1387,1043,1015,1771,597,487,2702,1911,706,2
243,1792,1388,1042,1016,1773,598,488,2774,1911,706,2
244,1790,1388,1044,1015,1772,597,487,2795,1909,705,2
245,1793,1389,1042,1017,1773,598,489,2731,1910,705,2
246,1786,1387,1044,1017,1771,596,489,2607,1910,708,2
247,1788,1385,1043,1018,1771,598,489,2564,1910,705,2
248,1790,1388,1042,1018,1772,597,490,2633,1911,704,2
249,1789,1389,1041,1019,1772,595,490,2735,1909,707,2
250,1788,1390,1043,1019,1773,597,490,2792,1908,705,2
251,1790,1391,1043,1020,1771,598,489,2792,1909,705,2
252,1787,1388,1045,1021,1771,598,490,2674,1911,706,2
253,1785,1387,1043,1020,1771,598,489,2576,1910,706,2
254,1786,1388,1044,1019,1770,597,490,2582,1911,706,2
255,1788,1390,1043,1024,1771,596,491,2677,1910,706,2
256,1790,1390,1043,1024,1771,596,492,2763,1910,704,2
257,1786,1388,1044,1025,1771,597,491,2796,1910,707,2
258,1784,1387,1043,1026,1770,595,491,2758,1910,706,2
259,1785,1389,1043,1026,1771,596,492,2628,1910,706,2
260,1786,1388,1042,1028,1770,598,492,2564,1911,705,2
261,1790,1390,1043,1026,1770,596,491,2611,1910,705,2
262,1784,1390,1042,1027,1772,596,491,2722,1910,705,2
263,1783,1387,1042,1028,1770,595,491,2786,1910,705,2
264,1784,1389,1042,1028,1772,597,494,2794,1910,708,2
265,1786,1390,1042,1028,1770,596,494,2704,1910,706,2
266,1786,1386,1042,1029,1770,596,494,2595,1910,706,2
267,1784,1389,1042,1030,1770,595,493,2574,1910,706,2
268,1782,1384,1043,1031,1770,595,494,2656,1910,706,2
269,1783,1389,1042,1032,1770,597,492,2754,1910,707,2
270,1783,1387,1043,1033,1770,596,495,2797,1910,706,2
271,1783,1389,1041,1033,1770,598,494,2781,1909,705,2
272,1786,1387,1042,1033,1770,595,495,2657,1910,707,2
273,1784,1388,1043,1034,1770,595,496,2571,1910,707,2
274,1785,1387,1042,1035,1771,597,496,2598,1912,707,2
275,1780,1387,1044,1035,1769,596,495,2706,1911,706,2
276,1785,1388,1043,1035,1770,595,496,2778,1912,706,2
277,1786,1388,1042,1036,1771,597,496,2801,1911,706,2
278,1786,1387,1043,1035,1770,596,497,2738,1912,707,2
279,1786,1387,1042,1038,1769,597,496,2616,1911,706,2
280,1783,1387,1041,1037,1770,597,496,2572,1910,706,2
281,1786,1387,1042,1038,1770,596,497,2639,1911,707,2
282,1783,1387,1042,1040,1769,596,498,2742,1910,707,2
283,1779,1385,1042,1039,1768,594,499,2798,1911,706,2
284,1779,1387,1043,1039,1769,595,499,2798,1910,706,2
285,1780,1387,1042,1042,1768,595,497,2683,1911,706,2
286,1784,1386,1042,1041,1768,595,498,2584,1911,706,2
287,1779,1390,1042,1042,1770,594,498,2591,1912,706,2
288,1779,1386,1042,1043,1769,597,498,2681,1912,707,2
289,1779,1387,1043,1042,1770,597,498,2767,1911,706,2
290,1779,1388,1043,1043,1770,597,499,2804,1910,706,2
291,1778,1390,1042,1045,1768,595,500,2763,1910,706,2
292,1782,1387,1042,1043,1769,597,501,2638,1912,707,2
293,1780,1387,1043,1045,1768,594,502,2574,1911,707,2
294,1781,1387,1041,1047,1768,595,502,2615,1912,707,2
295,1779,1386,1043,1046,1770,595,499,2727,1912,706,2
296,1777,1389,1042,1048,1766,595,502,2790,1912,708,2
297,1781,1387,1042,1048,1768,595,501,2802,1912,707,2
298,1782,1392,1042,1046,1768,595,500,2713,1911,707,2
299,1779,1387,1041,1050,1769,596,502,2602,1912,706,2
300,1782,1387,1042,1049,1768,596,501,2582,1912,707,2
301,1779,1387,1042,1050,1768,595,502,2662,1912,708,2
302,1779,1385,1042,1051,1768,595,505,2760,1912,707,2
303,1777,1388,1040,1051,1770,595,502,2801,1911,708,2
304,1777,1387,1041,1051,1769,595,505,2786,1912,707,2
305,1780,1385,1042,1053,1768,595,504,2666,1913,708,2
306,1779,1386,1042,1053,1769,594,504,2579,1913,707,2
307,1776,1385,1040,1054,1768,594,504,2605,1914,706,2
308,1776,1387,1043,1053,1768,595,503,2710,1913,707,2
309,1777,1388,1040,1057,1769,595,505,2779,1913,710,2
310,1778,1386,1041,1056,1767,594,504,2803,1912,708,2
311,1776,1387,1041,1056,1767,595,506,2744,1913,707,2
312,1778,1386,1043,1059,1768,594,505,2625,1914,708,2
313,1775,1385,1041,1058,1768,596,504,2579,1914,710,2
314,1780,1389,1042,1059,1766,596,506,2642,1913,708,2
315,1776,1386,1040,1060,1766,594,506,2744,1913,709,2
316,1776,1386,1041,1060,1768,595,506,2798,1914,708,2
317,1779,1390,1040,1060,1768,595,506,2798,1912,708,2
318,1775,1382,1040,1061,1768,593,507,2692,1914,708,2
319,1775,1384,1042,1060,1767,594,507,2590,1914,708,2
320,1777,1386,1041,1061,1768,594,507,2598,1914,709,2
321,1775,1385,1041,1064,1766,593,509,2688,1915,709,3
322,1766,1375,1038,1060,1759,592,507,2767,1914,708,3
323,1771,1379,1038,1062,1761,592,508,2808,1914,710,3
324,1761,1378,1037,1066,1762,593,508,2766,1914,708,3
325,1768,1379,1040,1068,1762,592,507,2648,1914,709,3
326,1754,1380,1038,1072,1762,592,509,2580,1915,709,3
327,1766,1359,1037,1076,1764,592,514,2614,1915,710,3
328,1768,1385,1039,1078,1762,593,512,2723,1915,710,3
329,1770,1378,1038,1082,1763,593,514,2782,1914,710,3
330,1768,1386,1038,1081,1764,594,513,2793,1916,710,3
331,1775,1380,1039,1084,1762,594,514,2712,1916,711,3
332,1774,1378,1040,1092,1762,594,516,2613,1917,711,3
333,1767,1370,1039,1094,1764,594,516,2584,1917,712,3
334,1806,1382,1040,1096,1763,593,516,2655,1917,711,3
335,1788,1384,1038,1098,1764,592,516,2758,1918,711,3
336,1780,1379,1041,1102,1763,593,516,2799,1920,711,3
337,1769,1371,1039,1101,1764,594,518,2789,1920,713,3
338,1780,1385,1039,1104,1764,594,518,2669,1920,713,3
339,1772,1374,1040,1104,1774,593,518,2585,1920,714,3
340,1789,1382,1041,1105,1764,593,519,2607,1920,714,3
341,1774,1386,1042,1104,1765,594,519,2702,1922,713,3
342,1770,1378,1042,1106,1765,592,522,2782,1922,714,3
343,1771,1377,1042,1106,1765,593,522,2803,1922,714,3
344,1772,1374,1042,1104,1765,593,520,2752,1921,714,3
345,1776,1386,1041,1103,1762,593,521,2629,1922,715,3
346,1800,1384,1044,1103,1765,593,522,2584,1922,714,3
347,1771,1393,1041,1102,1766,594,523,2646,1922,714,3
348,1771,1389,1041,1101,1766,593,522,2735,1923,714,3
349,1776,1371,1040,1099,1766,595,522,2792,1922,715,3
350,1778,1374,1041,1098,1765,594,523,2796,1923,715,3
351,1777,1378,1041,1096,1765,595,522,2693,1924,715,3
352,1770,1382,1042,1096,1764,593,524,2598,1925,716,3
353,1747,1379,1042,1094,1765,594,520,2594,1925,716,3
354,1779,1383,1042,1092,1766,594,522,2679,1924,716,3
355,1768,1384,1042,1091,1766,593,521,2762,1923,716,3
356,1778,1410,1041,1090,1767,593,522,2802,1926,716,3
357,1770,1382,1042,1089,1765,594,521,2770,1925,716,3
358,1792,1382,1042,1088,1768,592,524,2657,1926,716,3
359,1774,1375,1041,1084,1766,592,521,2586,1926,716,3
360,1775,1389,1043,1083,1765,593,523,2622,1928,716,3
361,1769,1384,1043,1081,1765,594,519,2718,1928,717,3
362,1758,1384,1041,1081,1764,593,524,2782,1928,716,3
363,1770,1386,1042,1080,1765,592,522,2795,1928,717,3
364,1791,1385,1040,1078,1762,593,522,2723,1928,718,3
365,1775,1380,1043,1078,1766,593,521,2618,1929,718,3
366,1778,1383,1042,1075,1766,592,521,2588,1929,717,3
367,1773,1387,1041,1074,1766,594,521,2652,1928,717,3
368,1754,1379,1042,1075,1766,593,522,2747,1927,718,3
369,1794,1385,1041,1074,1767,593,521,2799,1927,718,3
370,1742,1381,1040,1072,1769,593,520,2787,1927,716,3
371,1786,1384,1043,1071,1765,591,520,2682,1929,717,3
372,1783,1385,1042,1070,1768,593,519,2590,1928,718,3
373,1774,1380,1042,1069,1765,592,520,2598,1928,717,3
374,1778,1382,1041,1068,1766,591,520,2701,1928,718,3
375,1775,1392,1042,1066,1766,594,519,2773,1929,716,3
376,1776,1390,1043,1064,1765,593,516,2795,1929,717,3
377,1778,1386,1042,1064,1766,590,518,2752,1928,718,3
378,1768,1380,1042,1065,1765,592,518,2630,1929,718,3
379,1770,1386,1042,1063,1768,592,518,2575,1930,717,3
380,1772,1379,1044,1060,1766,594,517,2628,1929,718,3
381,1818,1390,1044,1060,1766,593,516,2726,1929,716,3
382,1778,1376,1043,1059,1766,595,515,2787,1929,717,3
383,1778,1379,1042,1060,1766,594,517,2794,1929,717,3
384,1766,1382,1042,1058,1766,592,518,2698,1929,718,3
385,1777,1392,1042,1055,1766,594,515,2600,1929,718,3
386,1778,1382,1042,1055,1766,595,515,2589,1929,717,3
387,1776,1379,1041,1057,1765,594,515,2666,1928,718,3
388,1777,1386,1042,1056,1766,594,512,2756,1928,718,3
389,1774,1377,1041,1054,1767,593,515,2798,1928,718,3
390,1775,1386,1042,1059,1765,593,514,2771,1930,717,3
391,1784,1384,1044,1050,1766,594,513,2660,1930,715,3
392,1771,1383,1042,1051,1766,592,514,2574,1929,718,3
393,1763,1382,1042,1052,1765,592,513,2602,1930,717,3
394,1775,1382,1043,1048,1767,594,509,2720,1930,717,3
395,1778,1396,1042,1049,1766,591,513,2780,1930,717,3
396,1777,1374,1042,1047,1767,593,512,2792,1930,716,3
397,1777,1384,1042,1048,1766,594,512,2731,1928,718,3
398,1766,1382,1042,1047,1766,592,512,2611,1930,716,3
399,1778,1376,1043,1046,1768,592,509,2582,1928,716,3
400,1796,1385,1044,1046,1767,594,509,2646,1929,716,3
401,1782,1387,1042,1044,1768,592,508,2749,1930,717,3
402,1762,1381,1042,1044,1768,592,508,2802,1928,716,3
403,1776,1378,1042,1044,1766,594,507,2795,1928,717,3
404,1765,1380,1041,1044,1768,592,507,2683,1928,718,3
405,1798,1384,1043,1043,1765,594,507,2586,1928,717,3
406,1778,1378,1042,1043,1766,594,507,2600,1929,715,3
407,1778,1382,1041,1042,1766,594,509,2691,1928,716,3
408,1788,1385,1041,1042,1767,593,507,2771,1928,717,3
409,1779,1390,1042,1040,1768,593,506,2803,1928,717,3
410,1776,1392,1042,1039,1768,595,506,2767,1929,716,3
411,1789,1385,1043,1040,1765,595,506,2644,1928,715,3
412,1776,1391,1041,1040,1766,593,506,2578,1928,716,3
413,1779,1389,1040,1039,1766,597,504,2619,1927,716,3
414,1777,1382,1040,1038,1766,595,506,2722,1928,718,3
415,1788,1388,1042,1037,1772,595,503,2787,1926,715,3
416,1787,1384,1042,1036,1772,595,503,2795,1928,715,3
417,1773,1373,1042,1035,1766,592,504,2712,1927,715,3
418,1775,1370,1040,1037,1768,594,505,2604,1928,717,3
419,1763,1384,1051,1034,1768,594,504,2586,1926,716,3
420,1778,1382,1041,1034,1766,593,509,2664,1928,717,3
421,1779,1382,1041,1035,1767,594,502,2760,1928,715,3
422,1774,1368,1042,1038,1766,592,502,2795,1928,716,3
423,1773,1387,1042,1034,1766,593,502,2786,1926,716,3
424,1778,1396,1041,1032,1768,595,502,2672,1926,715,3
425,1773,1380,1043,1033,1766,594,502,2576,1926,715,3
426,1775,1386,1040,1034,1766,595,503,2600,1926,714,3
427,1774,1397,1042,1024,1767,594,504,2704,1927,715,3
428,1785,1386,1042,1032,1775,593,502,2772,1928,716,3
429,1774,1384,1042,1032,1767,594,503,2807,1928,715,3
430,1778,1384,1044,1031,1767,594,500,2752,1927,714,3
431,1776,1376,1043,1032,1768,594,501,2626,1928,715,3
432,1781,1391,1040,1032,1766,598,500,2576,1926,716,3
433,1795,1383,1041,1032,1767,594,501,2628,1927,716,3
434,1772,1380,1043,1029,1767,594,500,2730,1927,715,3
435,1769,1382,1042,1030,1766,594,501,2790,1925,714,3
436,1768,1382,1041,1031,1758,591,501,2800,1928,716,3
437,1800,1384,1042,1029,1766,594,500,2696,1928,716,3
438,1774,1382,1042,1029,1765,592,502,2600,1928,716,3
439,1802,1387,1041,1030,1765,594,500,2584,1926,715,3
440,1782,1391,1043,1029,1768,593,499,2671,1926,716,3
441,1770,1379,1044,1030,1766,594,499,2760,1927,714,3
442,1775,1399,1042,1030,1766,593,502,2802,1928,716,3
443,1775,1375,1040,1030,1768,593,500,2775,1927,716,3
444,1779,1381,1040,1029,1766,593,500,2651,1928,716,3
445,1781,1383,1042,1029,1767,594,501,2578,1928,715,3
446,1769,1380,1041,1028,1766,592,500,2604,1928,717,3
447,1774,1380,1042,1029,1766,593,500,2714,1928,714,3
448,1775,1388,1041,1029,1768,593,502,2778,1926,714,3
449,1769,1384,1043,1029,1768,593,500,2799,1927,714,3
450,1779,1381,1043,1029,1767,593,501,2739,1928,715,3
451,1775,1386,1042,1028,1765,594,500,2625,1927,715,3
452,1778,1371,1042,1028,1766,594,500,2574,1928,714,3
453,1778,1374,1042,1028,1765,593,508,2643,1927,715,3
454,1786,1384,1042,1028,1766,594,500,2736,1928,715,3
455,1776,1384,1042,1027,1766,593,502,2800,1928,715,3
456,1802,1386,1041,1026,1766,594,499,2794,1928,714,3
457,1779,1384,1042,1028,1768,595,501,2692,1928,715,3
458,1759,1382,1052,1029,1768,593,502,2590,1927,716,3
459,1774,1384,1041,1030,1768,594,500,2595,1928,715,3
460,1775,1366,1041,1027,1768,594,496,2676,1927,716,3
461,1782,1386,1042,1027,1767,594,500,2761,1928,715,3
462,1779,1381,1040,1028,1766,592,501,2802,1929,714,3
463,1762,1382,1048,1028,1768,593,501,2773,1928,716,3
464,1774,1381,1040,1030,1765,595,500,2651,1927,716,3
465,1776,1386,1042,1027,1767,594,500,2571,1927,716,3
466,1783,1384,1042,1027,1767,594,500,2609,1928,716,3
467,1794,1384,1042,1028,1766,592,501,2717,1926,716,3
468,1779,1399,1042,1028,1766,593,504,2790,1928,716,3
469,1778,1392,1042,1024,1768,594,502,2803,1928,716,3
470,1782,1390,1041,1027,1768,594,499,2729,1927,716,3
471,1768,1383,1041,1026,1767,594,499,2617,1928,718,3
472,1766,1380,1041,1030,1758,593,502,2581,1928,715,3
473,1777,1370,1042,1032,1768,593,500,2646,1928,715,3
474,1776,1384,1040,1027,1767,593,502,2745,1928,715,3
475,1776,1366,1042,1027,1768,593,502,2794,1927,714,3
476,1772,1382,1043,1027,1767,592,502,2792,1923,715,3
477,1769,1380,1042,1028,1766,594,501,2680,1929,715,3
478,1781,1383,1042,1026,1775,592,501,2582,1928,715,3
479,1792,1384,1041,1026,1768,595,502,2594,1928,715,3
480,1804,1382,1042,1027,1766,594,499,2690,1928,716,3
481,1775,1381,1044,1027,1768,594,500,2763,1928,717,3
482,1784,1386,1041,1027,1768,593,502,2798,1928,716,3
483,1779,1379,1041,1028,1768,592,500,2766,1928,717,3
484,1777,1385,1043,1026,1770,594,501,2640,1927,716,3
485,1798,1386,1042,1026,1767,594,501,2573,1928,715,3
486,1777,1384,1043,1025,1768,594,500,2611,1928,716,3
487,1794,1384,1043,1026,1766,594,502,2721,1929,715,3
488,1780,1383,1042,1026,1768,592,502,2784,1928,716,3
489,1801,1385,1043,1026,1768,593,501,2799,1928,715,3
490,1776,1377,1041,1027,1768,594,500,2717,1929,715,3
491,1775,1380,1042,1027,1766,594,502,2608,1929,715,3
492,1775,1371,1042,1028,1767,592,502,2578,1929,714,3
493,1775,1375,1040,1026,1768,593,501,2651,1929,715,3
494,1778,1388,1041,1026,1766,593,502,2756,1929,716,3
495,1758,1380,1042,1025,1768,594,500,2798,1929,714,3
496,1768,1382,1051,1026,1768,593,499,2794,1929,714,3
497,1778,1390,1042,1025,1766,598,500,2681,1929,714,3
498,1779,1390,1042,1026,1768,593,501,2586,1929,715,3
499,1780,1382,1041,1025,1769,593,500,2602,1928,714,3
500,1802,1386,1042,1025,1768,594,500,2694,1929,715,3
501,1803,1386,1042,1026,1767,594,499,2766,1928,714,3
502,1778,1367,1043,1026,1767,594,504,2799,1928,716,3
503,1779,1368,1040,1026,1768,593,502,2760,1928,716,3
504,1769,1383,1040,1024,1768,594,500,2641,1930,715,3
505,1780,1392,1042,1019,1766,594,501,2578,1928,716,3
506,1782,1398,1042,1026,1767,595,502,2620,1930,715,3
507,1788,1384,1042,1025,1767,594,500,2722,1929,715,3
508,1795,1383,1040,1025,1767,594,501,2787,1928,715,3
509,1776,1364,1042,1024,1768,592,502,2797,1928,714,3
510,1763,1383,1042,1024,1768,595,501,2720,1929,715,3
511,1743,1382,1042,1024,1768,594,500,2610,1929,714,3
512,1777,1382,1041,1026,1768,593,499,2584,1928,716,3
513,1780,1384,1041,1026,1769,594,502,2650,1929,715,3
514,1778,1377,1043,1021,1766,594,501,2753,1929,714,3
515,1770,1381,1042,1025,1767,593,501,2800,1930,715,3
516,1750,1384,1042,1021,1768,595,500,2794,1928,715,3
517,1778,1382,1041,1025,1768,594,499,2670,1930,715,3
518,1781,1382,1042,1024,1765,592,500,2579,1930,715,3
519,1779,1372,1042,1024,1768,594,498,2595,1930,716,3
520,1754,1383,1042,1022,1767,593,500,2691,1928,714,3
521,1784,1390,1042,1021,1767,594,501,2772,1929,715,3
522,1790,1386,1034,1024,1768,593,500,2798,1929,716,3
523,1774,1382,1042,1024,1768,593,499,2758,1929,716,3
524,1774,1382,1041,1024,1758,594,500,2641,1928,714,3
525,1777,1378,1042,1019,1766,594,498,2577,1928,714,3
526,1782,1383,1042,1021,1770,593,500,2616,1930,715,3
527,1780,1362,1042,1024,1767,594,501,2723,1929,714,3
528,1779,1387,1042,1022,1766,594,499,2792,1929,716,3
529,1776,1398,1042,1024,1768,594,499,2801,1929,712,3
530,1772,1379,1040,1024,1768,594,500,2714,1927,714,3
531,1776,1361,1042,1021,1768,594,501,2606,1930,716,3
532,1779,1387,1040,1021,1768,600,500,2582,1929,716,3
533,1776,1379,1041,1024,1768,594,500,2656,1928,715,3
534,1777,1380,1042,1020,1768,595,498,2753,1928,713,3
535,1747,1382,1042,1020,1768,594,498,2797,1928,714,3
536,1777,1397,1042,1020,1768,594,499,2794,1928,714,3
537,1772,1375,1042,1021,1767,593,499,2674,1929,715,3
538,1778,1385,1042,1019,1768,593,498,2578,1929,714,3
539,1781,1395,1042,1020,1768,594,505,2600,1929,714,3
540,1775,1378,1042,1018,1772,594,498,2690,1928,714,3
541,1778,1386,1042,1018,1767,595,499,2776,1928,714,3
542,1776,1403,1041,1020,1767,595,499,2803,1928,714,3
543,1785,1383,1042,1019,1767,595,497,2757,1928,714,3
544,1779,1386,1042,1018,1766,594,498,2642,1928,714,3
545,1781,1380,1042,1019,1768,594,498,2578,1927,715,3
546,1801,1384,1044,1018,1767,595,498,2616,1929,713,3
547,1766,1384,1040,1020,1769,596,498,2726,1928,715,3
548,1781,1391,1042,1014,1768,593,500,2790,1928,714,3
549,1777,1381,1042,1020,1769,595,498,2796,1927,715,3
550,1786,1386,1042,1018,1768,594,498,2720,1927,714,3
551,1778,1379,1042,1019,1768,595,497,2602,1927,714,3
552,1779,1386,1042,1019,1768,595,500,2574,1928,714,3
553,1753,1379,1041,1018,1768,593,498,2654,1932,714,3
554,1793,1385,1042,1018,1768,593,498,2749,1927,714,3
555,1771,1383,1041,1018,1768,595,496,2797,1928,712,3
556,1779,1394,1042,1017,1767,595,501,2794,1928,714,3
557,1778,1374,1042,1024,1769,595,495,2671,1928,714,3
558,1771,1382,1041,1018,1767,594,496,2584,1928,714,3
559,1786,1384,1042,1017,1770,595,498,2594,1927,714,3
560,1778,1382,1042,1017,1769,595,499,2688,1928,713,3
561,1782,1394,1042,1015,1767,595,500,2771,1927,715,3
562,1778,1374,1042,1028,1768,594,494,2794,1928,714,3
563,1765,1382,1051,1018,1769,595,498,2763,1928,715,3
564,1787,1384,1042,1018,1768,595,497,2635,1928,713,3
565,1764,1384,1041,1015,1768,595,496,2573,1927,714,3
566,1782,1383,1041,1017,1767,595,494,2614,1927,714,3
567,1779,1387,1041,1018,1768,594,498,2717,1928,715,3
568,1786,1387,1042,1017,1768,593,498,2787,1927,714,3
569,1773,1381,1041,1015,1769,590,496,2796,1928,713,3
570,1785,1389,1042,1016,1768,595,498,2722,1927,713,3
571,1787,1383,1042,1015,1768,594,497,2605,1926,715,3
572,1763,1379,1044,1016,1768,594,497,2579,1928,713,3
573,1780,1380,1042,1016,1769,592,496,2651,1927,714,3
574,1781,1388,1042,1016,1768,594,496,2755,1926,714,3
575,1783,1384,1043,1015,1768,595,495,2790,1927,713,3
576,1776,1372,1042,1026,1768,595,493,2787,1928,715,3
577,1777,1402,1042,1017,1767,594,496,2680,1928,714,3
578,1771,1380,1042,1016,1769,594,498,2581,1928,714,3
579,1786,1388,1042,1014,1769,595,496,2596,1928,713,3
580,1780,1372,1042,1018,1768,594,493,2678,1926,714,3
581,1755,1383,1043,1014,1770,593,496,2768,1928,714,3
582,1773,1380,1041,1016,1768,594,497,2796,1926,714,3
583,1772,1381,1041,1016,1770,593,497,2766,1926,714,3
584,1801,1386,1042,1015,1768,595,494,2637,1928,714,3
585,1778,1383,1042,1014,1768,595,495,2571,1926,714,3
586,1786,1382,1042,1014,1769,594,495,2605,1927,714,3
587,1756,1381,1041,1017,1770,594,497,2720,1926,714,3
588,1780,1381,1042,1015,1770,593,496,2779,1926,714,3
589,1771,1386,1042,1014,1769,594,496,2800,1927,713,3
590,1811,1386,1043,1014,1767,594,495,2719,1927,713,3
591,1775,1382,1042,1014,1768,594,495,2611,1928,712,3
592,1800,1384,1042,1014,1768,595,495,2570,1928,713,3
593,1777,1386,1041,1015,1767,593,497,2648,1927,713,3
594,1794,1387,1031,1015,1767,594,495,2740,1927,713,3
595,1786,1385,1043,1013,1769,593,495,2793,1928,713,3
596,1787,1384,1043,1014,1768,594,494,2789,1926,714,3
597,1793,1384,1040,1015,1770,596,495,2682,1926,714,3
598,1786,1384,1041,1013,1768,594,495,2578,1926,714,3
599,1788,1384,1041,1013,1768,594,495,2589,1924,713,3
600,1778,1373,1042,1015,1768,594,494,2671,1926,713,3
601,1786,1386,1042,1012,1769,595,494,2761,1926,712,3
602,1775,1373,1040,1014,1768,594,488,2792,1926,713,3
603,1783,1386,1042,1013,1769,595,496,2771,1926,713,3
604,1782,1370,1042,1013,1768,594,496,2646,1926,718,3
605,1782,1380,1042,1014,1768,594,495,2565,1926,713,3
606,1780,1388,1042,1013,1768,595,494,2601,1926,714,3
607,1781,1384,1040,1015,1773,594,494,2708,1926,714,3
608,1779,1385,1042,1013,1769,593,497,2786,1926,712,3
609,1793,1386,1042,1012,1770,594,494,2795,1926,712,3
610,1787,1388,1042,1013,1768,595,493,2733,1926,711,3
611,1800,1384,1042,1014,1768,595,495,2611,1926,712,3
612,1785,1390,1041,1015,1768,595,494,2571,1926,714,3
613,1773,1383,1042,1012,1768,596,495,2633,1926,714,3
614,1780,1403,1042,1012,1768,594,493,2738,1925,713,3
615,1779,1384,1042,1013,1763,594,494,2794,1926,712,3
616,1779,1382,1042,1014,1769,595,495,2788,1926,711,3
617,1764,1381,1042,1014,1770,594,494,2690,1925,714,3
618,1783,1382,1040,1014,1769,595,494,2584,1926,713,3
619,1785,1386,1040,1012,1770,595,494,2584,1927,714,3
620,1782,1390,1043,1014,1769,594,493,2665,1926,713,3
621,1779,1394,1042,1011,1767,595,491,2760,1926,711,3
622,1778,1383,1042,1012,1763,594,493,2798,1925,714,3
623,1777,1383,1042,1011,1769,595,494,2770,1926,712,3
624,1755,1381,1042,1011,1769,594,494,2656,1925,714,3
625,1781,1374,1042,1012,1769,595,488,2567,1927,713,3
626,1781,1386,1043,1012,1768,595,494,2601,1925,711,3
627,1782,1388,1042,1012,1769,594,494,2707,1924,714,3
628,1779,1384,1040,1011,1770,596,494,2769,1925,713,3
629,1763,1386,1042,1010,1770,594,494,2799,1931,714,3
630,1776,1374,1043,1017,1769,594,489,2738,1926,713,3
631,1786,1392,1041,1012,1769,594,494,2621,1926,712,3
632,1779,1384,1042,1012,1769,593,494,2571,1925,713,3
633,1781,1381,1041,1014,1769,594,493,2621,1926,713,3
634,1752,1383,1041,1011,1770,593,493,2732,1925,714,3
635,1779,1365,1042,1011,1769,595,493,2786,1926,713,3
636,1784,1398,1041,1012,1769,594,492,2795,1925,713,3
637,1774,1379,1042,1012,1771,593,496,2703,1926,713,3
638,1783,1385,1041,1012,1769,594,494,2591,1925,712,3
639,1782,1390,1042,1011,1769,594,492,2580,1925,712,3
640,1779,1390,1042,1011,1768,596,492,2654,1924,713,3
641,1779,1382,1042,1010,1769,595,493,2748,1924,712,3
642,1742,1380,1042,1013,1768,594,493,2795,1925,712,3
643,1813,1387,1041,1012,1769,594,493,2780,1926,712,3
644,1778,1383,1041,1011,1770,594,492,2657,1925,712,3
645,1763,1385,1042,1010,1770,594,494,2574,1923,714,3
646,1798,1384,1042,1010,1768,595,493,2590,1925,712,3
647,1780,1378,1042,1012,1770,594,493,2696,1925,712,3
648,1782,1387,1042,1012,1768,595,495,2767,1924,712,3
649,1793,1384,1043,1009,1770,595,492,2795,1923,711,3
650,1782,1402,1042,1010,1770,595,491,2753,1924,713,3
651,1779,1385,1041,1012,1768,593,495,2626,1925,711,3
652,1789,1384,1043,1011,1769,594,494,2566,1917,712,3
653,1754,1381,1042,1011,1769,594,492,2616,1924,712,3
654,1779,1389,1041,1010,1769,594,494,2719,1925,712,3
655,1794,1385,1043,1011,1769,595,491,2782,1923,710,3
656,1760,1382,1042,1007,1770,595,492,2794,1923,711,3
657,1779,1387,1042,1011,1770,595,494,2712,1924,713,3
658,1777,1382,1040,1012,1770,594,492,2596,1923,712,3
659,1744,1384,1041,1011,1768,595,494,2575,1926,713,3
660,1780,1390,1043,1010,1768,595,493,2650,1924,714,3
661,1779,1381,1042,1011,1768,594,492,2743,1924,710,3
662,1782,1387,1042,1010,1768,594,494,2795,1924,712,3
663,1775,1374,1042,1010,1770,596,490,2786,1924,712,3
664,1785,1382,1041,1010,1770,598,492,2670,1924,712,3
665,1782,1396,1042,1010,1770,597,490,2577,1923,714,3
666,1782,1373,1041,1010,1769,594,494,2585,1924,713,3
667,1796,1383,1042,1009,1768,596,493,2680,1924,710,3
668,1786,1385,1040,1010,1770,595,493,2765,1923,713,3
669,1781,1387,1041,1008,1770,595,494,2799,1924,712,3
670,1774,1376,1043,1009,1770,596,491,2757,1923,714,3
671,1783,1390,1043,1007,1770,595,497,2642,1924,711,3
672,1773,1381,1044,1010,1769,596,493,2570,1924,712,3
673,1806,1383,1042,1010,1769,594,493,2603,1924,711,3
674,1779,1381,1039,1010,1770,595,492,2710,1922,712,3
675,1786,1386,1042,1009,1770,596,491,2781,1923,714,3
676,1778,1378,1042,1010,1769,595,490,2791,1923,712,3
677,1786,1384,1042,1010,1768,596,494,2720,1923,712,3
678,1758,1381,1041,1008,1770,596,493,2610,1923,714,3
679,1777,1390,1042,1009,1770,596,492,2575,1923,712,3
680,1775,1379,1043,1009,1768,590,493,2636,1923,711,3
681,1786,1390,1041,999,1770,594,494,2744,1923,712,3
682,1768,1382,1041,1010,1770,594,492,2794,1922,712,3
683,1764,1381,1042,1010,1769,595,494,2790,1923,714,3
684,1782,1382,1040,1010,1770,595,494,2678,1923,713,3
685,1784,1392,1043,1007,1769,595,495,2586,1924,711,3
686,1782,1390,1041,1009,1770,595,492,2575,1924,711,3
687,1810,1384,1042,1010,1768,596,493,2668,1923,710,3
688,1784,1389,1041,1010,1770,596,494,2758,1923,713,3
689,1774,1382,1043,1009,1770,594,493,2797,1923,712,3
690,1782,1388,1042,1008,1770,595,494,2771,1924,713,3
691,1784,1382,1041,1010,1771,595,491,2645,1923,712,3
692,1786,1391,1040,1004,1768,595,500,2574,1923,712,3
693,1782,1388,1042,1010,1769,595,492,2602,1923,712,3
694,1775,1382,1042,1010,1770,596,493,2703,1924,712,3
695,1783,1384,1042,1008,1770,596,491,2770,1923,712,3
696,1758,1380,1039,1009,1770,595,492,2798,1922,712,3
697,1779,1385,1041,1011,1769,596,494,2738,1923,712,3
698,1789,1382,1042,1009,1770,595,493,2615,1923,713,3
699,1778,1384,1041,1009,1769,595,490,2564,1922,712,3
700,1787,1386,1041,1010,1769,594,492,2628,1924,711,3
701,1781,1368,1041,1009,1770,595,491,2726,1922,712,3
702,1795,1383,1042,1010,1769,594,492,2786,1923,713,3
703,1786,1391,1041,1008,1770,595,494,2794,1923,713,3
704,1762,1382,1040,1008,1770,595,492,2698,1924,711,3
705,1782,1385,1042,1007,1770,595,492,2594,1923,712,3
706,1794,1382,1032,1010,1769,594,492,2578,1923,713,3
707,1777,1382,1042,1010,1768,594,492,2654,1923,711,3
708,1774,1381,1042,1008,1769,594,492,2755,1924,712,3
709,1782,1386,1042,1008,1771,596,493,2802,1922,712,3
710,1782,1379,1041,1008,1770,597,491,2778,1922,711,3
711,1780,1396,1041,1009,1770,595,490,2664,1922,712,3
712,1788,1386,1041,1009,1770,596,493,2574,1924,713,3
713,1778,1367,1042,1009,1769,595,493,2590,1923,712,3
714,1776,1381,1042,1008,1770,587,492,2691,1923,712,3
715,1794,1382,1042,1007,1770,595,492,2765,1923,710,3
716,1786,1386,1042,1007,1770,594,492,2797,1923,712,3
717,1774,1382,1042,1009,1768,594,492,2754,1923,713,3
718,1773,1382,1040,1007,1770,595,492,2626,1924,712,3
719,1789,1382,1041,1008,1770,595,490,2565,1923,712,3
720,1778,1378,1042,1008,1770,596,490,2607,1922,712,3
