Time,NO2,C2H5CH,VOC,CO,Temperature,Pressure,Humidity,Gas Resistance
0,136,128,363,325,20.61,1017.40,47.32,548.43
1,135,127,364,326,20.61,1017.41,47.32,548.43
2,135,127,363,326,20.61,1017.42,47.32,548.43
3,135,127,362,325,20.61,1017.41,47.32,545.76
4,135,127,362,325,20.60,1017.42,47.32,549.78
5,135,126,362,325,20.60,1017.41,47.32,549.33
6,135,126,362,326,20.60,1017.41,47.30,547.09
7,134,126,362,325,20.60,1017.42,47.30,548.43
8,134,126,361,325,20.60,1017.41,47.30,547.54
9,135,126,361,325,20.60,1017.41,47.30,548.43
10,135,125,360,325,20.60,1017.40,47.31,551.13
11,134,125,361,325,20.60,1017.40,47.31,547.54
12,134,126,360,326,20.60,1017.40,47.30,544.87
13,134,125,360,325,20.60,1017.41,47.30,548.88
14,134,125,360,325,20.60,1017.41,47.28,546.65
15,134,125,359,325,20.60,1017.41,47.30,549.33
16,134,125,359,326,20.60,1017.42,47.29,549.33
17,134,125,358,325,20.60,1017.42,47.30,549.78
18,134,124,359,324,20.60,1017.42,47.29,546.65
19,134,124,358,325,20.60,1017.42,47.30,548.88
20,134,124,358,326,20.59,1017.42,47.27,548.43
21,134,124,358,325,20.59,1017.42,47.28,547.54
22,134,123,357,326,20.59,1017.42,47.28,546.65
23,133,123,357,325,20.59,1017.42,47.28,548.43
24,133,124,356,326,20.59,1017.41,47.28,546.65
25,134,123,356,325,20.59,1017.41,47.28,549.33
26,133,123,356,325,20.59,1017.41,47.28,549.78
27,133,123,356,326,20.59,1017.41,47.28,550.68
28,133,123,356,325,20.59,1017.41,47.28,548.88
29,134,122,356,326,20.59,1017.42,47.28,547.98
30,133,122,355,325,20.59,1017.43,47.29,551.58
31,133,122,355,325,20.59,1017.42,47.29,546.65
32,133,123,355,325,20.59,1017.43,47.28,548.88
33,133,122,354,325,20.59,1017.42,47.29,550.23
34,132,122,354,326,20.59,1017.42,47.30,547.54
35,133,122,354,326,20.59,1017.42,47.29,547.98
36,132,122,354,325,20.59,1017.42,47.30,552.49
37,133,122,353,325,20.59,1017.42,47.30,548.88
38,132,121,353,325,20.59,1017.42,47.28,550.23
39,132,121,353,325,20.59,1017.43,47.30,549.33
40,132,120,352,325,20.59,1017.42,47.31,551.58
41,133,121,352,326,20.59,1017.43,47.30,546.65
42,132,120,352,325,20.59,1017.43,47.30,547.54
43,132,120,352,326,20.58,1017.43,47.30,549.78
44,132,121,352,325,20.58,1017.43,47.31,547.98
45,132,120,351,326,20.58,1017.43,47.30,549.78
46,132,120,351,326,20.58,1017.43,47.29,550.23
47,132,120,350,325,20.58,1017.42,47.29,548.43
48,132,120,350,326,20.58,1017.42,47.29,549.78
49,132,120,350,325,20.58,1017.42,47.27,550.23
50,131,120,350,326,20.58,1017.42,47.28,551.58
51,132,119,349,326,20.58,1017.43,47.28,548.88
52,132,120,350,325,20.58,1017.43,47.29,550.23
53,131,119,349,325,20.58,1017.43,47.28,548.43
54,131,119,349,325,20.58,1017.43,47.28,550.23
55,132,119,349,325,20.58,1017.43,47.26,550.23
56,131,119,348,326,20.58,1017.44,47.27,552.04
57,131,119,348,326,20.58,1017.43,47.28,551.58
58,131,119,348,325,20.58,1017.42,47.26,549.33
59,131,119,348,325,20.58,1017.42,47.28,550.23
60,132,119,348,325,20.58,1017.42,47.28,552.94
61,131,118,348,325,20.58,1017.42,47.27,549.78
62,131,118,347,325,20.58,1017.42,47.26,551.13
63,131,118,347,326,20.58,1017.42,47.27,549.33
64,131,118,347,325,20.58,1017.42,47.27,551.58
65,130,118,347,325,20.58,1017.43,47.26,549.78
66,131,117,347,325,20.58,1017.42,47.26,549.33
67,131,117,346,326,20.57,1017.43,47.28,552.94
68,131,118,346,326,20.57,1017.41,47.28,552.04
69,130,118,345,326,20.57,1017.41,47.27,549.33
70,130,117,345,326,20.57,1017.41,47.28,552.04
71,131,116,346,325,20.57,1017.42,47.28,550.23
72,130,117,345,325,20.57,1017.42,47.26,552.49
73,130,117,346,326,20.57,1017.42,47.28,551.13
74,131,117,345,325,20.57,1017.42,47.28,549.33
75,131,117,345,325,20.57,1017.41,47.27,552.94
76,130,116,344,325,20.57,1017.42,47.28,550.23
77,130,116,344,325,20.57,1017.41,47.28,550.23
78,130,116,344,326,20.57,1017.41,47.28,551.58
79,130,116,344,325,20.57,1017.41,47.28,552.04
80,130,116,343,326,20.57,1017.40,47.28,548.43
81,130,116,344,326,20.57,1017.40,47.28,552.94
82,130,116,343,326,20.57,1017.41,47.28,552.04
83,130,116,343,325,20.57,1017.41,47.27,550.23
84,130,115,343,325,20.57,1017.41,47.26,552.94
85,130,115,342,326,20.57,1017.41,47.26,551.58
86,130,116,342,326,20.57,1017.41,47.25,550.23
87,129,115,342,325,20.57,1017.40,47.27,553.40
88,130,115,342,326,20.57,1017.40,47.26,548.88
89,130,115,342,325,20.57,1017.40,47.26,552.49
90,130,115,341,325,20.57,1017.39,47.26,549.33
91,130,115,341,326,20.57,1017.39,47.26,550.68
92,129,115,341,325,20.57,1017.40,47.26,551.13
93,129,115,342,325,20.57,1017.39,47.26,550.68
94,130,115,341,325,20.57,1017.40,47.26,547.54
95,130,114,340,325,20.57,1017.41,47.26,551.13
96,129,114,341,326,20.57,1017.41,47.26,550.23
97,129,114,340,325,20.57,1017.40,47.26,553.86
98,129,114,340,326,20.56,1017.41,47.26,553.40
99,129,114,340,325,20.56,1017.42,47.26,552.04
100,129,113,340,325,20.56,1017.41,47.26,551.13
101,129,114,340,326,20.56,1017.41,47.25,550.68
102,129,113,340,325,20.56,1017.41,47.26,550.23
103,129,114,339,326,20.56,1017.41,47.26,551.13
104,129,113,339,326,20.56,1017.41,47.27,550.68
105,129,113,339,326,20.56,1017.40,47.27,555.23
106,129,113,339,325,20.56,1017.41,47.27,547.54
107,129,113,338,325,20.56,1017.41,47.27,550.23
108,129,112,339,326,20.56,1017.41,47.27,551.58
109,129,112,338,326,20.56,1017.40,47.28,550.68
110,129,113,338,325,20.56,1017.41,47.28,548.43
111,128,113,338,325,20.56,1017.42,47.27,554.31
112,128,113,337,325,20.56,1017.42,47.28,550.68
113,128,112,338,325,20.56,1017.42,47.28,552.49
114,128,112,336,326,20.56,1017.42,47.29,547.98
115,128,112,336,325,20.56,1017.42,47.28,554.77
116,127,112,336,326,20.56,1017.42,47.28,553.86
117,128,112,336,326,20.56,1017.41,47.29,551.13
118,128,112,337,326,20.56,1017.41,47.28,552.94
119,128,112,336,325,20.56,1017.42,47.29,552.04
120,128,112,335,325,20.56,1017.42,47.29,551.13
121,128,111,336,326,20.56,1017.43,47.29,554.77
122,128,111,337,326,20.56,1017.43,47.28,544.87
123,174,117,347,351,20.56,1017.43,47.29,487.89
124,310,127,371,394,20.57,1017.42,47.34,413.18
125,435,140,401,427,20.57,1017.43,47.44,349.24
126,514,153,429,449,20.58,1017.43,47.63,305.08
127,557,164,455,466,20.58,1017.43,47.87,277.43
128,575,172,477,477,20.59,1017.43,48.19,258.75
129,581,178,494,487,20.60,1017.43,48.53,246.41
130,578,183,506,496,20.60,1017.44,48.91,236.88
131,572,188,516,504,20.61,1017.45,49.35,230.28
132,565,192,523,510,20.62,1017.45,49.81,224.95
133,557,193,530,517,20.62,1017.44,50.27,222.23
134,546,196,532,522,20.63,1017.44,50.75,219.57
135,533,198,535,525,20.63,1017.44,51.25,219.42
136,520,199,536,530,20.64,1017.45,51.74,217.26
137,505,199,537,532,20.65,1017.45,52.24,218.12
138,492,199,537,535,20.65,1017.44,52.73,217.55
139,479,200,537,538,20.65,1017.45,53.22,219.57
140,467,200,537,540,20.66,1017.71,53.71,219.71
141,455,200,537,545,20.66,1018.20,54.21,221.48
142,446,201,537,550,20.67,1018.56,54.65,222.53
143,438,200,537,555,20.68,1018.83,55.16,223.88
144,432,201,538,561,20.69,1019.04,55.60,224.95
145,426,201,539,565,20.70,1019.19,56.04,227.42
146,422,202,539,567,20.71,1019.31,56.46,227.27
147,419,202,539,570,20.72,1019.40,56.86,229.48
148,416,202,539,572,20.73,1019.47,57.24,229.00
149,414,202,541,575,20.74,1019.52,57.60,231.73
150,412,203,541,576,20.75,1019.55,57.92,232.54
151,411,203,542,577,20.76,1019.56,58.25,234.86
152,410,204,543,579,20.77,1019.58,58.57,235.02
153,409,204,543,580,20.78,1019.60,58.84,237.90
154,408,205,543,581,20.80,1019.62,59.09,237.22
155,408,206,545,582,20.81,1019.63,59.34,237.22
156,408,206,546,583,20.82,1019.63,59.58,238.59
157,407,206,546,584,20.83,1019.64,59.79,240.32
158,408,207,547,585,20.84,1019.65,59.97,241.20
159,407,208,548,585,20.85,1019.65,60.16,241.20
160,408,208,550,585,20.86,1019.66,60.30,243.33
161,408,208,549,586,20.87,1019.66,60.46,242.43
162,407,209,551,586,20.87,1019.67,60.60,243.51
163,408,210,552,587,20.88,1019.67,60.72,244.05
164,407,210,553,587,20.89,1019.66,60.83,244.23
165,408,211,553,587,20.90,1019.67,60.94,245.31
166,408,211,555,587,20.91,1019.68,61.02,245.68
167,408,212,556,587,20.92,1019.67,61.11,246.41
168,408,212,556,587,20.93,1019.68,61.19,246.41
169,409,212,558,588,20.93,1019.68,61.24,247.33
170,409,214,558,587,20.94,1019.68,61.28,248.07
171,409,213,559,588,20.95,1019.68,61.33,247.70
172,409,215,560,588,20.95,1019.68,61.39,247.52
173,409,215,561,588,20.96,1019.68,61.43,249.38
174,410,215,561,588,20.97,1019.69,61.44,249.38
175,410,216,562,588,20.98,1019.69,61.48,249.57
176,410,217,563,587,20.98,1019.69,61.49,249.38
177,411,217,564,588,20.99,1019.69,61.49,252.24
178,410,218,565,587,20.99,1019.69,61.50,251.09
179,410,218,566,588,21.00,1019.69,61.50,250.52
180,410,219,567,587,21.01,1019.69,61.50,252.05
181,411,219,567,587,21.01,1019.70,61.50,251.85
182,411,219,568,586,21.02,1019.69,61.50,252.82
183,412,219,569,587,21.02,1019.68,61.49,252.82
184,411,220,570,587,21.03,1019.69,61.47,252.82
185,411,220,570,586,21.03,1019.68,61.45,253.21
186,412,222,571,587,21.04,1019.69,61.45,252.43
187,412,222,572,586,21.04,1019.68,61.41,253.59
188,412,222,573,587,21.05,1019.68,61.39,255.95
189,412,223,574,587,21.05,1019.67,61.37,254.57
190,412,223,574,586,21.06,1019.68,61.34,253.59
191,412,224,575,586,21.06,1019.68,61.31,255.56
192,413,225,576,586,21.07,1019.68,61.28,254.37
193,412,225,576,586,21.07,1019.68,61.25,256.15
194,413,226,577,586,21.07,1019.69,61.23,254.57
195,413,226,578,586,21.08,1019.69,61.18,254.96
196,413,227,579,585,21.08,1019.69,61.14,257.14
197,413,227,579,585,21.09,1019.70,61.12,257.14
198,413,227,580,585,21.09,1019.69,61.08,256.35
199,413,228,581,584,21.10,1019.70,61.05,256.94
200,413,228,581,585,21.10,1019.70,61.02,257.35
201,413,229,582,584,21.10,1019.70,60.97,257.75
202,413,229,582,585,21.11,1019.70,60.92,256.55
203,414,229,583,584,21.11,1019.70,60.89,258.96
204,414,230,584,584,21.12,1019.70,60.86,258.55
205,413,231,584,584,21.12,1019.70,60.81,258.75
206,413,231,585,584,21.12,1019.70,60.77,258.35
207,414,232,585,583,21.13,1019.70,60.75,259.36
208,413,232,586,583,21.13,1019.69,60.68,259.36
209,414,232,586,583,21.13,1019.70,60.65,258.55
210,414,233,587,583,21.14,1019.71,60.60,260.39
211,414,234,587,582,21.14,1019.71,60.57,259.57
212,414,233,588,582,21.14,1019.71,60.51,259.57
213,414,234,589,582,21.15,1019.72,60.49,260.39
214,413,234,589,582,21.15,1019.72,60.45,260.80
215,414,235,589,583,21.15,1019.72,60.40,261.21
216,414,235,590,581,21.16,1019.72,60.35,261.21
217,414,235,590,582,21.16,1019.72,60.31,261.00
218,414,236,591,581,21.16,1019.71,60.27,260.39
219,414,236,591,581,21.17,1019.71,60.22,261.62
220,413,237,592,581,21.17,1019.71,60.19,260.80
221,414,237,592,582,21.17,1019.71,60.16,262.25
222,414,237,593,581,21.17,1019.71,60.12,261.83
223,413,238,594,580,21.18,1019.72,60.07,262.04
224,414,238,594,581,21.18,1019.72,60.03,262.66
225,413,239,594,581,21.18,1019.72,59.99,262.45
226,414,239,594,581,21.19,1019.71,59.96,263.29
227,414,239,595,580,21.19,1019.72,59.92,262.04
228,414,239,595,580,21.19,1019.72,59.88,262.25
229,413,240,596,581,21.19,1019.72,59.83,263.29
230,413,240,596,581,21.20,1019.71,59.80,264.98
231,414,241,597,580,21.20,1019.71,59.76,263.92
232,413,242,597,580,21.20,1019.72,59.73,264.13
233,414,241,597,579,21.20,1019.72,59.67,264.13
234,414,242,598,579,21.21,1019.72,59.64,264.13
235,413,242,598,579,21.21,1019.72,59.60,264.98
236,414,242,599,579,21.21,1019.72,59.57,263.92
237,414,243,599,579,21.21,1019.73,59.55,264.98
238,413,244,599,579,21.22,1019.73,59.50,264.34
239,413,244,600,578,21.22,1019.72,59.45,264.98
240,413,244,600,579,21.22,1019.73,59.43,264.34
241,413,245,600,578,21.22,1019.73,59.39,265.40
242,413,245,600,579,21.23,1019.73,59.35,265.62
243,413,245,601,578,21.23,1019.73,59.33,264.76
244,413,245,601,578,21.23,1019.73,59.29,264.55
245,413,246,602,577,21.23,1019.73,59.26,264.98
246,413,246,602,578,21.23,1019.72,59.22,266.04
247,413,247,603,578,21.24,1019.71,59.20,266.04
248,413,246,603,578,21.24,1019.72,59.15,266.90
249,413,247,603,578,21.24,1019.72,59.13,266.26
250,413,246,603,578,21.24,1019.72,59.09,266.26
251,413,247,603,577,21.24,1019.72,59.05,266.69
252,412,248,603,578,21.25,1019.72,59.02,266.69
253,412,248,603,578,21.25,1019.72,58.98,267.55
254,413,249,604,577,21.25,1019.72,58.96,268.20
255,413,249,605,576,21.26,1019.73,58.93,267.99
256,413,248,605,577,21.26,1019.73,58.89,266.90
257,413,249,604,576,21.26,1019.73,58.87,266.69
258,412,249,605,576,21.26,1019.73,58.85,267.55
259,413,250,605,576,21.26,1019.73,58.81,266.90
260,413,250,605,576,21.27,1019.72,58.78,267.77
261,413,251,606,576,21.27,1019.72,58.75,269.51
262,412,251,606,575,21.27,1019.73,58.71,267.55
263,412,251,606,576,21.27,1019.73,58.67,268.20
264,412,251,607,576,21.27,1019.73,58.67,268.42
265,412,252,607,576,21.28,1019.73,58.63,269.08
266,412,252,607,576,21.28,1019.74,58.60,267.99
267,412,252,607,575,21.28,1019.74,58.57,267.12
268,412,252,608,575,21.28,1019.75,58.54,269.30
269,412,252,608,576,21.28,1019.74,58.50,268.86
270,412,252,608,575,21.29,1019.74,58.49,269.08
271,412,253,608,576,21.29,1019.74,58.44,268.64
272,412,253,608,575,21.29,1019.73,58.42,270.62
273,412,253,609,575,21.29,1019.73,58.40,270.84
274,411,253,609,575,21.29,1019.73,58.38,268.86
275,411,254,609,575,21.29,1019.73,58.34,271.51
276,412,254,609,575,21.30,1019.72,58.32,269.51
277,412,255,609,574,21.30,1019.73,58.31,268.86
278,412,255,610,574,21.30,1019.73,58.27,268.64
279,412,255,610,574,21.30,1019.73,58.26,270.40
280,411,255,610,575,21.30,1019.73,58.22,269.73
281,411,255,610,574,21.30,1019.73,58.19,269.73
282,411,256,610,574,21.30,1019.74,58.16,271.06
283,411,256,611,573,21.31,1019.74,58.15,270.18
284,411,256,611,574,21.31,1019.74,58.12,270.18
285,411,256,610,574,21.31,1019.73,58.08,270.40
286,411,257,611,573,21.31,1019.74,58.07,270.18
287,411,257,612,573,21.31,1019.74,58.04,270.84
288,411,257,611,573,21.31,1019.74,58.02,271.95
289,411,257,611,573,21.32,1019.74,57.99,271.28
290,411,258,611,573,21.32,1019.74,57.97,271.06
291,411,257,612,573,21.32,1019.74,57.94,271.06
292,411,258,612,574,21.32,1019.75,57.93,271.95
293,411,258,612,573,21.32,1019.75,57.91,271.28
294,411,259,613,573,21.32,1019.75,57.87,271.73
295,411,258,613,572,21.32,1019.74,57.85,271.51
296,410,258,613,573,21.33,1019.74,57.83,271.06
297,411,259,613,572,21.33,1019.74,57.81,271.73
298,410,259,612,573,21.33,1019.74,57.80,272.85
299,411,259,614,573,21.33,1019.74,57.77,272.40
300,411,259,614,572,21.33,1019.74,57.75,272.63
301,410,260,613,572,21.33,1019.73,57.72,272.85
302,410,259,613,573,21.34,1019.74,57.70,271.51
303,410,260,614,572,21.34,1019.73,57.68,272.18
304,409,260,614,573,21.34,1019.73,57.66,272.40
305,411,260,615,572,21.34,1019.73,57.63,272.63
306,410,260,614,572,21.34,1019.74,57.63,274.21
307,409,261,614,572,21.34,1019.74,57.59,273.75
308,410,261,615,572,21.34,1019.74,57.56,272.85
309,410,261,614,572,21.34,1019.73,57.55,273.75
310,410,261,615,572,21.35,1019.73,57.53,272.85
311,410,262,614,571,21.35,1019.73,57.51,272.63
312,410,262,615,572,21.35,1019.73,57.49,273.30
313,409,261,615,571,21.35,1019.73,57.47,273.75
314,409,262,615,571,21.35,1019.73,57.46,276.04
315,410,262,615,571,21.35,1019.73,57.43,273.75
316,409,263,615,571,21.35,1019.72,57.40,274.89
317,409,263,615,572,21.36,1019.72,57.39,273.08
318,409,262,615,571,21.36,1019.73,57.36,273.08
319,409,263,616,571,21.36,1019.73,57.35,274.67
320,409,262,616,571,21.36,1019.73,57.34,276.04
321,409,263,616,571,21.36,1019.72,57.32,273.98
322,409,263,616,570,21.36,1019.72,57.30,274.44
323,409,264,616,570,21.36,1019.72,57.26,273.75
324,409,263,617,571,21.36,1019.72,57.26,275.58
325,409,264,616,570,21.36,1019.73,57.24,274.21
326,409,264,616,571,21.37,1019.73,57.22,276.97
327,409,264,617,571,21.37,1019.72,57.20,274.67
328,409,264,616,570,21.37,1019.73,57.17,274.67
329,409,264,617,570,21.37,1019.73,57.16,274.67
330,408,265,617,570,21.37,1019.73,57.15,275.35
331,409,264,617,570,21.37,1019.73,57.11,274.44
332,409,264,617,570,21.37,1019.73,57.12,274.89
333,408,265,617,571,21.37,1019.74,57.10,276.27
334,408,264,616,570,21.38,1019.74,57.07,275.81
335,408,265,616,570,21.38,1019.74,57.06,275.35
336,409,266,617,570,21.38,1019.73,57.03,274.89
337,408,265,617,570,21.38,1019.73,57.03,275.81
338,409,266,617,570,21.38,1019.73,57.00,276.97
339,408,265,617,570,21.38,1019.73,57.00,277.20
340,408,266,617,570,21.38,1019.73,56.97,276.73
341,408,266,617,570,21.38,1019.72,56.97,277.43
342,408,266,618,570,21.38,1019.72,56.94,276.50
343,409,266,618,569,21.39,1019.72,56.93,276.27
344,408,266,618,569,21.39,1019.72,56.91,277.20
345,408,266,618,570,21.39,1019.72,56.89,275.35
346,409,266,618,570,21.39,1019.72,56.88,276.50
347,408,266,618,569,21.39,1019.73,56.86,276.97
348,408,267,618,569,21.39,1019.73,56.84,276.97
349,408,267,618,569,21.39,1019.73,56.83,276.73
350,407,267,618,569,21.39,1019.73,56.82,277.43
351,408,267,618,569,21.40,1019.73,56.79,276.04
352,407,267,618,569,21.40,1019.73,56.79,277.43
353,407,268,618,569,21.40,1019.73,56.76,276.50
354,408,267,619,569,21.40,1019.73,56.74,276.27
355,407,268,618,569,21.40,1019.73,56.74,276.97
356,407,268,619,569,21.40,1019.73,56.71,277.66
357,408,268,618,569,21.40,1019.73,56.70,276.50
358,408,268,619,569,21.40,1019.73,56.68,276.50
359,407,268,619,568,21.41,1019.73,56.67,276.27
360,407,268,618,569,21.41,1019.73,56.66,276.97
361,407,268,619,569,21.41,1019.74,56.64,277.43
362,407,268,619,569,21.41,1019.74,56.63,278.83
363,407,269,619,569,21.41,1019.74,56.62,277.43
364,407,268,619,569,21.41,1019.73,56.60,276.50
365,407,269,619,568,21.41,1019.74,56.58,277.43
366,407,268,619,569,21.41,1019.73,56.57,276.97
367,407,269,620,569,21.41,1019.73,56.56,277.66
368,406,270,620,569,21.41,1019.73,56.54,276.97
369,407,270,620,569,21.41,1019.73,56.53,278.37
370,406,270,620,569,21.42,1019.73,56.51,277.90
371,407,270,620,568,21.42,1019.73,56.50,278.13
372,407,270,620,568,21.42,1019.74,56.49,276.97
373,407,269,620,568,21.42,1019.73,56.46,279.07
374,407,270,620,568,21.42,1019.73,56.45,278.37
375,406,270,620,568,21.42,1019.73,56.44,279.78
376,407,270,620,568,21.42,1019.73,56.42,278.37
377,407,270,620,568,21.42,1019.73,56.41,277.90
378,406,270,620,567,21.42,1019.72,56.40,278.83
379,406,270,620,568,21.42,1019.73,56.39,278.13
380,406,271,619,568,21.42,1019.74,56.37,277.66
381,406,270,620,568,21.43,1019.74,56.37,277.20
382,406,271,620,568,21.43,1019.74,56.35,278.83
383,407,271,620,568,21.43,1019.74,56.32,278.37
384,407,271,621,567,21.43,1019.73,56.32,279.54
385,406,271,620,567,21.43,1019.73,56.31,278.60
386,406,271,620,567,21.43,1019.74,56.29,279.78
387,405,271,621,568,21.43,1019.74,56.28,280.73
388,406,271,621,568,21.43,1019.73,56.26,279.78
389,406,271,620,568,21.43,1019.72,56.26,278.83
390,406,272,620,568,21.43,1019.72,56.23,278.60
391,406,272,621,567,21.43,1019.73,56.22,279.07
392,406,272,620,568,21.43,1019.72,56.23,279.31
393,406,272,620,567,21.44,1019.72,56.20,279.07
394,406,271,621,567,21.44,1019.72,56.19,279.31
395,406,272,621,567,21.44,1019.72,56.19,280.25
396,406,272,621,567,21.44,1019.73,56.16,279.78
397,406,273,622,566,21.44,1019.74,56.15,279.31
398,406,272,621,566,21.44,1019.74,56.15,279.07
399,405,272,621,567,21.44,1019.74,56.13,280.49
400,405,272,621,567,21.45,1019.74,56.12,280.97
401,406,273,620,567,21.45,1019.74,56.10,280.73
402,405,273,621,567,21.45,1019.74,56.10,278.83
403,405,273,621,567,21.45,1019.73,56.08,278.60
404,404,273,621,567,21.45,1019.73,56.06,280.25
405,405,272,621,566,21.45,1019.73,56.06,280.25
406,405,273,621,566,21.45,1019.73,56.05,280.73
407,405,273,621,567,21.45,1019.74,56.03,279.78
408,404,273,621,567,21.45,1019.73,56.01,279.07
409,406,273,621,566,21.45,1019.74,56.02,281.21
410,404,273,621,567,21.45,1019.75,56.01,281.45
411,405,273,621,566,21.46,1019.73,56.00,279.54
412,405,273,621,566,21.46,1019.74,55.97,280.49
413,404,273,622,566,21.46,1019.73,55.97,281.69
414,405,273,622,566,21.46,1019.73,55.96,279.31
415,404,274,622,566,21.46,1019.74,55.94,281.45
416,405,273,622,566,21.46,1019.73,55.94,280.97
417,405,274,621,566,21.46,1019.73,55.92,280.02
418,405,274,622,566,21.46,1019.73,55.91,281.69
419,404,274,622,567,21.47,1019.74,55.90,281.21
420,404,274,621,566,21.47,1019.74,55.89,281.21
421,405,274,622,566,21.47,1019.74,55.89,281.21
422,404,274,622,566,21.47,1019.74,55.86,279.31
423,404,274,622,566,21.47,1019.74,55.84,281.69
424,404,275,622,566,21.47,1019.74,55.84,281.69
425,404,274,621,567,21.47,1019.75,55.83,281.45
426,404,275,622,566,21.47,1019.74,55.82,281.45
427,404,275,622,566,21.47,1019.74,55.81,280.25
428,404,275,622,566,21.47,1019.74,55.80,281.21
429,404,275,622,566,21.47,1019.73,55.79,281.21
430,404,275,622,566,21.47,1019.74,55.78,280.73
431,404,275,621,566,21.48,1019.73,55.77,281.45
432,403,275,622,566,21.48,1019.73,55.76,282.17
433,404,275,622,566,21.48,1019.73,55.75,282.65
434,404,274,622,565,21.48,1019.73,55.74,283.13
435,404,275,623,566,21.48,1019.73,55.72,282.65
436,404,275,622,566,21.48,1019.74,55.73,280.97
437,404,275,622,565,21.48,1019.74,55.71,281.69
438,404,275,622,566,21.48,1019.74,55.70,281.21
439,404,275,622,566,21.48,1019.74,55.68,281.69
440,403,275,622,566,21.49,1019.73,55.68,280.49
441,404,276,622,565,21.49,1019.73,55.68,282.65
442,403,275,622,566,21.49,1019.73,55.65,281.45
443,404,276,622,565,21.49,1019.73,55.64,282.65
444,404,276,623,565,21.49,1019.73,55.64,282.41
445,403,275,623,565,21.49,1019.74,55.62,281.69
446,403,276,622,565,21.49,1019.74,55.60,283.62
447,403,276,623,565,21.49,1019.74,55.61,282.41
448,404,276,622,566,21.49,1019.74,55.60,282.41
449,403,276,622,565,21.49,1019.74,55.59,282.89
450,403,276,623,565,21.49,1019.74,55.59,282.41
451,403,277,622,565,21.49,1019.74,55.57,283.38
452,404,277,622,565,21.49,1019.74,55.55,283.62
453,403,276,622,565,21.49,1019.74,55.54,283.13
454,403,276,622,565,21.50,1019.74,55.55,282.89
455,403,276,622,565,21.50,1019.73,55.52,283.62
456,403,277,623,565,21.50,1019.73,55.52,283.86
457,403,276,623,565,21.50,1019.73,55.53,282.65
458,402,277,622,565,21.50,1019.73,55.50,284.11
459,403,277,623,565,21.50,1019.73,55.48,282.17
460,403,277,623,565,21.50,1019.73,55.48,284.11
461,403,277,622,565,21.50,1019.73,55.47,282.65
462,403,277,622,565,21.50,1019.74,55.47,282.41
463,402,277,622,565,21.50,1019.73,55.46,282.65
464,402,277,623,565,21.50,1019.72,55.45,283.13
465,402,277,623,565,21.50,1019.72,55.43,283.62
466,402,277,623,565,21.50,1019.73,55.42,283.62
467,402,277,623,564,21.50,1019.73,55.42,282.65
468,402,277,623,564,21.50,1019.73,55.40,282.65
469,402,277,623,565,21.51,1019.73,55.40,283.62
470,403,277,622,564,21.50,1019.72,55.38,283.62
471,402,278,622,565,21.51,1019.72,55.39,284.60
472,403,277,623,564,21.51,1019.72,55.38,283.13
473,403,277,623,565,21.51,1019.71,55.36,284.60
474,402,277,623,564,21.51,1019.71,55.36,285.09
475,402,277,623,564,21.51,1019.71,55.36,284.60
476,402,278,623,565,21.51,1019.71,55.35,285.09
477,402,278,623,565,21.51,1019.72,55.33,283.62
478,402,278,623,564,21.51,1019.72,55.33,283.13
479,401,278,623,564,21.51,1019.72,55.31,284.11
480,402,277,623,565,21.51,1019.72,55.29,284.60
481,402,278,622,564,21.51,1019.72,55.31,283.38
482,402,278,623,565,21.52,1019.72,55.29,283.62
483,401,278,624,565,21.52,1019.72,55.28,283.62
484,402,278,623,564,21.52,1019.72,55.27,285.09
485,402,278,623,564,21.52,1019.72,55.26,284.60
486,402,278,623,565,21.52,1019.71,55.26,285.58
487,401,278,623,565,21.52,1019.72,55.26,285.09
488,402,278,624,565,21.52,1019.72,55.25,285.33
489,402,278,623,564,21.52,1019.72,55.24,284.60
490,401,278,623,564,21.52,1019.72,55.22,284.60
491,402,278,622,564,21.52,1019.71,55.21,284.11
492,401,278,623,564,21.52,1019.71,55.20,284.11
493,402,278,623,564,21.52,1019.71,55.19,284.11
494,402,279,623,564,21.52,1019.71,55.20,285.09
495,401,278,623,565,21.53,1019.71,55.18,284.11
496,402,279,623,564,21.53,1019.71,55.17,285.33
497,401,279,623,563,21.53,1019.71,55.17,285.09
498,401,278,623,564,21.53,1019.70,55.15,284.60
499,402,279,623,564,21.53,1019.71,55.15,284.84
500,401,279,623,564,21.53,1019.23,55.15,285.83
501,399,278,622,559,21.53,1018.80,55.14,288.32
502,389,276,618,548,21.52,1018.48,55.11,296.07
503,374,273,615,535,21.51,1018.24,55.06,307.93
504,358,270,610,521,21.49,1018.06,55.01,321.71
505,343,268,607,510,21.48,1017.91,54.93,332.38
506,328,266,602,499,21.46,1017.80,54.79,346.31
507,314,264,599,490,21.44,1017.71,54.66,359.49
508,301,261,595,481,21.42,1017.65,54.52,372.46
509,290,260,591,474,21.40,1017.61,54.36,383.90
510,280,257,587,466,21.38,1017.59,54.18,394.03
511,271,255,583,460,21.36,1017.57,54.00,400.61
512,262,253,579,454,21.34,1017.54,53.81,410.40
513,256,251,576,448,21.32,1017.53,53.62,417.28
514,249,249,572,441,21.30,1017.52,53.44,423.60
515,244,247,568,437,21.28,1017.52,53.26,427.64
516,238,245,566,432,21.26,1017.51,53.08,433.16
517,234,243,562,427,21.24,1017.51,52.89,438.24
518,229,241,559,423,21.23,1017.51,52.72,440.25
519,225,240,556,420,21.21,1017.51,52.54,447.59
520,221,238,554,415,21.19,1017.50,52.37,453.32
521,219,236,550,412,21.18,1017.49,52.21,452.41
522,215,235,547,409,21.16,1017.49,52.04,458.90
523,213,234,545,406,21.15,1017.49,51.89,462.37
524,210,231,542,403,21.13,1017.49,51.76,463.65
525,207,230,539,400,21.12,1017.48,51.61,468.50
526,205,229,536,397,21.11,1017.47,51.48,470.47
527,202,227,533,394,21.10,1017.49,51.33,472.79
528,201,226,532,393,21.08,1017.48,51.20,475.46
529,199,224,529,390,21.07,1017.48,51.08,477.15
530,197,223,526,388,21.06,1017.48,50.96,480.56
531,196,222,524,386,21.05,1017.48,50.85,481.94
532,194,220,521,384,21.04,1017.47,50.73,485.77
533,193,219,520,382,21.03,1017.47,50.63,485.77
534,191,218,517,380,21.02,1017.46,50.50,485.77
535,190,216,515,377,21.01,1017.46,50.41,491.82
536,188,215,513,376,21.01,1017.46,50.32,490.03
537,186,214,510,376,21.00,1017.46,50.23,493.63
538,185,213,509,374,20.99,1017.46,50.14,491.10
539,185,211,506,373,20.98,1017.46,50.05,496.55
540,183,210,504,371,20.97,1017.46,49.97,494.72
541,182,209,503,369,20.96,1017.46,49.87,497.65
542,181,209,501,369,20.96,1017.47,49.80,500.62
543,180,207,499,366,20.95,1017.46,49.73,500.62
544,179,206,498,366,20.94,1017.46,49.67,500.24
545,178,204,495,365,20.94,1017.46,49.58,500.24
546,177,203,493,363,20.93,1017.46,49.53,502.49
547,177,203,492,363,20.92,1017.46,49.47,507.04
548,176,202,490,361,20.92,1017.46,49.41,505.13
549,174,201,488,360,20.91,1017.45,49.34,508.96
550,174,200,487,359,20.91,1017.45,49.29,506.27
551,173,199,485,359,20.90,1017.45,49.23,507.81
552,172,198,483,357,20.89,1017.46,49.18,508.96
553,172,197,482,357,20.89,1017.45,49.14,507.42
554,171,196,481,356,20.89,1017.45,49.09,508.57
555,170,196,479,355,20.88,1017.44,49.04,509.73
556,169,194,477,355,20.88,1017.44,48.99,511.67
557,169,194,476,354,20.87,1017.44,48.94,512.45
558,168,192,474,352,20.87,1017.45,48.90,514.81
559,167,191,472,353,20.86,1017.45,48.87,517.19
560,167,190,471,351,20.86,1017.44,48.82,515.60
561,166,190,470,350,20.85,1017.45,48.78,514.02
562,165,189,469,350,20.85,1017.46,48.75,513.63
563,165,188,467,349,20.85,1017.44,48.71,517.19
564,164,188,465,348,20.84,1017.44,48.68,519.19
565,164,187,464,349,20.84,1017.43,48.66,517.19
566,164,186,463,347,20.84,1017.43,48.62,520.80
567,162,185,462,347,20.83,1017.44,48.59,519.19
568,163,184,460,347,20.83,1017.44,48.56,522.42
569,163,184,459,346,20.83,1017.44,48.52,525.28
570,161,183,458,345,20.82,1017.44,48.50,519.19
571,161,182,457,344,20.82,1017.44,48.48,523.23
572,161,181,455,344,20.82,1017.44,48.43,523.64
573,160,181,454,343,20.81,1017.43,48.41,523.23
574,160,180,453,344,20.81,1017.43,48.38,526.51
575,159,179,452,343,20.81,1017.43,48.36,521.61
576,159,179,451,343,20.80,1017.44,48.33,522.82
577,158,178,450,343,20.80,1017.44,48.32,526.51
578,157,178,448,342,20.80,1017.44,48.29,528.58
579,158,176,448,341,20.80,1017.44,48.27,526.10
580,157,176,446,342,20.79,1017.43,48.25,528.17
581,157,175,445,341,20.79,1017.43,48.22,528.17
582,156,175,444,340,20.79,1017.43,48.19,528.58
583,156,173,443,340,20.78,1017.43,48.15,527.75
584,155,173,442,340,20.78,1017.42,48.15,530.25
585,155,172,440,339,20.78,1017.42,48.13,526.51
586,155,171,440,338,20.78,1017.43,48.10,531.93
587,155,171,439,339,20.77,1017.42,48.10,529.41
588,155,171,438,339,20.77,1017.43,48.08,526.92
589,153,170,437,338,20.77,1017.43,48.06,529.83
590,154,170,436,338,20.77,1017.42,48.03,528.17
591,153,169,435,338,20.77,1017.42,48.01,533.20
592,153,169,434,338,20.76,1017.42,47.99,533.62
593,152,168,433,336,20.76,1017.43,47.98,534.04
594,153,167,432,336,20.76,1017.44,47.97,533.20
595,152,167,431,336,20.76,1017.43,47.96,532.77
596,151,166,430,336,20.76,1017.43,47.95,529.83
597,152,166,430,336,20.75,1017.42,47.94,532.77
598,152,165,428,336,20.75,1017.42,47.92,531.93
599,151,165,426,335,20.75,1017.42,47.91,535.32
600,150,165,426,335,20.75,1017.42,47.90,537.46
601,151,163,425,334,20.75,1017.43,47.89,533.20
602,150,163,425,334,20.75,1017.42,47.88,534.47
603,150,162,424,334,20.74,1017.42,47.87,532.35
604,150,162,422,334,20.74,1017.42,47.87,534.04
605,150,162,422,334,20.74,1017.42,47.83,535.32
606,149,161,422,333,20.74,1017.42,47.84,535.32
607,149,161,421,333,20.74,1017.42,47.82,537.89
608,149,160,419,332,20.73,1017.42,47.81,537.03
609,149,160,419,332,20.73,1017.42,47.80,537.03
610,149,159,418,334,20.73,1017.42,47.79,534.04
611,148,158,417,333,20.73,1017.42,47.80,539.62
612,148,158,417,332,20.73,1017.42,47.78,539.19
613,147,157,415,332,20.73,1017.42,47.78,535.32
614,148,157,415,332,20.72,1017.42,47.76,536.17
615,147,157,414,332,20.72,1017.42,47.75,540.92
616,147,156,414,331,20.72,1017.42,47.74,537.89
617,146,156,413,331,20.72,1017.42,47.73,536.60
618,147,155,412,332,20.72,1017.42,47.72,540.49
619,146,155,411,332,20.72,1017.42,47.72,539.19
620,147,155,410,331,20.72,1017.42,47.71,537.46
621,146,154,410,331,20.71,1017.42,47.69,541.36
622,146,153,409,331,20.71,1017.42,47.69,543.11
623,145,153,408,331,20.71,1017.41,47.69,537.89
624,146,153,408,331,20.71,1017.41,47.67,542.23
625,145,153,407,330,20.71,1017.40,47.67,541.36
626,145,152,406,330,20.71,1017.41,47.65,540.05
627,145,152,405,330,20.71,1017.41,47.65,542.23
628,145,151,405,330,20.71,1017.42,47.64,543.11
629,144,151,404,331,20.70,1017.41,47.65,540.05
630,144,151,404,329,20.70,1017.41,47.62,538.75
631,144,151,404,330,20.70,1017.41,47.61,540.49
632,144,149,402,330,20.70,1017.41,47.62,543.11
633,143,150,402,329,20.70,1017.41,47.61,543.11
634,144,149,401,330,20.70,1017.40,47.60,542.23
635,143,149,400,329,20.70,1017.39,47.60,542.23
636,143,148,400,329,20.69,1017.40,47.58,538.75
637,143,148,400,330,20.69,1017.39,47.60,543.11
638,143,148,398,329,20.69,1017.39,47.60,540.92
639,143,148,398,329,20.69,1017.39,47.58,539.62
640,142,147,398,328,20.69,1017.40,47.58,541.36
641,142,147,397,329,20.69,1017.40,47.58,541.80
642,142,146,396,329,20.69,1017.40,47.58,541.36
643,142,146,395,329,20.69,1017.40,47.58,542.23
644,142,146,395,328,20.69,1017.40,47.59,542.67
645,142,145,395,329,20.68,1017.41,47.57,542.67
646,141,145,394,328,20.68,1017.40,47.56,543.11
647,142,144,394,328,20.68,1017.41,47.57,541.36
648,141,145,393,328,20.68,1017.40,47.56,543.55
649,141,144,392,328,20.68,1017.39,47.56,547.09
650,140,144,392,328,20.68,1017.39,47.57,543.55
651,141,143,391,328,20.68,1017.40,47.56,540.49
652,140,143,391,327,20.68,1017.40,47.58,546.65
653,140,143,391,327,20.68,1017.41,47.56,545.32
654,140,142,390,328,20.67,1017.41,47.56,544.87
655,140,143,389,327,20.67,1017.40,47.54,546.20
656,140,142,388,327,20.67,1017.40,47.55,543.55
657,139,142,388,327,20.67,1017.40,47.54,545.32
658,139,141,387,327,20.67,1017.41,47.54,543.55
659,139,141,387,327,20.67,1017.41,47.54,542.67
660,139,141,387,327,20.67,1017.41,47.54,546.65
661,139,140,386,326,20.67,1017.41,47.54,545.32
662,139,140,386,327,20.66,1017.41,47.54,543.99
663,139,140,384,326,20.66,1017.42,47.54,547.54
664,138,139,384,327,20.66,1017.41,47.54,544.87
665,139,139,383,327,20.66,1017.41,47.53,545.76
666,138,139,384,326,20.66,1017.41,47.52,546.20
667,138,139,383,327,20.66,1017.41,47.54,544.87
668,138,138,382,326,20.66,1017.41,47.53,550.23
669,138,138,382,326,20.66,1017.41,47.51,546.65
670,138,138,382,326,20.66,1017.41,47.52,547.54
671,137,137,381,326,20.66,1017.41,47.51,547.98
672,137,137,380,326,20.66,1017.41,47.53,543.99
673,137,137,380,326,20.66,1017.41,47.52,545.76
674,137,137,380,327,20.66,1017.39,47.53,544.87
675,138,137,379,325,20.65,1017.38,47.52,545.76
676,137,136,379,326,20.65,1017.39,47.52,548.88
677,136,136,378,326,20.65,1017.39,47.52,549.33
678,137,135,378,326,20.65,1017.39,47.51,548.43
679,137,135,376,326,20.65,1017.40,47.51,547.98
680,137,135,377,326,20.65,1017.40,47.50,547.54
681,137,135,376,326,20.65,1017.40,47.50,547.54
682,136,135,376,326,20.65,1017.40,47.50,549.78
683,136,134,376,326,20.65,1017.41,47.49,548.43
684,136,134,375,326,20.65,1017.40,47.49,545.76
685,136,134,375,326,20.65,1017.41,47.48,547.54
686,136,134,374,325,20.65,1017.40,47.48,547.98
687,136,133,374,326,20.65,1017.40,47.48,547.09
688,136,133,374,325,20.65,1017.39,47.48,551.13
689,135,133,373,325,20.64,1017.40,47.49,546.20
690,135,133,373,325,20.64,1017.40,47.48,550.23
691,135,132,372,325,20.64,1017.40,47.48,546.65
692,135,131,372,326,20.64,1017.39,47.47,550.23
693,135,131,371,325,20.64,1017.40,47.48,548.88
694,135,132,371,325,20.64,1017.39,47.46,546.65
695,135,131,371,325,20.64,1017.39,47.47,547.09
696,135,131,370,325,20.64,1017.40,47.46,547.54
697,135,131,370,325,20.64,1017.39,47.45,548.43
698,135,131,369,325,20.64,1017.40,47.46,546.65
699,134,131,369,325,20.63,1017.40,47.45,550.23
700,135,130,369,325,20.63,1017.40,47.43,549.33
701,134,130,368,325,20.63,1017.39,47.44,549.33
702,134,130,368,325,20.63,1017.39,47.44,549.78
703,134,130,368,325,20.63,1017.39,47.43,550.68
704,134,130,367,325,20.63,1017.39,47.42,552.94
705,134,129,367,325,20.63,1017.40,47.42,547.98
706,134,129,366,325,20.63,1017.40,47.42,551.58
707,134,129,366,324,20.63,1017.40,47.43,548.43
708,134,128,366,325,20.63,1017.40,47.41,551.13
709,133,128,365,325,20.63,1017.40,47.41,550.68
710,134,128,365,325,20.63,1017.39,47.40,552.04
711,133,128,365,324,20.63,1017.40,47.41,550.68
712,133,128,364,324,20.63,1017.40,47.39,554.77
713,133,127,364,324,20.63,1017.40,47.39,549.33
714,133,128,363,325,20.62,1017.40,47.39,549.78
715,133,127,363,324,20.62,1017.40,47.39,548.43
716,133,127,363,325,20.62,1017.40,47.39,552.04
717,133,127,363,324,20.62,1017.39,47.38,549.33
718,132,127,362,325,20.62,1017.39,47.39,554.31
719,133,127,362,325,20.62,1017.39,47.39,550.68
720,132,126,362,324,20.62,1017.40,47.39,551.58
721,132,126,361,324,20.62,1017.39,47.38,551.58
722,133,126,360,325,20.62,1017.39,47.38,552.49
723,132,125,360,324,20.62,1017.39,47.38,552.49
724,132,125,361,325,20.62,1017.37,47.39,552.04
725,131,125,360,324,20.62,1017.39,47.38,549.78
726,132,125,359,325,20.62,1017.39,47.38,551.58
727,132,125,359,324,20.62,1017.39,47.39,551.13
728,132,124,359,324,20.62,1017.40,47.37,551.13
729,131,124,358,324,20.61,1017.38,47.39,552.94
730,132,124,358,324,20.61,1017.39,47.39,550.23
731,131,124,357,325,20.61,1017.39,47.40,550.68
732,131,124,357,324,20.61,1017.38,47.41,553.86
733,131,124,357,324,20.61,1017.40,47.39,549.78
734,131,123,357,324,20.61,1017.39,47.39,550.23
735,131,123,357,324,20.61,1017.40,47.39,551.13
736,131,123,356,324,20.61,1017.40,47.39,549.33
737,131,123,356,324,20.61,1017.40,47.39,550.68
738,131,123,356,324,20.61,1017.40,47.40,551.58
739,130,123,355,324,20.61,1017.40,47.38,552.04
740,131,122,355,324,20.61,1017.40,47.41,555.23
741,130,122,355,324,20.61,1017.40,47.40,551.13
742,130,122,355,324,20.61,1017.39,47.39,552.94
743,130,122,354,324,20.61,1017.39,47.39,552.94
744,131,122,354,324,20.61,1017.39,47.38,550.23
745,130,122,353,325,20.60,1017.38,47.37,552.49
746,130,122,352,324,20.60,1017.39,47.38,551.58
747,130,121,353,324,20.60,1017.39,47.39,555.23
748,131,121,353,324,20.60,1017.40,47.38,556.61
749,131,121,352,324,20.60,1017.39,47.37,552.04
