Time,NO2,C2H5CH,VOC,CO,Temperature,Pressure,Humidity,Gas Resistance
0,138,141,342,361,15.20,1017.01,34.65,56.33
1,138,141,342,361,15.19,1017.00,34.64,56.52
2,137,140,342,361,15.19,1016.99,34.64,56.87
3,137,141,342,360,15.19,1017.00,34.65,57.10
4,138,141,340,361,15.19,1017.01,34.65,57.37
5,137,140,341,360,15.19,1017.02,34.65,57.53
6,137,140,339,361,15.19,1017.03,34.66,57.53
7,137,140,340,360,15.19,1017.01,34.66,57.96
8,136,140,339,360,15.19,1017.01,34.66,58.21
9,137,140,339,361,15.19,1017.00,34.66,58.33
10,136,139,339,360,15.19,1017.00,34.66,58.49
11,137,139,338,360,15.19,1017.01,34.66,58.94
12,137,139,338,359,15.19,1017.02,34.67,59.06
13,136,138,338,359,15.19,1017.03,34.67,59.40
14,136,138,337,360,15.19,1017.02,34.66,59.74
15,136,138,336,359,15.19,1017.01,34.66,59.86
16,136,138,336,359,15.19,1017.00,34.68,60.29
17,135,137,336,359,15.19,1017.01,34.68,60.47
18,135,137,336,359,15.19,1017.02,34.67,60.86
19,136,137,336,358,15.19,1017.04,34.68,60.90
20,135,137,336,358,15.19,1017.04,34.68,61.17
21,135,136,335,358,15.19,1017.03,34.68,61.57
22,135,136,334,358,15.19,1017.01,34.68,61.80
23,135,137,335,358,15.19,1017.00,34.68,61.89
24,135,136,334,358,15.19,1017.00,34.68,62.17
25,135,135,334,357,15.19,1017.01,34.69,62.44
26,135,135,334,358,15.19,1017.02,34.68,62.72
27,135,135,333,357,15.19,1017.03,34.69,63.00
28,135,135,332,357,15.19,1017.03,34.68,63.29
29,135,135,332,357,15.19,1017.02,34.70,63.48
30,135,135,332,358,15.19,1017.01,34.68,63.67
31,135,135,332,357,15.19,1016.99,34.69,64.01
32,134,135,331,357,15.19,1016.99,34.69,64.21
33,134,134,331,357,15.19,1016.99,34.70,64.31
34,134,134,331,357,15.19,1017.00,34.70,64.50
35,134,133,331,357,15.19,1017.02,34.69,64.95
36,134,133,330,357,15.19,1017.02,34.70,65.25
37,134,134,329,357,15.19,1017.03,34.69,65.46
38,134,133,330,357,15.19,1017.02,34.70,65.87
39,134,133,330,356,15.19,1017.00,34.70,66.07
40,133,133,329,356,15.19,1017.00,34.70,66.02
41,133,133,328,355,15.19,1017.01,34.68,66.39
42,133,132,329,356,15.19,1017.01,34.70,66.70
43,134,132,328,356,15.19,1017.02,34.70,67.08
44,134,132,327,355,15.19,1017.02,34.70,67.34
45,134,132,327,356,15.19,1017.02,34.69,67.34
46,133,132,327,354,15.19,1017.02,34.69,67.78
47,132,132,327,355,15.19,1017.00,34.70,68.22
48,133,131,327,355,15.19,1016.99,34.69,68.22
49,133,131,326,355,15.19,1017.00,34.69,68.67
50,134,131,326,354,15.19,1017.02,34.70,68.83
51,133,130,326,354,15.19,1017.03,34.69,68.95
52,133,131,325,354,15.19,1017.03,34.70,69.29
53,133,131,325,354,15.19,1017.02,34.71,69.69
54,133,130,325,354,15.18,1017.01,34.71,70.04
55,133,130,325,354,15.18,1017.00,34.69,70.15
56,132,131,325,354,15.18,1017.00,34.69,70.15
57,132,130,325,354,15.18,1017.00,34.69,70.63
58,133,130,324,354,15.18,1017.02,34.70,70.86
59,132,130,323,354,15.19,1017.02,34.70,71.04
60,132,130,323,353,15.18,1017.02,34.69,71.16
61,133,129,324,353,15.18,1017.02,34.70,71.41
62,132,129,323,353,15.18,1017.01,34.69,71.71
63,132,128,323,353,15.18,1017.00,34.69,71.96
64,133,128,323,354,15.18,1016.99,34.69,72.20
65,132,129,322,353,15.18,1016.99,34.69,72.33
66,132,129,322,353,15.18,1017.01,34.68,72.70
67,131,128,322,352,15.18,1017.01,34.70,72.70
68,132,128,322,352,15.18,1017.03,34.69,72.95
69,132,128,321,352,15.18,1017.03,34.68,73.40
70,131,128,321,353,15.18,1017.03,34.69,73.46
71,132,128,321,352,15.18,1017.01,34.68,74.11
72,132,128,321,352,15.18,1016.99,34.68,74.31
73,132,127,320,352,15.18,1016.99,34.69,74.84
74,131,127,320,352,15.18,1017.00,34.68,74.77
75,132,126,320,352,15.18,1017.01,34.68,75.24
76,131,127,319,352,15.18,1017.01,34.69,75.51
77,131,126,319,352,15.18,1017.03,34.68,75.92
78,131,126,319,352,15.18,1017.03,34.68,76.13
79,131,125,319,351,15.18,1017.02,34.69,76.47
80,131,126,318,352,15.18,1017.01,34.69,76.82
81,131,126,318,351,15.18,1017.00,34.69,77.25
82,131,126,318,351,15.18,1016.99,34.69,77.53
83,131,126,317,351,15.18,1017.00,34.69,77.82
84,131,125,318,351,15.18,1017.01,34.69,78.18
85,131,125,317,350,15.18,1017.02,34.68,78.62
86,131,125,317,351,15.18,1017.03,34.69,78.84
87,130,124,317,350,15.18,1017.02,34.69,78.69
88,131,125,317,351,15.18,1017.01,34.69,79.59
89,130,125,316,350,15.18,1016.99,34.69,79.74
90,130,124,316,350,15.18,1016.99,34.69,79.89
91,131,124,316,350,15.18,1016.99,34.69,79.89
92,130,124,315,351,15.18,1017.01,34.69,80.65
93,130,124,315,350,15.18,1017.01,34.68,80.97
94,130,124,315,350,15.18,1017.01,34.69,81.59
95,130,124,315,350,15.18,1017.02,34.70,81.44
96,130,123,314,349,15.18,1017.01,34.70,81.91
97,130,124,314,349,15.18,1017.00,34.69,82.23
98,130,123,314,350,15.18,1016.99,34.70,82.72
99,129,123,314,349,15.18,1017.00,34.69,82.88
100,129,123,313,349,15.18,1017.00,34.69,83.37
101,129,123,314,350,15.18,1017.01,34.69,83.54
102,130,123,313,350,15.18,1017.02,34.70,83.62
103,129,123,312,349,15.18,1017.03,34.71,84.21
104,129,123,312,350,15.18,1017.03,34.70,84.55
105,130,123,313,349,15.18,1017.01,34.69,84.46
106,129,122,312,349,15.18,1017.00,34.69,84.63
107,130,122,313,349,15.18,1017.00,34.70,85.15
108,129,122,312,349,15.18,1017.01,34.69,85.84
109,129,122,312,349,15.18,1017.02,34.70,85.67
110,129,122,311,349,15.18,1017.02,34.70,86.20
111,129,122,311,348,15.18,1017.03,34.69,86.64
112,129,121,311,349,15.18,1017.04,34.69,87.09
113,129,122,311,349,15.18,1017.03,34.70,87.72
114,129,121,310,349,15.18,1017.02,34.69,87.82
115,129,121,310,350,15.18,1017.02,34.71,88.37
116,129,121,310,349,15.18,1017.01,34.70,88.74
117,128,120,310,349,15.18,1017.01,34.70,89.31
118,128,121,310,349,15.18,1017.03,34.71,89.79
119,129,120,309,348,15.18,1017.03,34.71,90.17
120,128,120,309,349,15.18,1017.04,34.70,90.76
121,128,121,310,349,15.18,1017.05,34.71,91.15
122,129,120,309,349,15.18,1017.04,34.71,91.55
123,128,120,309,349,15.18,1017.03,34.71,91.85
124,129,120,309,349,15.18,1017.02,34.71,92.15
125,131,122,310,351,15.18,1017.01,34.72,89.40
126,137,124,312,356,15.18,1017.00,34.73,80.97
127,145,127,316,361,15.18,1017.01,34.75,69.86
128,155,130,319,368,15.19,1017.01,34.78,59.06
129,167,133,322,374,15.19,1017.03,34.82,50.33
130,178,138,325,379,15.19,1017.04,34.87,43.55
131,189,143,329,386,15.19,1017.04,34.96,38.21
132,200,148,332,391,15.19,1017.04,35.07,34.18
133,209,153,336,397,15.19,1017.03,35.21,31.14
134,219,158,340,403,15.20,1017.01,35.36,28.80
135,229,164,344,408,15.20,1017.01,35.55,26.61
136,238,169,348,412,15.20,1017.01,35.74,24.81
137,247,174,352,417,15.20,1017.01,35.96,23.32
138,256,181,356,421,15.20,1017.02,36.18,22.00
139,265,186,361,426,15.20,1017.04,36.41,20.85
140,274,190,365,429,15.21,1017.10,36.67,19.88
141,282,196,370,433,15.21,1017.18,36.92,19.23
142,289,200,375,436,15.21,1017.24,37.20,18.70
143,296,204,379,439,15.21,1017.28,37.47,18.24
144,302,208,384,441,15.21,1017.33,37.76,17.85
145,308,212,388,444,15.22,1017.35,38.02,17.44
146,313,215,392,447,15.22,1017.38,38.30,17.10
147,317,218,396,449,15.23,1017.39,38.56,16.78
148,322,221,401,451,15.23,1017.40,38.83,16.46
149,326,224,404,454,15.24,1017.41,39.08,16.20
150,329,227,408,456,15.24,1017.40,39.34,15.88
151,332,229,412,458,15.25,1017.42,39.57,15.67
152,336,232,416,461,15.25,1017.42,39.81,15.37
153,338,234,419,463,15.26,1017.42,40.04,15.12
154,340,236,422,465,15.26,1017.43,40.25,14.89
155,342,238,425,467,15.27,1017.43,40.47,14.69
156,344,241,429,469,15.28,1017.43,40.66,14.46
157,346,242,431,471,15.28,1017.43,40.86,14.29
158,347,244,434,472,15.29,1017.43,41.04,14.09
159,348,247,437,475,15.29,1017.43,41.20,13.91
160,349,248,441,476,15.30,1017.43,41.39,13.73
161,350,250,442,477,15.30,1017.42,41.54,13.59
162,350,252,445,479,15.31,1017.42,41.71,13.41
163,351,254,448,481,15.31,1017.42,41.85,13.25
164,351,255,450,482,15.32,1017.43,41.98,13.11
165,351,256,452,483,15.33,1017.43,42.11,12.98
166,352,258,454,484,15.33,1017.44,42.24,12.85
167,352,260,456,485,15.33,1017.44,42.36,12.72
168,353,261,458,486,15.34,1017.43,42.48,12.56
169,352,263,461,487,15.34,1017.43,42.57,12.49
170,353,264,462,488,15.35,1017.43,42.67,12.39
171,353,265,464,490,15.35,1017.43,42.77,12.25
172,353,266,465,490,15.35,1017.43,42.88,12.15
173,353,268,468,491,15.36,1017.43,42.95,12.06
174,353,269,469,492,15.36,1017.43,43.03,11.95
175,352,269,471,493,15.37,1017.43,43.11,11.85
176,352,271,472,494,15.37,1017.44,43.17,11.78
177,352,272,473,495,15.38,1017.44,43.25,11.72
178,352,273,475,495,15.38,1017.44,43.33,11.67
179,352,275,476,496,15.39,1017.44,43.38,11.55
180,351,275,477,497,15.39,1017.44,43.43,11.47
181,352,276,478,497,15.40,1017.45,43.47,11.41
182,351,277,480,498,15.40,1017.45,43.54,11.32
183,351,277,481,498,15.40,1017.44,43.58,11.25
184,350,279,482,499,15.41,1017.44,43.64,11.22
185,350,280,483,499,15.41,1017.45,43.67,11.15
186,349,281,485,501,15.41,1017.45,43.70,11.13
187,349,281,486,500,15.42,1017.45,43.73,11.02
188,349,282,487,501,15.42,1017.45,43.76,10.97
189,349,283,487,500,15.42,1017.45,43.78,10.90
190,349,284,488,501,15.42,1017.45,43.82,10.85
191,347,285,489,501,15.43,1017.46,43.85,10.79
192,348,285,489,502,15.43,1017.45,43.87,10.72
193,347,286,491,503,15.43,1017.45,43.89,10.68
194,347,287,492,502,15.44,1017.46,43.91,10.66
195,346,287,492,503,15.44,1017.46,43.92,10.62
196,346,288,493,503,15.44,1017.46,43.93,10.57
197,346,289,495,503,15.44,1017.46,43.94,10.56
198,345,289,494,503,15.45,1017.45,43.96,10.49
199,346,290,495,504,15.45,1017.45,43.95,10.46
200,344,291,497,504,15.45,1017.46,43.96,10.42
201,345,291,498,504,15.45,1017.46,43.98,10.38
202,344,291,498,504,15.46,1017.46,43.97,10.33
203,344,292,499,505,15.46,1017.46,43.98,10.32
204,343,293,499,505,15.46,1017.46,43.97,10.28
205,343,293,500,505,15.46,1017.46,43.97,10.25
206,342,293,501,505,15.47,1017.45,43.98,10.22
207,343,295,501,505,15.47,1017.45,43.98,10.18
208,342,295,502,505,15.47,1017.45,44.00,10.17
209,341,295,502,505,15.47,1017.46,43.98,10.16
210,341,295,502,505,15.47,1017.45,43.99,10.09
211,341,296,503,505,15.48,1017.46,43.97,10.07
212,341,296,504,505,15.48,1017.46,43.95,10.03
213,340,297,505,506,15.48,1017.46,43.96,10.01
214,340,297,505,506,15.48,1017.45,43.94,10.01
215,339,298,506,505,15.48,1017.45,43.93,9.97
216,339,298,505,506,15.48,1017.46,43.93,9.94
217,339,299,507,506,15.49,1017.46,43.92,9.94
218,338,299,506,506,15.49,1017.46,43.90,9.90
219,338,299,507,506,15.49,1017.46,43.90,9.87
220,338,299,507,506,15.49,1017.46,43.88,9.87
221,337,300,507,506,15.49,1017.45,43.87,9.85
222,337,300,508,506,15.49,1017.45,43.87,9.81
223,337,301,509,506,15.50,1017.45,43.84,9.80
224,337,301,510,506,15.50,1017.46,43.83,9.82
225,337,300,510,506,15.50,1017.46,43.81,9.76
226,335,301,509,506,15.50,1017.46,43.81,9.74
227,335,301,510,507,15.50,1017.46,43.79,9.76
228,335,302,510,507,15.50,1017.46,43.78,9.73
229,335,302,512,507,15.51,1017.46,43.76,9.73
230,334,302,510,507,15.51,1017.46,43.75,9.70
231,334,302,512,506,15.51,1017.46,43.73,9.69
232,333,303,512,506,15.51,1017.46,43.72,9.65
233,334,304,512,507,15.51,1017.46,43.70,9.68
234,334,304,512,507,15.51,1017.48,43.67,9.65
235,333,304,513,506,15.52,1017.47,43.67,9.62
236,333,304,513,507,15.52,1017.47,43.64,9.60
237,332,304,514,507,15.52,1017.47,43.63,9.59
238,332,305,514,506,15.52,1017.47,43.61,9.62
239,332,305,515,506,15.52,1017.47,43.59,9.57
240,332,305,514,506,15.52,1017.47,43.56,9.57
241,332,305,515,507,15.52,1017.47,43.56,9.57
242,332,305,515,507,15.52,1017.47,43.53,9.53
243,331,306,516,506,15.52,1017.46,43.53,9.52
244,330,306,515,506,15.53,1017.46,43.50,9.50
245,330,306,516,506,15.53,1017.46,43.48,9.50
246,330,306,516,507,15.53,1017.46,43.46,9.51
247,330,307,516,507,15.53,1017.46,43.44,9.51
248,329,307,517,506,15.53,1017.47,43.44,9.50
249,330,307,516,505,15.53,1017.47,43.42,9.50
250,329,307,517,506,15.53,1017.47,43.40,9.46
251,329,307,517,507,15.54,1017.47,43.38,9.45
252,329,307,517,506,15.54,1017.47,43.36,9.44
253,329,308,518,506,15.54,1017.47,43.33,9.43
254,328,308,518,505,15.54,1017.48,43.32,9.43
255,328,308,519,506,15.54,1017.48,43.31,9.44
256,328,308,518,506,15.54,1017.48,43.29,9.45
257,328,308,519,505,15.54,1017.49,43.26,9.44
258,328,308,519,505,15.54,1017.48,43.25,9.40
259,327,308,519,505,15.54,1017.48,43.23,9.40
260,327,309,519,505,15.55,1017.47,43.21,9.39
261,326,308,520,506,15.55,1017.47,43.20,9.39
262,326,308,520,506,15.55,1017.47,43.19,9.39
263,326,309,520,505,15.55,1017.47,43.17,9.39
264,326,309,520,505,15.55,1017.46,43.15,9.38
265,326,309,520,505,15.55,1017.47,43.13,9.39
266,326,309,521,506,15.55,1017.47,43.11,9.37
267,326,309,520,505,15.55,1017.47,43.08,9.35
268,326,310,521,505,15.55,1017.46,43.06,9.35
269,326,309,521,505,15.55,1017.46,43.05,9.34
270,325,310,521,505,15.56,1017.45,43.03,9.34
271,324,309,521,504,15.56,1017.46,43.01,9.34
272,324,309,521,504,15.56,1017.46,42.99,9.36
273,324,310,521,505,15.56,1017.46,42.98,9.36
274,324,310,521,504,15.56,1017.46,42.96,9.33
275,323,310,521,504,15.56,1017.46,42.94,9.36
276,324,310,522,504,15.56,1017.46,42.93,9.36
277,324,310,522,504,15.56,1017.46,42.91,9.34
278,323,310,522,505,15.56,1017.47,42.90,9.33
279,323,310,523,505,15.56,1017.47,42.89,9.34
280,323,311,522,504,15.57,1017.47,42.87,9.34
281,323,311,523,505,15.57,1017.47,42.84,9.34
282,322,310,523,504,15.57,1017.47,42.82,9.37
283,322,311,523,504,15.57,1017.47,42.80,9.34
284,323,311,523,505,15.57,1017.47,42.80,9.31
285,322,311,524,504,15.57,1017.47,42.78,9.31
286,322,311,523,504,15.57,1017.48,42.75,9.35
287,321,311,523,504,15.57,1017.47,42.74,9.32
288,322,311,523,503,15.58,1017.48,42.73,9.32
289,321,311,524,503,15.58,1017.48,42.70,9.32
290,321,310,524,504,15.58,1017.48,42.68,9.36
291,320,311,524,503,15.58,1017.48,42.68,9.34
292,321,311,524,504,15.58,1017.48,42.66,9.36
293,321,311,524,504,15.58,1017.48,42.64,9.35
294,321,311,524,504,15.58,1017.48,42.63,9.33
295,320,311,524,503,15.58,1017.47,42.61,9.31
296,321,311,524,503,15.59,1017.48,42.60,9.31
297,320,312,524,504,15.59,1017.47,42.60,9.31
298,320,312,524,503,15.59,1017.47,42.56,9.31
299,319,311,525,503,15.59,1017.48,42.55,9.31
300,319,312,524,503,15.59,1017.48,42.54,9.33
301,319,311,525,503,15.59,1017.48,42.54,9.33
302,319,311,525,503,15.59,1017.48,42.51,9.34
303,320,311,525,502,15.59,1017.48,42.49,9.34
304,319,311,525,503,15.59,1017.48,42.48,9.33
305,320,312,526,503,15.59,1017.48,42.47,9.34
306,319,312,525,502,15.59,1017.48,42.45,9.35
307,318,312,526,503,15.60,1017.48,42.44,9.34
308,318,311,525,502,15.60,1017.48,42.43,9.34
309,318,312,525,502,15.60,1017.48,42.40,9.34
310,317,312,525,502,15.60,1017.46,42.39,9.34
311,317,312,526,502,15.60,1017.47,42.39,9.34
312,318,312,526,502,15.60,1017.47,42.38,9.34
313,318,312,525,502,15.60,1017.47,42.36,9.35
314,318,312,525,502,15.60,1017.48,42.35,9.33
315,318,312,526,502,15.60,1017.48,42.33,9.38
316,317,312,526,502,15.60,1017.48,42.32,9.35
317,317,312,527,502,15.61,1017.49,42.29,9.35
318,317,312,527,501,15.61,1017.49,42.28,9.37
319,317,312,526,502,15.61,1017.48,42.28,9.36
320,316,312,526,501,15.61,1017.48,42.24,9.37
321,317,312,526,502,15.61,1017.47,42.24,9.36
322,316,312,527,501,15.61,1017.48,42.24,9.35
323,317,312,527,501,15.61,1017.48,42.21,9.39
324,317,312,527,502,15.61,1017.48,42.21,9.38
325,316,312,527,501,15.61,1017.48,42.21,9.39
326,316,312,527,501,15.61,1017.48,42.18,9.38
327,316,312,527,500,15.61,1017.48,42.17,9.41
328,316,312,527,501,15.61,1017.49,42.16,9.38
329,316,312,526,501,15.61,1017.49,42.15,9.39
330,315,312,527,501,15.61,1017.49,42.12,9.39
331,315,312,527,501,15.61,1017.48,42.11,9.42
332,316,312,528,500,15.62,1017.49,42.11,9.43
333,315,312,527,501,15.62,1017.49,42.09,9.41
334,315,312,527,501,15.62,1017.49,42.08,9.39
335,315,312,527,501,15.62,1017.49,42.06,9.43
336,315,312,528,501,15.62,1017.49,42.05,9.43
337,315,312,527,500,15.62,1017.49,42.03,9.40
338,315,312,527,501,15.62,1017.48,42.03,9.40
339,314,312,528,500,15.62,1017.48,42.01,9.43
340,315,312,527,500,15.62,1017.48,42.00,9.40
341,314,312,527,500,15.62,1017.48,42.00,9.42
342,315,312,527,501,15.62,1017.48,41.99,9.45
343,314,312,528,500,15.62,1017.48,41.97,9.44
344,314,312,528,500,15.63,1017.48,41.96,9.44
345,313,313,528,500,15.63,1017.48,41.94,9.44
346,313,312,528,500,15.63,1017.49,41.94,9.44
347,314,312,528,500,15.63,1017.48,41.92,9.44
348,314,312,528,499,15.63,1017.48,41.91,9.48
349,313,312,528,500,15.63,1017.48,41.90,9.46
350,313,312,528,499,15.63,1017.48,41.89,9.49
351,313,312,528,500,15.63,1017.48,41.88,9.45
352,314,312,528,499,15.63,1017.48,41.87,9.47
353,313,312,528,500,15.63,1017.48,41.87,9.46
354,313,312,528,500,15.63,1017.48,41.84,9.44
355,313,312,529,499,15.63,1017.48,41.84,9.48
356,313,312,529,499,15.63,1017.48,41.83,9.50
357,312,312,528,499,15.63,1017.49,41.82,9.50
358,312,312,528,500,15.63,1017.48,41.81,9.53
359,312,312,528,500,15.63,1017.48,41.80,9.49
360,313,312,529,499,15.63,1017.49,41.78,9.51
361,312,312,528,498,15.64,1017.48,41.78,9.51
362,312,312,528,499,15.64,1017.48,41.77,9.51
363,312,312,529,499,15.64,1017.48,41.76,9.51
364,312,312,529,498,15.64,1017.49,41.75,9.53
365,312,312,528,498,15.64,1017.48,41.72,9.51
366,312,312,529,499,15.64,1017.48,41.73,9.52
367,312,312,529,499,15.64,1017.49,41.72,9.53
368,311,311,528,498,15.64,1017.49,41.71,9.54
369,312,312,528,498,15.64,1017.48,41.69,9.53
370,312,312,529,498,15.64,1017.48,41.68,9.57
371,311,312,529,499,15.64,1017.49,41.68,9.57
372,311,312,528,498,15.64,1017.48,41.68,9.55
373,311,312,528,498,15.64,1017.48,41.66,9.58
374,311,312,529,497,15.64,1017.48,41.65,9.57
375,311,311,528,498,15.64,1017.48,41.63,9.59
376,311,312,529,498,15.65,1017.49,41.63,9.57
377,310,311,529,498,15.65,1017.49,41.63,9.58
378,310,312,529,498,15.65,1017.49,41.61,9.58
379,311,312,530,498,15.65,1017.49,41.61,9.59
380,311,311,529,498,15.65,1017.48,41.58,9.62
381,311,312,529,498,15.65,1017.49,41.58,9.58
382,310,312,529,498,15.65,1017.49,41.58,9.58
383,310,311,529,497,15.65,1017.49,41.57,9.60
384,311,311,529,497,15.65,1017.48,41.56,9.60
385,310,312,529,498,15.65,1017.48,41.54,9.64
386,310,312,529,497,15.65,1017.48,41.54,9.64
387,310,311,530,498,15.65,1017.48,41.52,9.64
388,309,311,530,497,15.65,1017.49,41.53,9.64
389,310,311,529,498,15.65,1017.49,41.52,9.64
390,309,311,529,497,15.65,1017.49,41.49,9.65
391,309,311,529,496,15.66,1017.48,41.49,9.67
392,310,311,529,497,15.66,1017.49,41.47,9.65
393,310,311,528,497,15.66,1017.49,41.47,9.67
394,309,311,529,497,15.66,1017.49,41.47,9.67
395,309,311,529,497,15.66,1017.48,41.46,9.65
396,309,311,529,497,15.66,1017.49,41.45,9.66
397,310,311,530,497,15.66,1017.48,41.43,9.67
398,309,311,529,497,15.66,1017.48,41.43,9.69
399,309,311,530,497,15.66,1017.48,41.43,9.72
400,309,311,529,496,15.66,1017.48,41.43,9.67
401,309,311,529,498,15.66,1017.48,41.41,9.69
402,308,311,529,497,15.66,1017.48,41.39,9.69
403,309,311,529,497,15.66,1017.49,41.39,9.70
404,309,311,529,497,15.66,1017.48,41.39,9.69
405,308,311,530,497,15.66,1017.49,41.38,9.73
406,309,311,530,496,15.66,1017.48,41.37,9.71
407,309,311,529,497,15.66,1017.49,41.37,9.73
408,308,310,529,496,15.66,1017.49,41.35,9.73
409,308,311,529,497,15.66,1017.49,41.35,9.75
410,307,311,529,497,15.66,1017.48,41.34,9.76
411,308,311,530,496,15.66,1017.48,41.33,9.73
412,308,311,529,496,15.66,1017.48,41.31,9.75
413,308,311,529,497,15.67,1017.48,41.29,9.75
414,308,311,530,497,15.67,1017.48,41.31,9.76
415,308,311,529,496,15.67,1017.48,41.30,9.78
416,307,311,529,497,15.67,1017.48,41.29,9.80
417,308,311,529,496,15.67,1017.48,41.28,9.78
418,307,310,529,495,15.67,1017.48,41.26,9.79
419,307,311,530,496,15.67,1017.49,41.25,9.79
420,308,311,529,496,15.67,1017.49,41.25,9.80
421,307,311,529,496,15.67,1017.49,41.24,9.80
422,307,310,529,496,15.67,1017.49,41.24,9.80
423,307,311,529,496,15.67,1017.48,41.24,9.80
424,307,310,529,496,15.67,1017.49,41.23,9.80
425,306,310,529,496,15.67,1017.48,41.23,9.82
426,307,310,529,496,15.67,1017.48,41.21,9.81
427,306,310,529,495,15.67,1017.48,41.21,9.84
428,307,311,530,496,15.67,1017.48,41.21,9.86
429,307,310,529,495,15.68,1017.49,41.20,9.83
430,307,311,529,496,15.67,1017.49,41.18,9.84
431,307,310,529,494,15.68,1017.49,41.17,9.85
432,306,310,529,495,15.68,1017.49,41.18,9.84
433,306,309,529,496,15.68,1017.49,41.16,9.85
434,306,310,529,495,15.68,1017.49,41.16,9.86
435,306,310,529,495,15.68,1017.49,41.15,9.86
436,307,310,529,495,15.68,1017.49,41.14,9.89
437,306,310,529,494,15.68,1017.49,41.13,9.87
438,307,309,529,495,15.68,1017.50,41.13,9.89
439,306,310,530,495,15.68,1017.49,41.13,9.88
440,306,310,529,494,15.68,1017.49,41.13,9.89
441,306,309,529,495,15.68,1017.49,41.12,9.90
442,306,309,529,494,15.68,1017.49,41.12,9.91
443,306,309,530,495,15.68,1017.49,41.10,9.93
444,306,310,529,495,15.69,1017.49,41.08,9.93
445,305,310,529,495,15.69,1017.49,41.09,9.92
446,306,310,529,494,15.69,1017.49,41.08,9.92
447,305,309,530,495,15.69,1017.49,41.08,9.93
448,306,309,529,495,15.69,1017.49,41.07,9.93
449,305,310,529,495,15.69,1017.50,41.06,9.93
450,305,309,529,494,15.69,1017.50,41.07,9.98
451,305,310,529,495,15.69,1017.50,41.05,9.97
452,304,309,529,494,15.69,1017.49,41.04,9.95
453,305,310,529,495,15.69,1017.49,41.05,9.97
454,305,309,529,495,15.69,1017.49,41.03,10.00
455,305,309,530,494,15.69,1017.49,41.02,9.97
456,305,309,530,495,15.69,1017.49,41.02,10.00
457,304,309,529,494,15.69,1017.49,41.01,10.02
458,305,309,529,494,15.69,1017.49,40.99,9.97
459,305,309,529,494,15.69,1017.49,41.00,10.00
460,305,310,528,494,15.69,1017.49,41.00,10.01
461,305,309,530,494,15.69,1017.49,40.99,10.04
462,304,309,529,494,15.69,1017.50,40.97,10.01
463,305,309,529,493,15.69,1017.50,40.98,10.04
464,304,309,529,494,15.70,1017.50,40.97,10.04
465,304,309,530,493,15.70,1017.50,40.96,10.03
466,304,309,529,494,15.70,1017.50,40.96,10.05
467,304,310,530,494,15.70,1017.49,40.96,10.03
468,304,309,529,493,15.70,1017.49,40.94,10.07
469,304,309,529,494,15.70,1017.49,40.93,10.05
470,304,309,529,493,15.70,1017.49,40.93,10.05
471,304,309,530,493,15.70,1017.49,40.93,10.08
472,304,309,529,494,15.70,1017.49,40.93,10.06
473,304,309,529,493,15.70,1017.49,40.93,10.06
474,304,309,529,493,15.70,1017.48,40.91,10.08
475,304,309,529,493,15.70,1017.49,40.92,10.12
476,304,309,529,493,15.70,1017.49,40.90,10.09
477,303,309,529,493,15.70,1017.49,40.90,10.13
478,304,309,529,493,15.70,1017.50,40.89,10.11
479,303,309,529,493,15.70,1017.49,40.89,10.11
480,304,308,529,493,15.70,1017.49,40.89,10.14
481,304,309,529,493,15.71,1017.50,40.88,10.16
482,303,309,529,493,15.71,1017.51,40.86,10.14
483,303,308,530,493,15.71,1017.50,40.87,10.13
484,303,309,529,493,15.71,1017.51,40.86,10.14
485,303,309,529,493,15.71,1017.50,40.86,10.14
486,303,308,529,493,15.71,1017.49,40.85,10.15
487,303,308,529,494,15.71,1017.49,40.84,10.16
488,303,308,528,493,15.71,1017.49,40.84,10.18
489,302,308,529,493,15.71,1017.49,40.83,10.19
490,303,308,529,493,15.71,1017.49,40.83,10.17
491,303,308,529,492,15.71,1017.49,40.83,10.20
492,303,308,529,493,15.71,1017.50,40.82,10.19
493,302,308,528,492,15.71,1017.50,40.81,10.18
494,302,308,529,493,15.71,1017.50,40.82,10.20
495,302,308,529,492,15.71,1017.50,40.80,10.24
496,303,308,529,493,15.71,1017.51,40.78,10.23
497,302,308,528,492,15.71,1017.50,40.78,10.22
498,303,307,529,492,15.71,1017.50,40.78,10.23
499,303,308,528,492,15.71,1017.50,40.79,10.26
500,302,308,529,492,15.71,1017.41,40.77,10.22
501,303,308,529,492,15.71,1017.33,40.76,10.22
502,302,308,528,492,15.71,1017.26,40.77,10.28
503,301,308,528,491,15.71,1017.20,40.77,10.40
504,299,307,526,490,15.71,1017.18,40.75,10.62
505,297,307,526,488,15.71,1017.17,40.74,10.97
506,295,306,525,487,15.70,1017.16,40.72,11.46
507,291,305,525,485,15.69,1017.13,40.71,11.90
508,288,304,524,483,15.69,1017.11,40.69,12.43
509,285,302,522,481,15.68,1017.10,40.67,12.99
510,282,302,520,480,15.67,1017.10,40.63,13.53
511,278,300,519,478,15.67,1017.11,40.60,14.02
512,276,298,518,476,15.66,1017.10,40.57,14.57
513,272,297,517,475,15.65,1017.08,40.52,15.00
514,270,295,516,474,15.64,1017.07,40.47,15.51
515,266,294,514,473,15.64,1017.08,40.44,15.97
516,263,292,513,471,15.63,1017.08,40.38,16.38
517,261,291,511,469,15.62,1017.10,40.33,16.80
518,258,290,510,468,15.62,1017.09,40.28,17.24
519,255,288,509,467,15.61,1017.07,40.24,17.63
520,252,286,507,466,15.60,1017.07,40.17,18.01
521,250,284,506,465,15.60,1017.07,40.12,18.45
522,247,283,505,463,15.59,1017.08,40.05,18.75
523,245,282,502,462,15.58,1017.08,40.00,19.21
524,242,280,501,462,15.57,1017.08,39.94,19.55
525,241,278,500,461,15.57,1017.06,39.89,19.92
526,238,277,499,460,15.56,1017.05,39.83,20.25
527,235,276,497,459,15.56,1017.05,39.78,20.58
528,233,274,496,458,15.55,1017.07,39.72,20.97
529,231,272,494,456,15.55,1017.08,39.67,21.25
530,230,270,492,456,15.54,1017.08,39.62,21.64
531,227,269,491,455,15.54,1017.07,39.56,21.94
532,226,268,490,454,15.53,1017.05,39.51,22.19
533,224,266,488,454,15.53,1017.05,39.45,22.60
534,222,264,487,452,15.53,1017.07,39.39,22.92
535,220,263,486,451,15.52,1017.08,39.35,23.17
536,218,262,483,450,15.52,1017.09,39.30,23.56
537,218,260,482,450,15.51,1017.08,39.25,23.81
538,215,260,481,448,15.51,1017.06,39.19,24.11
539,214,257,479,447,15.50,1017.05,39.16,24.45
540,212,257,479,447,15.50,1017.04,39.10,24.70
541,210,255,477,446,15.50,1017.06,39.07,25.07
542,209,253,475,445,15.49,1017.07,39.01,25.39
543,208,252,474,444,15.49,1017.08,38.97,25.70
544,207,251,473,444,15.49,1017.06,38.92,25.94
545,205,249,471,443,15.49,1017.04,38.87,26.31
546,205,249,470,442,15.48,1017.04,38.84,26.61
547,203,247,468,442,15.48,1017.04,38.79,26.83
548,202,246,467,440,15.48,1017.06,38.75,27.21
549,200,245,466,441,15.48,1017.07,38.71,27.52
550,199,244,465,439,15.47,1017.07,38.68,27.72
551,198,243,464,439,15.47,1017.06,38.63,28.12
552,197,241,463,438,15.47,1017.05,38.59,28.35
553,196,241,461,438,15.47,1017.06,38.56,28.64
554,195,239,460,436,15.46,1017.07,38.52,28.96
555,193,238,459,436,15.46,1017.07,38.48,29.28
556,193,236,458,435,15.46,1017.06,38.45,29.50
557,192,236,456,434,15.46,1017.05,38.41,29.73
558,191,234,455,434,15.45,1017.05,38.38,30.05
559,190,234,454,433,15.45,1017.07,38.35,30.42
560,188,232,453,432,15.45,1017.08,38.32,30.60
561,188,231,452,432,15.45,1017.09,38.29,30.87
562,187,231,451,431,15.45,1017.08,38.26,31.16
563,187,230,449,430,15.45,1017.07,38.22,31.44
564,186,228,448,430,15.45,1017.06,38.20,31.75
565,185,228,446,429,15.44,1017.07,38.16,31.97
566,184,227,446,429,15.44,1017.08,38.14,32.34
567,183,225,444,428,15.44,1017.07,38.11,32.51
568,182,224,443,428,15.44,1017.06,38.08,32.82
569,182,223,441,427,15.44,1017.06,38.06,33.05
570,181,222,441,426,15.43,1017.05,38.03,33.23
571,180,221,440,425,15.43,1017.06,38.03,33.55
572,179,221,439,425,15.43,1017.08,38.01,33.93
573,178,220,438,425,15.43,1017.06,37.96,34.15
574,179,219,436,424,15.43,1017.05,37.94,34.29
575,178,218,436,423,15.43,1017.05,37.93,34.71
576,177,217,434,423,15.43,1017.07,37.90,34.83
577,176,216,433,422,15.42,1017.08,37.89,34.97
578,176,215,433,421,15.42,1017.07,37.86,35.35
579,175,214,431,421,15.42,1017.05,37.84,35.66
580,174,213,430,421,15.42,1017.04,37.83,35.84
581,173,213,430,420,15.42,1017.06,37.80,36.11
582,173,212,428,419,15.42,1017.06,37.78,36.30
583,172,211,427,419,15.42,1017.06,37.76,36.68
584,171,210,427,418,15.42,1017.05,37.74,37.00
585,171,210,425,418,15.42,1017.04,37.73,37.10
586,170,209,425,417,15.41,1017.05,37.70,37.27
587,170,208,423,417,15.41,1017.06,37.68,37.57
588,169,207,423,416,15.41,1017.07,37.67,37.80
589,169,207,422,416,15.41,1017.07,37.66,38.01
590,168,205,421,415,15.41,1017.05,37.64,38.28
591,168,204,420,414,15.41,1017.05,37.62,38.49
592,168,204,419,414,15.41,1017.06,37.60,38.71
593,167,204,418,414,15.41,1017.07,37.60,38.85
594,166,203,417,413,15.41,1017.07,37.56,39.21
595,166,202,417,412,15.40,1017.05,37.56,39.36
596,166,201,415,412,15.40,1017.04,37.54,39.65
597,165,200,414,412,15.40,1017.06,37.53,39.73
598,165,200,413,411,15.40,1017.06,37.52,40.18
599,164,199,413,410,15.40,1017.07,37.50,40.49
600,163,199,412,411,15.40,1017.06,37.48,40.65
601,163,198,411,410,15.40,1017.05,37.47,40.65
602,163,197,410,409,15.40,1017.05,37.46,41.09
603,163,196,410,409,15.40,1017.06,37.44,41.09
604,162,196,409,409,15.40,1017.07,37.43,41.45
605,161,195,407,408,15.40,1017.06,37.41,41.49
606,161,195,407,408,15.40,1017.04,37.40,41.95
607,161,193,406,408,15.40,1017.04,37.40,42.07
608,160,193,405,407,15.40,1017.05,37.37,42.33
609,160,193,404,406,15.39,1017.06,37.36,42.41
610,160,192,403,406,15.39,1017.07,37.36,42.80
611,159,191,402,405,15.39,1017.06,37.35,43.02
612,159,191,402,405,15.39,1017.04,37.32,43.11
613,158,189,401,405,15.39,1017.04,37.33,43.46
614,158,189,400,404,15.39,1017.05,37.31,43.64
615,157,189,399,404,15.39,1017.07,37.31,43.83
616,158,189,399,404,15.39,1017.07,37.28,44.19
617,157,187,398,403,15.39,1017.06,37.29,44.52
618,157,187,397,403,15.39,1017.05,37.28,44.71
619,156,186,397,403,15.38,1017.05,37.28,45.00
620,156,187,396,402,15.38,1017.06,37.27,45.09
621,156,185,395,402,15.38,1017.07,37.26,45.29
622,155,185,394,402,15.38,1017.07,37.25,45.48
623,155,184,393,401,15.38,1017.06,37.26,45.83
624,155,184,393,401,15.38,1017.05,37.24,45.93
625,154,183,392,400,15.38,1017.04,37.24,46.08
626,154,183,392,400,15.38,1017.04,37.23,46.23
627,154,183,390,400,15.38,1017.06,37.22,46.59
628,154,182,389,400,15.38,1017.06,37.21,47.01
629,153,181,389,399,15.38,1017.05,37.21,47.06
630,152,181,389,399,15.38,1017.03,37.21,47.17
631,153,180,388,399,15.38,1017.02,37.21,47.25
632,152,179,387,398,15.38,1017.03,37.19,47.59
633,152,179,387,398,15.38,1017.04,37.18,47.65
634,151,179,386,397,15.38,1017.05,37.20,47.65
635,152,178,385,397,15.37,1017.05,37.18,47.97
636,151,178,385,397,15.38,1017.04,37.17,48.31
637,151,177,384,397,15.37,1017.03,37.17,48.73
638,151,177,383,396,15.37,1017.03,37.17,48.87
639,150,176,383,395,15.37,1017.04,37.17,49.18
640,150,176,382,396,15.37,1017.05,37.17,49.33
641,150,175,381,396,15.37,1017.07,37.16,49.44
642,150,175,380,395,15.37,1017.07,37.15,49.65
643,150,174,380,394,15.37,1017.06,37.14,50.18
644,150,174,379,395,15.37,1017.04,37.15,50.06
645,148,173,379,393,15.37,1017.03,37.14,50.51
646,148,172,378,394,15.37,1017.03,37.14,50.57
647,148,172,377,394,15.37,1017.05,37.13,50.91
648,148,172,377,393,15.37,1017.06,37.14,51.19
649,148,171,376,393,15.37,1017.06,37.13,51.25
650,148,171,376,393,15.37,1017.06,37.12,51.38
651,148,171,375,393,15.37,1017.05,37.11,51.66
652,148,170,375,392,15.37,1017.04,37.12,51.95
653,147,169,373,392,15.37,1017.04,37.11,52.37
654,147,169,373,392,15.37,1017.03,37.12,52.60
655,147,169,372,393,15.37,1017.04,37.11,52.66
656,146,168,372,392,15.37,1017.05,37.11,52.86
657,146,168,371,391,15.37,1017.06,37.10,53.03
658,146,167,371,391,15.37,1017.06,37.10,53.20
659,146,167,370,391,15.37,1017.04,37.10,53.50
660,146,167,369,391,15.37,1017.03,37.10,53.60
661,145,166,369,390,15.36,1017.02,37.10,53.84
662,145,166,368,390,15.36,1017.02,37.08,54.09
663,145,166,368,390,15.36,1017.03,37.10,54.40
664,145,166,367,389,15.36,1017.04,37.08,54.65
665,145,165,367,389,15.36,1017.05,37.08,54.79
666,144,164,366,389,15.36,1017.06,37.08,55.22
667,145,164,366,389,15.36,1017.06,37.08,55.30
668,144,164,366,388,15.36,1017.05,37.08,55.51
669,144,163,365,388,15.36,1017.03,37.07,55.96
670,143,162,364,388,15.36,1017.02,37.07,56.18
671,143,163,363,388,15.36,1017.03,37.06,56.41
672,143,162,363,387,15.36,1017.03,37.07,56.64
673,143,161,362,387,15.36,1017.04,37.06,57.02
674,143,161,362,387,15.36,1017.05,37.06,57.25
675,143,161,361,387,15.36,1017.04,37.05,57.21
676,142,161,361,387,15.36,1017.03,37.06,57.69
677,142,160,360,386,15.36,1017.02,37.05,57.81
678,142,160,360,386,15.36,1017.02,37.05,58.08
679,142,160,360,386,15.36,1017.01,37.05,58.45
680,142,160,359,386,15.36,1017.03,37.06,58.65
681,141,159,358,386,15.36,1017.04,37.05,58.94
682,141,158,358,385,15.36,1017.05,37.05,59.10
683,141,158,357,385,15.36,1017.05,37.05,59.61
684,142,158,357,385,15.36,1017.05,37.04,59.65
685,140,157,356,385,15.36,1017.03,37.04,59.78
686,140,157,356,386,15.36,1017.03,37.05,59.95
687,140,156,355,384,15.36,1017.03,37.05,60.34
688,140,157,355,385,15.36,1017.03,37.05,60.51
689,140,156,355,384,15.36,1017.04,37.04,60.90
690,140,155,354,383,15.36,1017.05,37.04,60.99
691,140,155,353,383,15.35,1017.04,37.04,61.26
692,140,155,353,383,15.35,1017.02,37.04,61.48
693,140,155,352,384,15.35,1017.01,37.04,61.89
694,139,155,352,383,15.36,1017.02,37.04,62.21
695,139,154,352,382,15.35,1017.03,37.03,62.30
696,139,154,350,382,15.35,1017.04,37.05,62.72
697,139,153,351,382,15.35,1017.05,37.04,62.67
698,139,152,350,382,15.35,1017.05,37.04,63.53
699,138,153,350,382,15.35,1017.03,37.03,63.43
700,138,153,349,381,15.35,1017.03,37.03,63.91
701,139,152,349,382,15.35,1017.03,37.03,64.01
702,138,152,348,381,15.35,1017.03,37.04,64.31
703,138,152,348,381,15.35,1017.04,37.02,64.65
704,138,151,347,381,15.35,1017.05,37.03,64.95
705,138,151,347,380,15.35,1017.05,37.03,65.41
706,138,151,346,380,15.35,1017.04,37.03,65.56
707,137,150,346,380,15.35,1017.02,37.03,65.71
708,137,150,345,380,15.35,1017.02,37.03,65.87
709,137,150,345,380,15.35,1017.03,37.03,66.39
710,137,150,344,379,15.35,1017.04,37.03,66.70
711,137,149,344,380,15.35,1017.05,37.03,66.81
712,137,149,344,380,15.35,1017.05,37.03,67.24
713,136,149,344,379,15.35,1017.03,37.03,67.56
714,137,148,343,378,15.35,1017.02,37.02,67.56
715,136,148,343,379,15.35,1017.01,37.02,68.11
716,137,148,343,378,15.35,1017.01,37.02,68.33
717,136,148,342,378,15.35,1017.03,37.03,68.55
718,136,148,342,378,15.35,1017.04,37.02,69.00
719,136,147,341,377,15.35,1017.04,37.03,69.06
720,136,146,340,377,15.35,1017.04,37.02,69.23
721,136,147,340,377,15.35,1017.02,37.03,69.81
722,135,146,340,377,15.35,1017.01,37.01,70.04
723,136,147,339,377,15.35,1017.01,37.02,70.04
724,135,146,339,377,15.35,1017.03,37.01,70.75
725,135,146,338,377,15.35,1017.04,37.01,71.22
726,135,145,338,377,15.35,1017.05,37.01,71.34
727,134,146,338,376,15.35,1017.03,37.02,71.59
728,135,145,337,377,15.35,1017.01,37.02,72.20
729,135,145,337,377,15.35,1017.01,37.02,72.33
730,134,145,337,376,15.35,1017.02,37.01,72.58
731,134,144,336,376,15.35,1017.03,37.02,73.02
732,134,144,337,376,15.35,1017.04,37.02,73.08
733,134,144,336,377,15.35,1017.05,37.02,73.59
734,134,143,335,375,15.35,1017.05,37.03,73.85
735,134,143,334,375,15.35,1017.04,37.02,74.05
736,134,143,334,375,15.35,1017.02,37.02,74.37
737,134,143,334,374,15.35,1017.01,37.03,74.77
738,133,143,334,375,15.35,1017.01,37.02,75.04
739,133,142,333,375,15.35,1017.03,37.04,75.71
740,133,141,332,374,15.35,1017.04,37.02,75.92
741,134,142,332,375,15.35,1017.05,37.03,76.26
742,132,141,332,374,15.35,1017.05,37.04,76.61
743,133,142,332,374,15.35,1017.03,37.04,76.61
744,133,141,332,374,15.35,1017.02,37.04,77.03
745,132,141,331,373,15.35,1017.01,37.04,77.53
746,133,141,330,373,15.35,1017.02,37.05,77.53
747,133,140,331,374,15.35,1017.03,37.04,78.03
748,132,140,330,373,15.34,1017.04,37.04,78.40
749,133,140,330,373,15.35,1017.05,37.03,78.69
