Time,NO2,C2H5CH,VOC,CO,Temperature,Pressure,Humidity,Gas Resistance
0,132,137,333,409,15.70,1017.35,40.95,59.02
1,133,137,333,409,15.70,1017.35,40.96,59.52
2,132,137,333,409,15.70,1017.36,40.95,59.52
3,132,137,332,409,15.70,1017.34,40.95,59.69
4,132,136,332,409,15.70,1017.33,40.95,59.95
5,132,137,331,409,15.70,1017.33,40.95,60.21
6,132,136,332,408,15.70,1017.32,40.94,60.77
7,131,136,331,409,15.70,1017.32,40.95,60.55
8,132,135,330,408,15.70,1017.33,40.94,61.08
9,132,135,330,408,15.70,1017.34,40.95,61.21
10,131,135,330,408,15.70,1017.33,40.95,61.39
11,131,135,330,408,15.70,1017.33,40.94,61.39
12,131,134,329,408,15.70,1017.32,40.95,61.89
13,131,134,329,408,15.70,1017.32,40.95,62.17
14,131,134,329,407,15.70,1017.33,40.96,62.35
15,131,134,328,407,15.70,1017.35,40.94,62.44
16,131,134,328,407,15.70,1017.36,40.93,62.96
17,131,134,327,407,15.70,1017.35,40.94,62.82
18,131,133,327,407,15.70,1017.33,40.96,63.15
19,131,134,327,407,15.70,1017.32,40.94,63.38
20,130,133,327,407,15.70,1017.31,40.95,63.82
21,130,133,326,406,15.70,1017.32,40.93,64.06
22,130,133,326,407,15.70,1017.32,40.94,64.06
23,131,133,326,407,15.70,1017.34,40.94,64.35
24,130,132,325,407,15.70,1017.35,40.93,64.75
25,130,132,325,406,15.70,1017.35,40.95,65.15
26,130,132,325,406,15.70,1017.34,40.94,65.05
27,130,132,325,406,15.70,1017.32,40.94,65.56
28,130,132,324,406,15.70,1017.31,40.93,65.51
29,130,131,324,406,15.70,1017.32,40.96,65.97
30,129,131,323,406,15.70,1017.33,40.95,66.23
31,130,131,323,406,15.70,1017.34,40.93,66.33
32,129,131,323,406,15.70,1017.35,40.93,66.70
33,130,130,322,406,15.69,1017.35,40.93,66.86
34,129,131,322,405,15.70,1017.34,40.94,67.18
35,129,130,322,406,15.70,1017.32,40.93,67.18
36,129,130,322,406,15.70,1017.32,40.92,67.29
37,129,130,321,405,15.70,1017.32,40.93,67.83
38,129,129,320,405,15.69,1017.34,40.92,67.89
39,129,130,321,405,15.69,1017.35,40.93,68.11
40,129,129,320,405,15.70,1017.36,40.93,68.55
41,129,130,320,406,15.70,1017.36,40.92,68.78
42,129,129,320,405,15.70,1017.36,40.91,69.00
43,129,129,319,405,15.70,1017.34,40.91,69.12
44,128,129,319,405,15.70,1017.33,40.92,69.34
45,129,128,319,405,15.70,1017.33,40.92,69.81
46,128,129,318,405,15.70,1017.33,40.90,70.21
47,128,129,318,404,15.70,1017.34,40.91,70.10
48,128,129,318,405,15.70,1017.35,40.91,70.45
49,127,128,318,405,15.69,1017.35,40.91,70.63
50,128,128,318,405,15.69,1017.36,40.91,71.16
51,128,128,317,405,15.69,1017.36,40.91,71.16
52,128,127,317,404,15.69,1017.34,40.90,71.59
53,128,127,317,404,15.69,1017.32,40.91,71.89
54,127,127,316,405,15.69,1017.32,40.90,71.89
55,128,126,317,404,15.69,1017.32,40.91,72.26
56,128,126,316,404,15.69,1017.33,40.91,72.51
57,128,127,315,404,15.69,1017.34,40.90,72.95
58,128,126,316,404,15.69,1017.35,40.91,73.21
59,128,126,315,404,15.69,1017.35,40.89,73.53
60,128,126,314,404,15.69,1017.34,40.90,73.59
61,127,126,315,404,15.69,1017.33,40.89,73.72
62,128,125,314,404,15.69,1017.32,40.90,74.18
63,127,125,314,404,15.69,1017.31,40.89,74.37
64,128,125,314,404,15.69,1017.31,40.90,74.64
65,128,125,314,404,15.69,1017.32,40.89,75.11
66,127,125,313,404,15.69,1017.34,40.89,75.11
67,127,125,312,404,15.69,1017.35,40.89,75.24
68,128,125,313,403,15.69,1017.36,40.89,75.71
69,127,124,312,404,15.69,1017.36,40.87,75.99
70,128,125,312,403,15.69,1017.35,40.88,75.99
71,127,124,312,403,15.69,1017.34,40.88,76.47
72,127,124,312,403,15.69,1017.32,40.88,76.68
73,126,124,311,403,15.69,1017.31,40.87,77.25
74,127,124,310,403,15.69,1017.31,40.87,77.25
75,126,123,311,403,15.69,1017.32,40.88,77.67
76,126,123,310,403,15.69,1017.35,40.87,78.11
77,126,123,310,403,15.69,1017.36,40.88,78.03
78,126,123,311,404,15.69,1017.36,40.87,78.40
79,126,123,310,403,15.69,1017.36,40.87,78.69
80,127,123,310,403,15.69,1017.35,40.88,79.21
81,126,123,310,403,15.69,1017.32,40.87,79.29
82,127,122,309,403,15.69,1017.32,40.87,79.36
83,126,122,309,402,15.69,1017.32,40.87,79.89
84,126,123,309,403,15.69,1017.33,40.87,80.27
85,125,122,309,404,15.69,1017.34,40.87,80.65
86,126,122,309,403,15.69,1017.34,40.87,80.65
87,126,121,309,403,15.69,1017.35,40.87,80.81
88,125,122,308,402,15.69,1017.36,40.87,80.97
89,127,121,307,403,15.69,1017.35,40.87,81.59
90,126,121,308,403,15.69,1017.34,40.87,81.67
91,126,121,307,403,15.69,1017.32,40.87,81.91
92,126,122,307,403,15.69,1017.31,40.86,82.31
93,125,121,307,402,15.69,1017.31,40.87,82.56
94,126,121,306,403,15.69,1017.31,40.85,83.05
95,126,121,307,403,15.69,1017.32,40.85,83.29
96,125,121,306,402,15.69,1017.33,40.87,83.37
97,125,120,306,403,15.69,1017.35,40.85,83.62
98,126,120,306,402,15.69,1017.36,40.86,83.87
99,125,121,305,403,15.69,1017.36,40.85,84.29
100,126,120,305,403,15.69,1017.35,40.84,84.29
101,126,120,305,402,15.69,1017.33,40.85,84.81
102,125,120,304,403,15.69,1017.32,40.85,85.41
103,125,119,305,403,15.69,1017.31,40.84,85.41
104,126,119,304,402,15.69,1017.32,40.84,86.02
105,126,119,304,403,15.69,1017.32,40.84,86.28
106,125,119,303,402,15.69,1017.34,40.85,86.46
107,125,119,304,402,15.69,1017.35,40.85,86.82
108,126,119,304,403,15.69,1017.36,40.85,87.18
109,126,119,303,402,15.69,1017.36,40.86,87.45
110,125,119,303,402,15.69,1017.36,40.85,87.91
111,125,118,303,402,15.69,1017.35,40.85,87.63
112,125,119,302,403,15.69,1017.33,40.86,88.19
113,125,119,302,403,15.69,1017.32,40.85,88.37
114,125,118,302,403,15.69,1017.31,40.84,88.84
115,125,118,301,403,15.69,1017.31,40.85,89.12
116,125,119,301,403,15.69,1017.32,40.85,89.31
117,125,118,302,402,15.69,1017.34,40.85,89.98
118,125,118,301,402,15.69,1017.35,40.86,90.17
119,125,118,301,403,15.69,1017.36,40.85,90.27
120,125,118,301,403,15.69,1017.37,40.86,90.46
121,125,117,301,402,15.69,1017.37,40.85,91.15
122,125,117,300,402,15.69,1017.37,40.86,91.55
123,125,117,300,403,15.69,1017.34,40.87,91.15
124,128,119,301,405,15.69,1017.34,40.85,87.27
125,134,121,303,411,15.69,1017.32,40.87,75.04
126,144,123,306,416,15.69,1017.31,40.88,59.86
127,155,126,308,423,15.70,1017.32,40.90,47.27
128,167,130,312,429,15.70,1017.32,40.93,38.42
129,179,134,315,436,15.70,1017.34,41.00,31.92
130,191,139,318,443,15.70,1017.35,41.08,27.09
131,202,144,322,449,15.71,1017.36,41.19,23.73
132,212,149,326,457,15.71,1017.37,41.33,21.16
133,222,154,330,463,15.71,1017.37,41.49,19.19
134,232,160,333,467,15.71,1017.36,41.66,17.76
135,240,165,336,472,15.71,1017.35,41.85,16.63
136,249,170,341,477,15.71,1017.33,42.05,15.73
137,258,175,345,481,15.72,1017.33,42.26,15.00
138,266,181,350,484,15.72,1017.33,42.49,14.46
139,275,186,354,488,15.72,1017.34,42.71,13.91
140,283,191,359,491,15.72,1017.42,42.95,13.52
141,290,196,363,494,15.72,1017.51,43.20,13.13
142,298,200,368,496,15.72,1017.57,43.45,12.78
143,304,205,373,499,15.73,1017.62,43.70,12.47
144,311,208,378,501,15.73,1017.66,43.96,12.11
145,317,212,381,503,15.73,1017.70,44.21,11.87
146,323,215,386,505,15.74,1017.72,44.45,11.60
147,328,219,391,507,15.74,1017.73,44.68,11.37
148,332,221,395,508,15.75,1017.74,44.92,11.11
149,336,225,400,510,15.75,1017.74,45.14,10.83
150,339,227,405,512,15.76,1017.75,45.37,10.63
151,343,230,408,515,15.76,1017.75,45.57,10.42
152,347,233,412,516,15.77,1017.75,45.79,10.24
153,349,235,416,517,15.77,1017.76,45.98,10.02
154,351,238,420,519,15.78,1017.76,46.17,9.84
155,353,240,423,520,15.78,1017.77,46.37,9.71
156,354,242,426,522,15.79,1017.76,46.53,9.53
157,356,245,430,523,15.79,1017.77,46.69,9.40
158,357,246,434,525,15.80,1017.77,46.85,9.25
159,358,248,436,526,15.80,1017.77,47.00,9.12
160,359,251,440,527,15.81,1017.77,47.12,9.01
161,360,252,442,528,15.81,1017.78,47.26,8.89
162,361,254,445,530,15.82,1017.77,47.39,8.76
163,361,256,449,532,15.82,1017.78,47.51,8.67
164,362,257,451,532,15.83,1017.78,47.62,8.57
165,362,259,453,533,15.83,1017.78,47.74,8.50
166,362,261,456,534,15.84,1017.77,47.83,8.40
167,362,262,457,535,15.84,1017.78,47.94,8.31
168,362,263,460,536,15.85,1017.78,48.01,8.24
169,363,265,462,537,15.85,1017.77,48.11,8.18
170,363,266,464,538,15.86,1017.77,48.17,8.11
171,362,268,466,539,15.86,1017.78,48.26,8.05
172,362,268,468,540,15.86,1017.78,48.31,7.99
173,362,270,471,541,15.87,1017.79,48.38,7.92
174,362,271,472,541,15.87,1017.78,48.46,7.88
175,362,273,473,542,15.88,1017.79,48.49,7.83
176,362,274,475,543,15.88,1017.78,48.55,7.75
177,361,275,477,543,15.88,1017.79,48.60,7.71
178,361,276,479,544,15.89,1017.79,48.64,7.67
179,361,277,480,546,15.89,1017.79,48.70,7.63
180,360,278,482,546,15.89,1017.79,48.72,7.60
181,360,279,483,546,15.90,1017.78,48.76,7.55
182,360,280,484,547,15.90,1017.78,48.80,7.53
183,360,280,486,547,15.90,1017.78,48.83,7.50
184,359,282,487,548,15.91,1017.78,48.86,7.48
185,359,283,489,548,15.91,1017.77,48.88,7.42
186,358,284,490,549,15.91,1017.77,48.89,7.40
187,358,284,491,549,15.92,1017.78,48.91,7.37
188,358,285,491,550,15.92,1017.78,48.93,7.34
189,358,287,493,551,15.92,1017.79,48.93,7.32
190,356,288,494,551,15.92,1017.80,48.96,7.29
191,356,288,495,552,15.93,1017.79,48.97,7.25
192,356,289,496,553,15.93,1017.78,48.99,7.27
193,356,290,498,552,15.93,1017.79,48.99,7.24
194,355,291,498,552,15.94,1017.79,48.97,7.22
195,355,291,500,553,15.94,1017.79,48.97,7.20
196,354,292,500,554,15.94,1017.79,48.99,7.19
197,354,292,502,554,15.94,1017.79,48.99,7.18
198,353,293,502,555,15.95,1017.79,48.99,7.16
199,353,294,503,555,15.95,1017.79,48.98,7.14
200,353,294,504,556,15.95,1017.79,48.97,7.14
201,353,295,505,556,15.95,1017.80,48.98,7.12
202,351,295,505,556,15.95,1017.79,48.96,7.11
203,352,296,506,556,15.96,1017.78,48.97,7.07
204,351,297,507,557,15.96,1017.79,48.96,7.07
205,350,297,508,557,15.96,1017.79,48.95,7.07
206,349,297,508,557,15.96,1017.78,48.94,7.07
207,350,298,509,558,15.96,1017.79,48.92,7.05
208,350,299,509,558,15.96,1017.79,48.91,7.05
209,349,299,510,558,15.97,1017.79,48.90,7.05
210,348,299,511,559,15.97,1017.78,48.90,7.04
211,348,300,512,559,15.97,1017.78,48.88,7.02
212,348,301,512,560,15.97,1017.78,48.87,7.03
213,347,301,513,560,15.97,1017.78,48.86,7.03
214,347,301,514,560,15.98,1017.78,48.85,7.01
215,347,301,514,560,15.98,1017.78,48.83,7.00
216,347,302,515,560,15.98,1017.78,48.82,6.99
217,346,302,516,560,15.98,1017.77,48.80,7.00
218,346,303,516,561,15.98,1017.78,48.78,6.99
219,344,303,516,561,15.99,1017.78,48.78,6.99
220,345,304,518,561,15.99,1017.78,48.75,6.98
221,344,304,518,561,15.99,1017.78,48.73,6.99
222,344,305,518,561,15.99,1017.79,48.71,6.98
223,343,305,519,562,15.99,1017.79,48.70,6.97
224,343,304,519,561,15.99,1017.79,48.67,6.96
225,343,305,519,562,16.00,1017.79,48.65,6.97
226,343,306,520,562,16.00,1017.79,48.64,6.97
227,342,305,520,561,16.00,1017.79,48.62,6.96
228,342,306,521,562,16.00,1017.79,48.59,6.95
229,341,307,521,562,16.00,1017.79,48.58,6.96
230,341,307,522,562,16.00,1017.79,48.56,6.95
231,340,307,522,562,16.00,1017.79,48.54,6.96
232,340,307,522,563,16.01,1017.80,48.51,6.96
233,340,308,523,563,16.01,1017.79,48.49,6.96
234,340,308,523,562,16.01,1017.79,48.47,6.93
235,339,308,523,562,16.01,1017.79,48.46,6.96
236,339,308,524,562,16.01,1017.79,48.44,6.96
237,339,308,524,563,16.01,1017.78,48.43,6.95
238,339,309,525,563,16.01,1017.79,48.39,6.94
239,339,309,525,563,16.02,1017.79,48.38,6.95
240,338,310,525,563,16.02,1017.80,48.36,6.96
241,337,309,526,563,16.02,1017.79,48.34,6.95
242,337,309,526,563,16.02,1017.79,48.31,6.96
243,336,309,527,563,16.02,1017.79,48.30,6.96
244,337,310,526,563,16.02,1017.79,48.28,6.94
245,336,310,527,563,16.02,1017.79,48.24,6.94
246,336,311,527,563,16.02,1017.79,48.23,6.95
247,336,310,528,563,16.03,1017.79,48.21,6.94
248,335,311,527,562,16.03,1017.79,48.18,6.96
249,335,311,528,564,16.03,1017.79,48.17,6.95
250,335,310,528,563,16.03,1017.79,48.15,6.95
251,335,311,529,564,16.03,1017.79,48.13,6.96
252,335,311,529,563,16.03,1017.79,48.11,6.95
253,335,311,530,564,16.04,1017.79,48.10,6.95
254,334,312,529,564,16.04,1017.80,48.07,6.95
255,333,312,530,563,16.04,1017.80,48.05,6.95
256,333,312,530,563,16.04,1017.81,48.02,6.96
257,333,312,531,563,16.04,1017.81,48.01,6.96
258,333,312,530,564,16.04,1017.80,48.00,6.95
259,333,312,531,563,16.04,1017.81,47.97,6.97
260,332,312,531,563,16.04,1017.81,47.94,6.97
261,332,312,531,563,16.05,1017.82,47.93,6.99
262,332,313,531,563,16.05,1017.81,47.92,6.99
263,331,313,532,564,16.05,1017.82,47.89,6.97
264,332,313,532,563,16.05,1017.81,47.86,6.99
265,330,313,532,563,16.05,1017.81,47.85,6.99
266,331,313,532,564,16.05,1017.80,47.83,6.99
267,331,313,533,563,16.05,1017.80,47.82,6.99
268,330,313,533,563,16.05,1017.80,47.79,7.00
269,330,314,533,563,16.06,1017.81,47.78,7.00
270,330,314,533,563,16.06,1017.81,47.74,6.99
271,330,313,533,564,16.06,1017.81,47.73,7.00
272,330,314,533,563,16.06,1017.81,47.72,6.99
273,329,314,533,563,16.06,1017.81,47.70,7.01
274,329,314,534,563,16.06,1017.81,47.68,7.02
275,329,314,534,563,16.06,1017.81,47.65,7.00
276,329,313,535,563,16.06,1017.81,47.63,7.02
277,329,314,534,563,16.06,1017.81,47.62,7.03
278,328,314,534,563,16.06,1017.81,47.60,7.02
279,328,314,535,564,16.06,1017.81,47.58,7.02
280,327,314,535,563,16.07,1017.81,47.57,7.03
281,327,315,535,562,16.07,1017.81,47.54,7.02
282,327,315,535,563,16.07,1017.82,47.53,7.02
283,327,315,535,563,16.07,1017.81,47.51,7.04
284,327,314,535,563,16.07,1017.81,47.50,7.04
285,326,315,536,562,16.07,1017.81,47.47,7.04
286,326,314,535,563,16.07,1017.81,47.45,7.04
287,327,315,536,563,16.07,1017.81,47.44,7.05
288,326,314,537,563,16.07,1017.81,47.42,7.05
289,326,315,536,563,16.07,1017.81,47.40,7.05
290,325,315,536,563,16.07,1017.81,47.38,7.06
291,326,314,536,563,16.07,1017.80,47.36,7.05
292,325,315,536,563,16.08,1017.80,47.35,7.06
293,325,315,536,562,16.08,1017.81,47.33,7.06
294,325,315,537,563,16.08,1017.81,47.33,7.07
295,324,315,537,563,16.08,1017.81,47.30,7.08
296,324,315,537,563,16.08,1017.81,47.29,7.07
297,324,315,537,563,16.08,1017.81,47.29,7.08
298,325,316,537,563,16.08,1017.81,47.24,7.08
299,324,315,537,563,16.08,1017.82,47.25,7.08
300,324,315,537,562,16.08,1017.82,47.22,7.09
301,324,315,537,563,16.08,1017.81,47.19,7.09
302,324,315,538,563,16.09,1017.81,47.19,7.10
303,323,316,538,563,16.09,1017.81,47.17,7.10
304,323,315,537,562,16.09,1017.81,47.15,7.09
305,323,316,537,563,16.09,1017.81,47.13,7.11
306,323,316,538,562,16.09,1017.81,47.12,7.10
307,322,316,538,562,16.09,1017.81,47.11,7.11
308,322,315,538,562,16.09,1017.82,47.09,7.13
309,322,316,538,562,16.09,1017.82,47.06,7.12
310,322,316,538,562,16.09,1017.81,47.05,7.12
311,322,315,538,562,16.09,1017.81,47.04,7.14
312,322,316,539,562,16.09,1017.80,47.02,7.15
313,321,316,539,561,16.09,1017.81,47.02,7.13
314,321,316,539,562,16.09,1017.81,46.99,7.13
315,321,316,539,562,16.09,1017.81,46.98,7.14
316,320,315,539,561,16.10,1017.81,46.97,7.16
317,321,316,538,562,16.10,1017.81,46.95,7.16
318,320,315,539,562,16.10,1017.80,46.93,7.17
319,320,316,539,562,16.10,1017.81,46.92,7.17
320,321,316,539,561,16.10,1017.81,46.91,7.17
321,321,316,539,561,16.10,1017.81,46.90,7.18
322,320,316,539,561,16.10,1017.81,46.87,7.16
323,320,316,540,562,16.10,1017.81,46.86,7.19
324,320,315,539,561,16.10,1017.81,46.85,7.19
325,319,316,539,561,16.10,1017.81,46.84,7.18
326,320,316,540,562,16.10,1017.81,46.82,7.19
327,319,315,539,561,16.10,1017.81,46.80,7.19
328,319,315,539,561,16.10,1017.82,46.79,7.20
329,319,315,539,561,16.11,1017.81,46.79,7.21
330,319,315,539,561,16.11,1017.81,46.77,7.22
331,319,316,539,561,16.11,1017.81,46.75,7.21
332,318,316,539,561,16.11,1017.80,46.74,7.22
333,318,315,540,561,16.11,1017.80,46.73,7.24
334,319,316,540,560,16.11,1017.80,46.72,7.24
335,318,316,540,560,16.11,1017.80,46.71,7.25
336,318,316,541,561,16.11,1017.80,46.67,7.26
337,317,315,540,561,16.11,1017.80,46.67,7.24
338,317,315,540,561,16.11,1017.81,46.65,7.24
339,317,316,541,560,16.11,1017.80,46.64,7.25
340,317,315,540,560,16.11,1017.80,46.63,7.26
341,318,315,540,561,16.11,1017.81,46.61,7.26
342,317,316,540,561,16.11,1017.80,46.61,7.27
343,317,315,540,561,16.11,1017.81,46.59,7.28
344,318,316,541,560,16.12,1017.80,46.58,7.28
345,317,316,540,560,16.12,1017.82,46.58,7.29
346,316,315,541,561,16.12,1017.81,46.56,7.29
347,317,315,541,560,16.12,1017.81,46.54,7.30
348,316,315,541,560,16.12,1017.81,46.52,7.27
349,316,316,541,559,16.12,1017.81,46.52,7.31
350,316,315,541,560,16.12,1017.81,46.50,7.30
351,316,316,540,560,16.12,1017.81,46.48,7.31
352,316,316,541,560,16.12,1017.81,46.48,7.31
353,316,315,540,561,16.12,1017.81,46.48,7.32
354,316,315,540,559,16.12,1017.82,46.46,7.31
355,315,316,541,560,16.12,1017.82,46.44,7.33
356,315,315,541,560,16.12,1017.81,46.44,7.33
357,315,316,541,560,16.12,1017.81,46.41,7.34
358,315,315,541,560,16.12,1017.82,46.41,7.34
359,314,315,541,559,16.12,1017.82,46.40,7.35
360,315,315,541,559,16.12,1017.81,46.40,7.33
361,315,316,541,559,16.12,1017.82,46.37,7.35
362,315,314,541,559,16.12,1017.82,46.38,7.36
363,315,315,542,559,16.12,1017.82,46.35,7.38
364,314,315,541,559,16.12,1017.81,46.34,7.36
365,315,315,541,559,16.13,1017.82,46.32,7.39
366,315,315,542,559,16.13,1017.82,46.32,7.38
367,314,315,541,559,16.13,1017.82,46.31,7.38
368,313,315,541,558,16.13,1017.82,46.29,7.39
369,314,315,542,559,16.13,1017.82,46.28,7.40
370,314,315,541,559,16.13,1017.82,46.27,7.39
371,314,315,541,559,16.13,1017.82,46.26,7.41
372,314,315,542,559,16.13,1017.81,46.25,7.40
373,313,315,541,559,16.13,1017.82,46.22,7.41
374,313,315,541,559,16.13,1017.81,46.23,7.41
375,313,315,541,559,16.13,1017.82,46.20,7.41
376,313,315,542,559,16.13,1017.81,46.20,7.42
377,313,315,541,559,16.13,1017.82,46.21,7.43
378,313,315,542,558,16.13,1017.81,46.20,7.43
379,312,315,542,559,16.13,1017.81,46.16,7.45
380,312,315,541,558,16.13,1017.81,46.16,7.46
381,313,314,542,558,16.13,1017.81,46.15,7.45
382,312,315,542,558,16.14,1017.80,46.14,7.46
383,312,314,541,558,16.14,1017.81,46.13,7.45
384,312,315,541,558,16.14,1017.81,46.12,7.47
385,312,315,541,558,16.14,1017.80,46.11,7.48
386,312,314,541,558,16.14,1017.80,46.09,7.48
387,312,314,541,558,16.14,1017.81,46.10,7.48
388,312,314,542,558,16.14,1017.81,46.08,7.48
389,311,314,542,557,16.14,1017.80,46.07,7.50
390,312,314,542,558,16.14,1017.80,46.05,7.49
391,311,314,542,557,16.14,1017.80,46.05,7.50
392,311,314,542,558,16.14,1017.81,46.04,7.48
393,311,314,541,558,16.14,1017.80,46.02,7.50
394,310,314,541,558,16.14,1017.81,46.01,7.51
395,311,314,542,558,16.14,1017.81,46.00,7.50
396,310,314,542,558,16.14,1017.81,46.01,7.53
397,311,314,542,558,16.14,1017.81,45.97,7.52
398,311,314,542,557,16.14,1017.81,45.97,7.54
399,310,313,542,557,16.14,1017.81,45.97,7.53
400,310,314,541,558,16.14,1017.81,45.96,7.54
401,311,314,541,558,16.15,1017.82,45.94,7.54
402,310,314,542,557,16.15,1017.82,45.94,7.55
403,310,314,542,557,16.15,1017.82,45.93,7.55
404,310,314,542,557,16.15,1017.82,45.92,7.56
405,310,313,542,557,16.15,1017.81,45.92,7.58
406,310,314,542,557,16.15,1017.82,45.91,7.58
407,310,314,542,557,16.15,1017.82,45.89,7.59
408,310,313,542,557,16.15,1017.81,45.88,7.58
409,310,314,542,557,16.15,1017.81,45.86,7.58
410,309,313,542,557,16.15,1017.80,45.86,7.60
411,309,313,541,557,16.15,1017.80,45.85,7.61
412,310,313,542,556,16.15,1017.80,45.84,7.60
413,309,314,542,556,16.15,1017.82,45.84,7.61
414,310,314,542,557,16.15,1017.81,45.83,7.61
415,309,313,542,557,16.15,1017.81,45.81,7.61
416,309,313,542,556,16.15,1017.82,45.80,7.61
417,309,314,541,556,16.15,1017.82,45.80,7.64
418,308,313,542,556,16.15,1017.81,45.78,7.63
419,309,313,542,556,16.15,1017.82,45.79,7.66
420,309,313,542,556,16.16,1017.82,45.77,7.64
421,308,313,542,556,16.16,1017.83,45.77,7.65
422,309,313,542,556,16.16,1017.82,45.75,7.65
423,308,313,542,556,16.16,1017.82,45.75,7.66
424,309,313,542,556,16.16,1017.82,45.75,7.66
425,309,312,542,556,16.16,1017.82,45.72,7.67
426,308,313,542,555,16.16,1017.82,45.73,7.68
427,308,313,542,555,16.16,1017.82,45.72,7.67
428,308,313,542,556,16.16,1017.81,45.71,7.67
429,308,312,542,555,16.16,1017.81,45.70,7.69
430,308,313,542,556,16.16,1017.81,45.68,7.69
431,307,313,542,556,16.16,1017.81,45.69,7.71
432,308,313,542,556,16.16,1017.81,45.67,7.71
433,308,312,541,555,16.16,1017.81,45.67,7.71
434,307,312,541,556,16.16,1017.80,45.64,7.72
435,307,312,542,556,16.16,1017.81,45.64,7.71
436,307,313,542,555,16.16,1017.80,45.64,7.73
437,307,313,541,555,16.16,1017.80,45.63,7.75
438,307,312,543,556,16.16,1017.80,45.63,7.72
439,307,312,542,556,16.16,1017.80,45.62,7.74
440,307,313,542,555,16.16,1017.80,45.61,7.74
441,307,313,542,555,16.16,1017.81,45.59,7.75
442,307,312,541,555,16.16,1017.81,45.59,7.77
443,307,313,542,555,16.16,1017.82,45.58,7.77
444,306,312,542,555,16.16,1017.82,45.56,7.75
445,306,312,542,554,16.16,1017.82,45.57,7.78
446,307,312,542,555,16.17,1017.82,45.56,7.78
447,306,312,542,555,16.17,1017.82,45.54,7.77
448,307,312,541,555,16.17,1017.82,45.53,7.78
449,306,312,542,555,16.17,1017.81,45.54,7.80
450,306,312,541,555,16.17,1017.81,45.53,7.80
451,306,312,542,554,16.17,1017.82,45.53,7.82
452,306,312,542,554,16.17,1017.82,45.50,7.81
453,306,312,542,554,16.17,1017.82,45.49,7.81
454,306,312,542,555,16.17,1017.82,45.49,7.81
455,306,311,542,554,16.17,1017.82,45.49,7.82
456,305,311,542,554,16.17,1017.82,45.49,7.81
457,306,311,541,555,16.17,1017.81,45.47,7.83
458,305,311,542,555,16.17,1017.82,45.46,7.87
459,306,311,541,554,16.17,1017.82,45.45,7.85
460,306,311,541,554,16.17,1017.82,45.45,7.85
461,306,311,541,554,16.17,1017.82,45.44,7.86
462,306,312,542,554,16.17,1017.82,45.43,7.85
463,305,311,541,553,16.17,1017.82,45.44,7.86
464,305,311,541,553,16.17,1017.82,45.41,7.87
465,305,311,542,554,16.17,1017.82,45.42,7.87
466,305,311,542,554,16.17,1017.81,45.41,7.87
467,304,311,542,553,16.17,1017.81,45.40,7.87
468,305,311,541,553,16.18,1017.82,45.40,7.88
469,304,311,542,553,16.17,1017.81,45.39,7.87
470,305,311,541,554,16.17,1017.81,45.38,7.89
471,304,311,541,553,16.18,1017.81,45.36,7.91
472,304,310,541,553,16.18,1017.81,45.37,7.91
473,304,310,542,553,16.18,1017.81,45.36,7.91
474,304,310,542,553,16.18,1017.82,45.35,7.91
475,305,310,542,554,16.18,1017.82,45.34,7.93
476,303,310,541,553,16.18,1017.82,45.34,7.94
477,304,310,542,552,16.18,1017.82,45.33,7.92
478,304,310,541,553,16.18,1017.83,45.33,7.94
479,304,310,542,553,16.18,1017.82,45.31,7.93
480,304,310,541,552,16.18,1017.82,45.30,7.95
481,303,310,541,553,16.18,1017.83,45.30,7.95
482,303,310,542,553,16.18,1017.83,45.31,7.95
483,304,310,541,552,16.18,1017.82,45.30,7.97
484,304,310,541,553,16.18,1017.82,45.30,7.96
485,303,310,542,553,16.18,1017.81,45.27,7.99
486,304,310,541,552,16.18,1017.82,45.25,7.98
487,304,309,541,553,16.18,1017.81,45.25,7.98
488,303,310,541,552,16.18,1017.81,45.25,7.98
489,303,310,541,553,16.18,1017.81,45.25,8.00
490,302,310,541,552,16.18,1017.81,45.24,7.99
491,304,309,541,553,16.18,1017.81,45.24,8.02
492,303,310,541,552,16.18,1017.81,45.22,8.00
493,303,310,541,552,16.18,1017.81,45.22,8.00
494,303,310,541,552,16.18,1017.81,45.22,8.03
495,303,310,541,552,16.18,1017.80,45.20,8.03
496,303,309,541,552,16.18,1017.81,45.20,8.03
497,302,309,541,552,16.19,1017.82,45.19,8.02
498,302,310,540,552,16.19,1017.82,45.18,8.05
499,302,309,541,552,16.19,1017.82,45.19,8.02
500,302,309,540,552,16.19,1017.69,45.17,8.05
501,302,309,541,552,16.19,1017.61,45.17,8.04
502,303,309,541,552,16.19,1017.56,45.16,8.08
503,301,309,540,550,16.18,1017.50,45.16,8.15
504,299,310,540,549,16.18,1017.46,45.15,8.33
505,298,308,539,547,16.18,1017.43,45.13,8.63
506,295,308,538,544,16.17,1017.42,45.11,9.00
507,292,308,538,541,16.16,1017.42,45.10,9.43
508,289,306,536,540,16.16,1017.39,45.07,9.85
509,285,306,536,537,16.15,1017.37,45.05,10.34
510,283,305,535,534,16.14,1017.37,45.02,10.83
511,280,303,534,531,16.13,1017.39,44.98,11.28
512,277,303,533,529,16.13,1017.39,44.96,11.76
513,275,301,531,527,16.12,1017.38,44.91,12.16
514,272,299,531,525,16.11,1017.35,44.87,12.57
515,269,297,529,523,16.10,1017.36,44.82,12.95
516,266,297,528,522,16.09,1017.37,44.78,13.27
517,263,295,526,520,16.09,1017.38,44.73,13.68
518,261,293,525,518,16.08,1017.39,44.66,14.03
519,258,292,525,517,16.07,1017.39,44.62,14.37
520,256,291,523,515,16.06,1017.38,44.57,14.70
521,253,289,521,513,16.05,1017.37,44.52,15.02
522,250,287,521,511,16.05,1017.39,44.45,15.27
523,247,286,520,511,16.04,1017.40,44.41,15.57
524,244,285,517,508,16.03,1017.40,44.34,15.86
525,243,283,517,508,16.03,1017.39,44.29,16.14
526,240,281,514,507,16.02,1017.38,44.24,16.41
527,238,280,514,505,16.01,1017.39,44.18,16.64
528,237,279,512,504,16.01,1017.39,44.13,16.95
529,234,278,511,503,16.00,1017.40,44.08,17.20
530,233,276,510,501,16.00,1017.40,44.02,17.40
531,231,274,508,500,15.99,1017.39,43.97,17.76
532,229,273,508,499,15.99,1017.38,43.93,17.98
533,227,271,506,497,15.98,1017.37,43.86,18.19
534,225,270,504,498,15.98,1017.38,43.83,18.42
535,223,268,503,496,15.97,1017.39,43.78,18.68
536,222,267,501,495,15.97,1017.39,43.73,18.86
537,221,265,501,494,15.96,1017.40,43.67,19.16
538,219,265,499,493,15.96,1017.39,43.64,19.35
539,217,263,497,493,15.96,1017.38,43.59,19.60
540,216,261,496,491,15.95,1017.38,43.55,19.83
541,214,260,495,491,15.95,1017.38,43.50,20.07
542,213,259,494,490,15.94,1017.38,43.45,20.30
543,212,258,492,488,15.94,1017.39,43.42,20.54
544,211,257,491,488,15.94,1017.40,43.38,20.70
545,209,256,489,486,15.93,1017.40,43.32,20.95
546,208,254,488,486,15.93,1017.39,43.29,21.21
547,207,253,487,485,15.93,1017.38,43.26,21.38
548,206,251,485,484,15.92,1017.38,43.22,21.60
549,204,251,484,484,15.92,1017.38,43.19,21.82
550,203,249,484,484,15.92,1017.39,43.16,22.07
551,202,249,482,482,15.91,1017.40,43.10,22.17
552,201,247,481,482,15.91,1017.40,43.08,22.43
553,200,246,480,480,15.91,1017.38,43.05,22.69
554,199,245,478,481,15.90,1017.37,43.02,22.87
555,198,244,477,480,15.90,1017.36,42.99,23.14
556,198,242,476,479,15.90,1017.37,42.96,23.32
557,195,242,475,478,15.90,1017.38,42.92,23.43
558,194,240,473,477,15.89,1017.39,42.90,23.65
559,194,239,472,476,15.89,1017.40,42.86,23.85
560,193,238,471,476,15.89,1017.39,42.83,24.07
561,192,237,470,475,15.89,1017.38,42.80,24.26
562,192,235,469,474,15.88,1017.37,42.78,24.50
563,190,235,468,473,15.88,1017.36,42.76,24.62
564,189,234,467,473,15.88,1017.35,42.73,24.88
565,189,233,465,473,15.88,1017.36,42.71,25.01
566,188,232,464,472,15.88,1017.38,42.68,25.24
567,187,231,463,473,15.87,1017.39,42.66,25.39
568,187,231,462,471,15.87,1017.40,42.64,25.58
569,185,229,461,471,15.87,1017.40,42.63,25.73
570,185,228,459,469,15.87,1017.39,42.59,25.92
571,184,226,459,469,15.86,1017.38,42.57,26.15
572,183,226,458,469,15.86,1017.37,42.55,26.26
573,183,225,456,468,15.86,1017.36,42.52,26.49
574,182,224,455,468,15.86,1017.37,42.52,26.70
575,182,223,455,468,15.86,1017.38,42.50,26.85
576,181,223,453,466,15.85,1017.39,42.47,26.99
577,180,222,452,466,15.85,1017.40,42.46,27.23
578,179,221,451,465,15.85,1017.40,42.44,27.46
579,179,220,450,466,15.85,1017.39,42.42,27.62
580,179,219,449,464,15.85,1017.37,42.41,27.73
581,178,218,449,464,15.85,1017.36,42.38,27.90
582,178,218,447,464,15.84,1017.35,42.38,28.12
583,176,216,447,463,15.84,1017.35,42.36,28.27
584,176,216,446,462,15.84,1017.36,42.34,28.41
585,176,215,444,462,15.84,1017.37,42.31,28.68
586,174,214,443,462,15.84,1017.38,42.31,28.84
587,174,213,442,461,15.84,1017.39,42.29,28.88
588,174,213,441,460,15.84,1017.38,42.27,29.10
589,173,212,441,460,15.83,1017.36,42.26,29.24
590,173,211,440,459,15.83,1017.35,42.24,29.40
591,172,211,438,459,15.83,1017.34,42.24,29.65
592,172,210,437,459,15.83,1017.35,42.22,29.86
593,172,208,436,459,15.83,1017.36,42.21,29.90
594,172,208,436,458,15.83,1017.37,42.21,30.18
595,171,208,435,457,15.83,1017.38,42.18,30.20
596,170,207,434,457,15.83,1017.37,42.18,30.53
597,169,206,432,457,15.83,1017.36,42.17,30.51
598,169,206,432,457,15.82,1017.35,42.16,30.78
599,168,205,431,456,15.82,1017.35,42.14,30.82
600,168,204,430,455,15.82,1017.35,42.13,31.05
601,168,203,429,455,15.82,1017.37,42.13,31.19
602,168,203,428,454,15.82,1017.38,42.11,31.37
603,167,202,428,454,15.82,1017.38,42.10,31.47
604,167,201,427,454,15.82,1017.38,42.08,31.59
605,167,201,426,453,15.82,1017.38,42.08,31.82
606,166,199,426,453,15.82,1017.36,42.07,31.90
607,165,199,424,452,15.82,1017.35,42.07,31.99
608,166,199,423,452,15.81,1017.35,42.07,32.29
609,165,198,422,452,15.81,1017.36,42.04,32.34
610,164,197,421,451,15.81,1017.37,42.04,32.46
611,165,197,421,450,15.81,1017.38,42.03,32.67
612,164,196,420,450,15.81,1017.39,42.02,32.77
613,164,196,419,450,15.81,1017.37,42.02,33.02
614,163,194,419,449,15.81,1017.36,42.01,33.10
615,163,194,419,450,15.81,1017.36,42.00,33.26
616,163,193,416,449,15.81,1017.36,41.99,33.28
617,162,193,416,449,15.81,1017.37,41.99,33.50
618,162,192,416,447,15.81,1017.38,41.98,33.52
619,162,192,414,448,15.80,1017.38,41.97,33.69
620,161,192,413,447,15.80,1017.38,41.96,33.85
621,161,191,413,446,15.80,1017.37,41.95,34.04
622,161,190,412,446,15.80,1017.36,41.94,34.35
623,160,189,412,447,15.80,1017.35,41.94,34.37
624,160,189,411,445,15.80,1017.36,41.92,34.57
625,160,188,410,445,15.80,1017.36,41.92,34.74
626,159,188,409,445,15.80,1017.37,41.91,34.69
627,159,187,408,444,15.80,1017.38,41.90,35.00
628,159,187,408,444,15.80,1017.39,41.89,34.94
629,158,186,407,444,15.80,1017.38,41.89,35.21
630,157,186,406,443,15.80,1017.37,41.88,35.42
631,157,184,405,443,15.79,1017.35,41.88,35.33
632,157,185,405,443,15.79,1017.35,41.88,35.69
633,157,184,405,443,15.79,1017.35,41.86,35.81
634,157,183,404,442,15.79,1017.36,41.87,35.87
635,157,183,403,442,15.79,1017.38,41.85,35.93
636,157,183,402,442,15.79,1017.38,41.85,36.18
637,156,182,402,441,15.79,1017.38,41.85,36.30
638,156,181,401,441,15.79,1017.37,41.84,36.40
639,156,181,400,440,15.79,1017.36,41.84,36.55
640,156,181,400,440,15.79,1017.36,41.83,36.71
641,155,180,398,439,15.79,1017.36,41.82,36.94
642,155,180,398,440,15.79,1017.36,41.83,36.97
643,155,179,397,440,15.79,1017.37,41.81,37.20
644,155,178,397,439,15.79,1017.39,41.82,37.27
645,154,178,396,439,15.78,1017.38,41.82,37.50
646,154,177,395,439,15.78,1017.37,41.80,37.60
647,154,177,395,438,15.78,1017.36,41.80,37.80
648,153,177,394,439,15.78,1017.35,41.79,37.97
649,153,176,393,438,15.78,1017.35,41.80,38.01
650,153,176,393,438,15.78,1017.35,41.78,38.14
651,153,176,392,438,15.78,1017.36,41.77,38.14
652,153,175,391,437,15.78,1017.37,41.79,38.46
653,152,174,391,436,15.78,1017.38,41.77,38.63
654,153,174,390,436,15.78,1017.38,41.76,38.71
655,152,174,390,435,15.78,1017.37,41.77,38.92
656,152,173,390,436,15.78,1017.35,41.76,38.88
657,152,173,389,436,15.78,1017.36,41.76,39.14
658,152,173,388,436,15.78,1017.36,41.74,39.51
659,151,172,387,435,15.78,1017.37,41.75,39.62
660,151,171,387,435,15.77,1017.38,41.75,39.54
661,151,171,385,435,15.77,1017.38,41.74,39.80
662,150,171,386,434,15.77,1017.40,41.74,39.99
663,151,170,385,434,15.77,1017.40,41.73,40.18
664,150,169,384,434,15.77,1017.39,41.73,40.42
665,150,170,384,433,15.77,1017.38,41.72,40.34
666,150,169,383,433,15.77,1017.37,41.73,40.53
667,149,169,383,433,15.77,1017.36,41.73,40.69
668,149,168,382,433,15.77,1017.37,41.72,40.89
669,149,168,381,432,15.77,1017.37,41.71,41.21
670,150,168,381,432,15.77,1017.37,41.70,41.21
671,149,167,380,432,15.77,1017.38,41.71,41.37
672,148,167,380,432,15.77,1017.39,41.71,41.37
673,149,166,379,432,15.77,1017.39,41.71,41.74
674,149,166,378,430,15.77,1017.37,41.69,41.74
675,149,165,378,431,15.77,1017.36,41.69,41.99
676,149,165,377,430,15.77,1017.36,41.69,42.28
677,148,165,376,430,15.76,1017.37,41.69,42.12
678,148,165,376,430,15.76,1017.38,41.68,42.54
679,148,164,376,430,15.76,1017.39,41.69,42.63
680,147,164,375,429,15.76,1017.37,41.69,42.93
681,147,164,375,430,15.76,1017.35,41.67,42.84
682,147,163,374,430,15.76,1017.35,41.66,43.15
683,147,163,373,429,15.76,1017.36,41.66,43.15
684,146,162,373,429,15.76,1017.36,41.66,43.24
685,147,162,372,429,15.76,1017.37,41.65,43.42
686,147,162,372,429,15.76,1017.37,41.66,43.60
687,146,161,371,428,15.76,1017.36,41.65,43.87
688,146,161,371,428,15.76,1017.35,41.65,44.01
689,147,161,370,428,15.76,1017.35,41.64,44.10
690,145,161,370,428,15.76,1017.36,41.64,44.43
691,145,160,369,427,15.76,1017.37,41.64,44.33
692,146,159,370,427,15.76,1017.37,41.63,44.62
693,145,160,368,426,15.76,1017.36,41.63,44.66
694,145,159,368,427,15.76,1017.36,41.63,44.85
695,145,159,368,427,15.76,1017.37,41.63,45.09
696,145,158,367,427,15.76,1017.37,41.62,45.29
697,145,157,366,426,15.75,1017.38,41.60,45.48
698,145,157,365,427,15.75,1017.38,41.62,45.58
699,145,157,366,426,15.75,1017.37,41.60,45.88
700,145,157,365,425,15.75,1017.35,41.60,45.98
701,144,157,365,425,15.75,1017.35,41.61,46.23
702,143,156,364,425,15.75,1017.36,41.61,46.49
703,145,156,364,426,15.75,1017.37,41.60,46.54
704,144,155,364,424,15.75,1017.38,41.59,46.54
705,144,155,363,425,15.75,1017.36,41.59,46.90
706,143,155,362,425,15.75,1017.35,41.58,46.90
707,143,155,362,424,15.75,1017.36,41.59,47.06
708,143,155,362,424,15.75,1017.36,41.57,47.11
709,143,154,361,424,15.75,1017.37,41.57,47.51
710,143,154,361,424,15.75,1017.37,41.58,47.62
711,143,154,360,424,15.75,1017.35,41.57,47.87
712,143,153,360,423,15.75,1017.35,41.55,48.14
713,142,153,359,423,15.75,1017.35,41.55,48.03
714,142,153,359,423,15.75,1017.36,41.55,48.25
715,142,152,358,423,15.75,1017.37,41.54,48.42
716,142,152,357,423,15.75,1017.37,41.55,48.64
717,142,152,357,422,15.75,1017.37,41.55,48.70
718,142,152,358,422,15.75,1017.35,41.55,48.95
719,142,151,356,423,15.75,1017.35,41.54,49.10
720,141,151,357,422,15.75,1017.36,41.53,49.21
721,141,151,355,422,15.75,1017.37,41.54,49.35
722,141,151,356,421,15.74,1017.37,41.54,49.53
723,141,150,355,422,15.74,1017.36,41.53,49.76
724,141,150,355,421,15.74,1017.34,41.53,49.97
725,141,150,354,421,15.74,1017.34,41.52,50.30
726,141,150,353,421,15.74,1017.35,41.53,50.42
727,141,149,353,421,15.75,1017.36,41.53,50.45
728,140,149,353,421,15.74,1017.37,41.53,50.66
729,140,149,352,421,15.74,1017.37,41.52,50.97
730,141,148,352,421,15.74,1017.35,41.52,51.19
731,141,149,351,421,15.74,1017.34,41.51,51.28
732,141,148,351,420,15.74,1017.34,41.51,51.38
733,140,148,351,420,15.74,1017.35,41.51,51.75
734,140,147,351,420,15.74,1017.37,41.49,51.69
735,140,147,349,420,15.74,1017.36,41.50,52.04
736,140,146,349,420,15.74,1017.35,41.50,52.20
737,139,147,349,420,15.74,1017.34,41.51,52.27
738,140,147,349,420,15.74,1017.36,41.49,52.63
739,139,146,349,420,15.74,1017.38,41.49,52.86
740,139,146,348,419,15.74,1017.39,41.48,53.06
741,139,146,348,419,15.74,1017.38,41.49,53.10
742,139,145,347,419,15.74,1017.36,41.49,53.36
743,139,145,346,419,15.74,1017.34,41.50,53.53
744,139,145,347,418,15.74,1017.34,41.48,53.74
745,139,145,346,419,15.74,1017.35,41.49,53.88
746,139,144,346,418,15.74,1017.37,41.48,54.09
747,138,145,345,418,15.74,1017.36,41.48,54.33
748,139,144,345,418,15.74,1017.37,41.48,54.51
749,139,144,344,418,15.74,1017.36,41.46,54.72
