Time,NO2,C2H5CH,VOC,CO,Temperature,Pressure,Humidity,Gas Resistance
0,133,100,329,396,17.00,1015.26,49.80,485.07
1,133,99,330,395,17.00,1015.27,49.78,488.25
2,133,99,330,396,17.00,1015.26,49.78,487.89
3,133,99,330,396,17.00,1015.26,49.79,487.18
4,132,100,330,395,17.00,1015.26,49.77,488.60
5,133,99,330,396,17.00,1015.25,49.77,489.67
6,133,99,329,396,17.00,1015.25,49.77,488.60
7,133,99,329,396,17.00,1015.27,49.75,487.18
8,132,99,329,395,17.00,1015.27,49.76,487.89
9,132,99,329,396,17.00,1015.28,49.76,487.18
10,132,99,328,396,17.00,1015.26,49.77,486.48
11,133,99,330,396,17.00,1015.26,49.76,486.83
12,132,99,329,396,17.00,1015.25,49.76,488.96
13,133,99,328,396,17.00,1015.26,49.76,487.89
14,133,99,329,396,17.00,1015.27,49.75,488.96
15,132,99,329,396,17.00,1015.27,49.76,486.83
16,132,99,329,396,17.01,1015.27,49.75,486.83
17,132,99,330,396,17.01,1015.26,49.76,487.54
18,133,98,330,396,17.01,1015.26,49.74,488.96
19,133,99,329,396,17.01,1015.27,49.75,487.89
20,132,99,329,396,17.01,1015.27,49.73,487.18
21,133,99,329,396,17.01,1015.28,49.73,487.18
22,133,98,329,396,17.01,1015.26,49.73,487.54
23,133,98,328,395,17.01,1015.28,49.73,489.31
24,133,99,329,396,17.01,1015.28,49.72,489.31
25,133,99,329,395,17.01,1015.29,49.72,489.31
26,133,99,329,395,17.01,1015.28,49.72,486.83
27,133,99,328,396,17.01,1015.28,49.72,487.54
28,132,99,328,396,17.01,1015.27,49.72,488.25
29,132,99,329,396,17.01,1015.28,49.71,488.25
30,133,99,329,395,17.01,1015.30,49.71,488.96
31,134,98,328,396,17.02,1015.30,49.72,488.25
32,133,98,328,396,17.02,1015.30,49.71,487.89
33,133,98,328,396,17.02,1015.29,49.70,487.89
34,134,98,329,396,17.02,1015.29,49.70,487.18
35,133,99,328,396,17.02,1015.29,49.69,487.89
36,134,98,328,397,17.02,1015.29,49.69,487.54
37,134,99,328,396,17.02,1015.31,49.70,487.89
38,134,99,328,396,17.02,1015.32,49.68,487.18
39,133,99,328,396,17.02,1015.34,49.67,487.89
40,134,98,328,396,17.02,1015.34,49.69,487.18
41,134,99,328,396,17.02,1015.33,49.68,486.48
42,134,99,328,396,17.03,1015.33,49.67,485.77
43,134,99,328,397,17.03,1015.33,49.67,487.18
44,133,99,328,396,17.03,1015.34,49.66,485.42
45,134,99,328,397,17.03,1015.34,49.67,487.18
46,134,99,328,397,17.03,1015.32,49.66,487.18
47,133,99,328,397,17.03,1015.33,49.65,486.48
48,133,98,328,397,17.03,1015.34,49.66,486.13
49,133,98,328,397,17.03,1015.33,49.65,484.37
50,133,99,328,398,17.03,1015.33,49.64,485.07
51,134,98,328,398,17.03,1015.34,49.64,485.77
52,133,99,328,398,17.03,1015.34,49.65,485.07
53,133,99,328,398,17.03,1015.35,49.65,483.33
54,133,98,328,399,17.03,1015.35,49.65,484.03
55,133,98,327,398,17.03,1015.35,49.64,484.37
56,133,99,328,398,17.03,1015.34,49.64,481.60
57,133,98,328,399,17.03,1015.32,49.64,482.98
58,133,99,327,399,17.03,1015.32,49.64,482.29
59,133,99,328,399,17.04,1015.33,49.64,482.63
60,133,99,327,399,17.04,1015.33,49.64,482.63
61,132,98,327,400,17.04,1015.32,49.64,481.60
62,133,99,327,399,17.04,1015.33,49.65,482.29
63,132,98,327,399,17.04,1015.32,49.65,481.25
64,132,98,327,399,17.04,1015.32,49.64,481.25
65,133,98,326,398,17.04,1015.32,49.64,482.63
66,132,99,327,399,17.04,1015.32,49.64,482.29
67,132,99,327,399,17.04,1015.32,49.65,482.29
68,132,98,327,399,17.04,1015.34,49.65,482.63
69,132,99,327,399,17.04,1015.34,49.64,482.29
70,132,99,327,399,17.04,1015.35,49.64,482.98
71,133,98,327,399,17.04,1015.36,49.65,482.98
72,133,99,327,400,17.04,1015.37,49.65,482.29
73,134,98,327,398,17.04,1015.37,49.64,482.29
74,134,98,327,400,17.04,1015.35,49.64,482.98
75,133,98,327,400,17.04,1015.37,49.66,482.98
76,133,98,327,400,17.04,1015.35,49.66,484.03
77,133,98,326,399,17.04,1015.34,49.66,483.33
78,133,98,326,400,17.04,1015.34,49.67,483.68
79,132,99,327,400,17.05,1015.33,49.66,483.33
80,132,98,326,400,17.05,1015.32,49.66,483.33
81,132,98,327,399,17.05,1015.33,49.66,484.03
82,132,98,326,399,17.05,1015.32,49.67,481.25
83,132,99,326,400,17.04,1015.32,49.67,481.94
84,133,98,326,400,17.05,1015.32,49.68,483.68
85,132,98,326,400,17.05,1015.32,49.66,484.37
86,132,98,326,400,17.05,1015.31,49.67,482.98
87,132,98,326,400,17.05,1015.30,49.67,483.68
88,132,98,326,400,17.05,1015.32,49.67,482.29
89,132,98,326,401,17.05,1015.32,49.68,482.98
90,132,98,326,401,17.05,1015.33,49.68,482.98
91,132,98,325,400,17.05,1015.34,49.66,482.98
92,132,98,326,401,17.05,1015.35,49.68,483.68
93,131,98,325,400,17.05,1015.32,49.67,482.98
94,131,98,325,400,17.05,1015.29,49.68,482.98
95,131,98,325,401,17.05,1015.27,49.68,482.29
96,131,98,325,401,17.05,1015.27,49.69,482.29
97,131,98,325,401,17.05,1015.26,49.67,482.98
98,131,98,326,401,17.05,1015.24,49.67,482.29
99,132,98,326,401,17.05,1015.23,49.68,480.91
100,131,98,325,401,17.05,1015.24,49.68,482.98
101,131,98,325,401,17.05,1015.25,49.67,480.22
102,131,97,325,401,17.05,1015.23,49.70,479.53
103,131,98,325,401,17.05,1015.23,49.69,481.94
104,131,98,325,401,17.05,1015.23,49.69,482.63
105,131,97,325,401,17.05,1015.23,49.70,481.94
106,131,98,325,400,17.05,1015.22,49.68,482.29
107,131,97,325,400,17.05,1015.22,49.68,481.60
108,131,98,324,401,17.05,1015.22,49.68,481.25
109,131,98,325,401,17.05,1015.22,49.68,480.56
110,130,97,324,400,17.05,1015.22,49.70,482.63
111,130,98,325,400,17.05,1015.21,49.68,481.94
112,131,98,325,402,17.06,1015.22,49.68,481.25
113,131,97,324,402,17.06,1015.22,49.70,482.63
114,131,97,325,401,17.06,1015.22,49.68,481.60
115,131,97,325,401,17.06,1015.22,49.70,483.33
116,130,97,324,401,17.06,1015.22,49.69,481.60
117,131,97,324,401,17.06,1015.22,49.70,481.25
118,131,97,324,401,17.06,1015.22,49.70,482.29
119,131,97,324,402,17.06,1015.21,49.70,482.29
120,131,97,325,401,17.06,1015.20,49.70,481.94
121,131,97,324,401,17.06,1015.20,49.70,481.60
122,131,97,324,402,17.06,1015.20,49.70,482.29
123,131,97,324,401,17.06,1015.20,49.70,481.60
124,134,99,327,403,17.06,1015.19,49.70,481.25
125,150,100,330,406,17.06,1015.19,49.71,474.79
126,170,102,334,410,17.06,1015.19,49.72,465.58
127,192,104,337,414,17.06,1015.19,49.76,456.71
128,210,105,340,417,17.07,1015.19,49.81,446.99
129,223,107,343,419,17.07,1015.20,49.89,437.96
130,233,108,345,421,17.07,1015.20,49.99,432.32
131,240,109,346,423,17.07,1015.21,50.13,424.94
132,242,109,348,424,17.07,1015.21,50.26,418.58
133,241,109,349,425,17.07,1015.22,50.43,415.99
134,238,110,349,426,17.07,1015.22,50.60,411.15
135,237,110,350,425,17.07,1015.22,50.78,409.65
136,237,111,350,427,17.07,1015.23,50.96,406.43
137,237,112,352,427,17.08,1015.22,51.15,404.47
138,238,112,353,428,17.08,1015.23,51.33,404.23
139,239,113,354,429,17.08,1015.22,51.51,400.61
140,238,113,355,429,17.08,1015.46,51.69,399.18
141,237,113,356,429,17.08,1015.87,51.90,397.77
142,235,113,357,430,17.09,1016.18,52.09,396.36
143,233,113,357,430,17.10,1016.41,52.29,394.50
144,230,113,357,431,17.11,1016.58,52.49,392.42
145,228,113,359,431,17.12,1016.70,52.66,392.42
146,226,113,359,431,17.12,1016.80,52.83,392.19
147,224,113,360,432,17.13,1016.87,53.01,391.28
148,222,113,360,432,17.14,1016.93,53.16,390.60
149,221,113,360,433,17.14,1016.97,53.30,390.14
150,220,113,361,433,17.15,1017.00,53.44,389.92
151,219,113,361,433,17.15,1017.03,53.56,388.34
152,219,114,361,433,17.16,1017.04,53.67,389.92
153,218,114,362,433,17.16,1017.05,53.77,388.79
154,217,114,362,434,17.17,1017.06,53.86,389.46
155,217,114,362,434,17.17,1017.06,53.95,389.46
156,216,114,363,435,17.18,1017.07,54.03,388.56
157,215,115,364,435,17.18,1017.07,54.12,389.01
158,215,114,364,434,17.18,1017.08,54.17,388.56
159,215,114,364,435,17.18,1017.08,54.23,389.46
160,214,115,364,435,17.19,1017.09,54.30,389.24
161,214,115,364,435,17.19,1017.09,54.33,389.01
162,214,115,365,436,17.19,1017.09,54.37,388.12
163,213,115,365,436,17.20,1017.09,54.42,388.56
164,212,115,366,436,17.20,1017.08,54.44,389.24
165,212,115,366,437,17.20,1017.08,54.46,389.01
166,213,115,366,436,17.20,1017.09,54.49,388.56
167,212,115,367,437,17.21,1017.09,54.50,388.56
168,212,116,367,438,17.21,1017.09,54.52,389.46
169,211,115,367,437,17.21,1017.09,54.53,389.01
170,211,116,368,437,17.21,1017.09,54.56,389.92
171,210,116,367,437,17.21,1017.09,54.55,389.69
172,211,117,368,437,17.21,1017.09,54.57,388.79
173,211,117,368,438,17.22,1017.09,54.56,389.24
174,211,116,368,438,17.22,1017.10,54.55,389.92
175,210,117,369,438,17.22,1017.10,54.56,390.14
176,210,116,369,438,17.22,1017.10,54.55,389.46
177,210,116,369,438,17.22,1017.09,54.55,389.92
178,210,116,370,438,17.22,1017.09,54.54,390.37
179,209,117,369,438,17.22,1017.09,54.52,389.24
180,210,117,369,438,17.22,1017.10,54.52,390.37
181,208,117,370,439,17.23,1017.10,54.51,389.92
182,209,117,370,439,17.23,1017.10,54.49,389.92
183,208,117,371,439,17.23,1017.09,54.47,389.92
184,209,118,371,439,17.23,1017.09,54.45,390.60
185,209,117,371,439,17.23,1017.10,54.45,389.92
186,208,118,370,439,17.23,1017.09,54.43,391.05
187,208,118,371,439,17.23,1017.09,54.41,389.92
188,208,118,371,438,17.23,1017.09,54.39,389.92
189,208,118,371,439,17.23,1017.09,54.38,389.92
190,208,118,371,439,17.23,1017.09,54.36,389.46
191,207,118,372,440,17.23,1017.10,54.33,390.14
192,208,119,371,439,17.23,1017.10,54.31,389.69
193,207,118,372,439,17.24,1017.10,54.29,389.92
194,207,119,372,440,17.24,1017.10,54.27,391.28
195,208,119,372,440,17.24,1017.10,54.23,389.69
196,207,119,373,440,17.24,1017.10,54.23,390.82
197,207,119,372,440,17.24,1017.09,54.19,391.05
198,207,119,372,440,17.24,1017.09,54.18,390.14
199,207,119,373,440,17.24,1017.10,54.14,390.82
200,207,119,373,440,17.24,1017.11,54.13,391.28
201,207,119,373,440,17.24,1017.11,54.09,390.82
202,206,119,373,440,17.24,1017.11,54.08,389.92
203,206,119,374,440,17.24,1017.11,54.07,390.82
204,206,119,373,440,17.24,1017.11,54.03,390.60
205,206,119,373,441,17.24,1017.11,54.01,389.92
206,206,120,374,440,17.24,1017.10,53.99,390.37
207,205,119,374,440,17.24,1017.10,53.97,390.82
208,205,119,373,440,17.24,1017.10,53.94,390.60
209,206,120,375,440,17.24,1017.09,53.92,389.92
210,206,120,373,440,17.24,1017.09,53.90,390.37
211,206,120,375,441,17.24,1017.10,53.87,390.82
212,205,120,375,441,17.24,1017.09,53.85,390.14
213,206,121,374,441,17.24,1017.09,53.83,389.92
214,205,120,375,441,17.24,1017.10,53.80,390.60
215,205,120,375,441,17.24,1017.10,53.79,390.82
216,205,121,375,441,17.24,1017.09,53.76,390.14
217,205,120,374,442,17.24,1017.08,53.73,390.14
218,205,121,375,442,17.24,1017.09,53.72,391.51
219,204,121,374,440,17.24,1017.09,53.68,390.82
220,205,121,376,441,17.24,1017.09,53.67,390.37
221,204,120,375,441,17.23,1017.10,53.64,389.46
222,205,121,375,442,17.23,1017.09,53.62,389.92
223,204,121,376,441,17.23,1017.10,53.57,390.14
224,204,121,376,441,17.23,1017.09,53.57,390.60
225,204,121,376,441,17.23,1017.09,53.56,390.82
226,205,121,376,441,17.23,1017.10,53.53,390.60
227,205,121,376,442,17.23,1017.09,53.52,391.05
228,204,121,377,441,17.23,1017.10,53.50,390.14
229,204,121,376,441,17.23,1017.10,53.48,390.37
230,205,122,376,441,17.23,1017.11,53.45,390.82
231,204,121,376,441,17.23,1017.11,53.43,389.92
232,204,122,376,442,17.23,1017.10,53.40,389.92
233,204,121,377,442,17.23,1017.10,53.38,389.92
234,204,122,376,442,17.23,1017.10,53.35,389.69
235,204,122,377,442,17.23,1017.09,53.34,390.37
236,204,121,376,442,17.23,1017.09,53.33,390.37
237,204,122,377,442,17.23,1017.10,53.30,390.82
238,204,122,377,442,17.23,1017.09,53.29,389.69
239,204,122,377,441,17.23,1017.09,53.26,389.24
240,204,123,378,442,17.23,1017.09,53.25,390.37
241,204,122,377,442,17.23,1017.09,53.23,391.28
242,204,122,378,442,17.22,1017.09,53.21,390.37
243,204,122,378,443,17.22,1017.09,53.19,389.92
244,204,122,378,442,17.22,1017.10,53.17,390.60
245,203,122,377,442,17.22,1017.09,53.17,389.69
246,204,123,377,442,17.22,1017.10,53.14,390.37
247,203,123,378,441,17.22,1017.10,53.11,389.92
248,204,123,377,442,17.22,1017.10,53.10,389.69
249,204,123,377,442,17.22,1017.10,53.09,390.14
250,203,123,378,442,17.22,1017.10,53.07,390.37
251,203,123,378,442,17.22,1017.10,53.04,391.74
252,203,123,378,443,17.22,1017.10,53.04,389.69
253,204,123,378,443,17.22,1017.09,53.01,389.92
254,203,123,378,443,17.22,1017.10,52.99,389.69
255,203,123,378,443,17.22,1017.11,52.99,389.92
256,203,123,379,443,17.22,1017.10,52.97,389.92
257,203,123,379,442,17.21,1017.10,52.95,389.92
258,203,123,378,443,17.21,1017.10,52.94,389.92
259,203,123,378,442,17.21,1017.09,52.93,389.24
260,203,123,378,443,17.21,1017.09,52.92,389.69
261,203,123,379,443,17.21,1017.10,52.89,389.01
262,203,124,379,443,17.21,1017.10,52.89,389.46
263,203,123,379,443,17.21,1017.10,52.86,388.56
264,203,124,379,443,17.21,1017.11,52.84,389.01
265,203,124,379,442,17.21,1017.11,52.82,389.92
266,203,124,380,443,17.21,1017.10,52.82,389.92
267,203,124,378,442,17.21,1017.10,52.79,390.37
268,203,123,379,442,17.21,1017.10,52.79,390.14
269,202,124,379,443,17.21,1017.10,52.77,389.01
270,203,124,379,443,17.20,1017.10,52.75,389.69
271,203,124,380,442,17.20,1017.10,52.73,389.46
272,203,124,379,443,17.20,1017.10,52.72,390.37
273,203,124,379,443,17.20,1017.10,52.70,389.46
274,202,124,379,443,17.20,1017.10,52.70,389.92
275,202,124,379,443,17.20,1017.10,52.66,389.92
276,202,124,380,443,17.20,1017.10,52.67,388.34
277,203,125,380,443,17.20,1017.10,52.65,389.24
278,202,124,380,444,17.20,1017.10,52.65,389.24
279,203,125,380,443,17.20,1017.10,52.64,389.69
280,203,125,380,444,17.20,1017.10,52.63,389.46
281,203,125,380,443,17.20,1017.09,52.61,389.46
282,202,125,380,444,17.20,1017.09,52.60,389.01
283,203,124,380,443,17.20,1017.08,52.58,389.01
284,203,125,380,443,17.20,1017.09,52.57,389.24
285,202,125,380,443,17.19,1017.09,52.55,389.01
286,202,125,380,443,17.19,1017.09,52.53,389.46
287,202,125,380,444,17.19,1017.09,52.53,390.14
288,202,125,381,443,17.19,1017.09,52.52,388.79
289,202,125,381,444,17.19,1017.09,52.51,389.24
290,202,125,381,443,17.19,1017.09,52.48,389.92
291,203,125,381,443,17.19,1017.09,52.48,388.56
292,202,125,381,443,17.19,1017.09,52.48,388.79
293,203,125,381,443,17.19,1017.10,52.46,388.56
294,202,125,381,444,17.19,1017.10,52.44,388.12
295,202,125,381,444,17.19,1017.10,52.43,389.24
296,202,125,381,443,17.19,1017.10,52.42,389.01
297,202,126,381,444,17.19,1017.10,52.40,388.79
298,202,125,381,444,17.18,1017.10,52.40,389.46
299,202,125,382,444,17.18,1017.10,52.39,388.34
300,202,125,382,444,17.18,1017.10,52.37,388.56
301,202,125,382,444,17.18,1017.10,52.37,389.46
302,202,126,382,443,17.18,1017.09,52.36,387.67
303,202,125,381,444,17.18,1017.09,52.34,388.56
304,202,126,381,443,17.18,1017.09,52.33,388.12
305,202,126,381,444,17.18,1017.10,52.32,388.12
306,202,126,382,444,17.18,1017.10,52.31,388.12
307,202,126,382,444,17.18,1017.09,52.31,388.56
308,202,125,381,444,17.17,1017.09,52.30,387.89
309,202,125,382,444,17.17,1017.09,52.29,388.56
310,202,126,381,445,17.17,1017.08,52.28,387.67
311,202,126,382,444,17.17,1017.09,52.26,387.22
312,202,126,382,444,17.17,1017.09,52.26,388.12
313,201,126,382,445,17.17,1017.09,52.24,389.01
314,202,126,382,444,17.17,1017.09,52.24,387.44
315,202,126,382,444,17.17,1017.09,52.22,387.67
316,201,126,382,444,17.17,1017.10,52.22,388.56
317,202,127,382,445,17.17,1017.10,52.21,388.12
318,201,127,382,445,17.17,1017.10,52.21,387.89
319,201,126,382,444,17.17,1017.10,52.19,388.34
320,202,127,382,445,17.16,1017.11,52.17,388.12
321,201,126,382,445,17.16,1017.11,52.17,388.79
322,201,127,382,444,17.16,1017.11,52.17,387.00
323,201,127,383,444,17.16,1017.12,52.15,387.67
324,201,126,383,445,17.16,1017.11,52.14,387.22
325,202,126,382,445,17.16,1017.11,52.13,387.00
326,201,126,382,444,17.16,1017.10,52.11,387.89
327,201,126,382,445,17.16,1017.10,52.11,388.12
328,201,127,382,445,17.16,1017.11,52.11,387.22
329,201,127,383,445,17.16,1017.11,52.10,387.44
330,201,127,383,445,17.16,1017.11,52.09,387.67
331,202,127,382,445,17.16,1017.11,52.09,387.67
332,201,126,382,445,17.15,1017.10,52.07,386.55
333,202,127,383,445,17.15,1017.11,52.08,387.22
334,202,127,383,445,17.15,1017.10,52.06,388.12
335,201,127,382,445,17.15,1017.10,52.06,387.44
336,202,127,383,444,17.15,1017.09,52.04,387.67
337,201,127,384,445,17.15,1017.10,52.02,387.67
338,201,127,384,446,17.15,1017.10,52.03,387.89
339,201,127,383,445,17.15,1017.10,52.01,387.67
340,202,127,383,446,17.15,1017.10,52.00,387.67
341,201,126,383,445,17.15,1017.11,52.00,388.12
342,201,127,383,445,17.15,1017.11,51.97,387.22
343,201,127,383,445,17.15,1017.11,51.99,386.77
344,201,128,383,445,17.14,1017.12,51.99,387.67
345,201,126,383,445,17.14,1017.11,51.97,386.77
346,201,128,384,445,17.14,1017.11,51.97,386.77
347,201,128,384,446,17.14,1017.11,51.95,386.77
348,202,128,383,445,17.14,1017.11,51.95,387.22
349,201,128,384,445,17.14,1017.11,51.94,387.22
350,201,127,384,445,17.14,1017.11,51.94,386.55
351,202,128,384,446,17.14,1017.11,51.93,387.22
352,201,128,384,446,17.14,1017.11,51.91,386.11
353,201,127,383,445,17.14,1017.10,51.91,386.77
354,201,128,384,445,17.14,1017.11,51.90,386.77
355,202,128,384,446,17.14,1017.11,51.89,386.77
356,201,128,384,446,17.14,1017.10,51.89,386.77
357,201,128,385,446,17.13,1017.10,51.88,387.67
358,201,128,384,446,17.13,1017.10,51.87,386.77
359,201,128,384,446,17.13,1017.10,51.87,387.22
360,201,128,384,446,17.13,1017.10,51.86,387.89
361,201,127,384,446,17.13,1017.09,51.84,386.33
362,201,127,384,446,17.13,1017.10,51.84,385.89
363,201,127,384,446,17.13,1017.10,51.84,387.22
364,201,128,384,446,17.13,1017.10,51.84,386.33
365,201,128,384,447,17.13,1017.10,51.83,386.77
366,201,128,384,446,17.13,1017.09,51.82,386.33
367,201,128,385,446,17.13,1017.09,51.82,387.67
368,201,128,384,446,17.13,1017.11,51.80,386.77
369,201,128,385,446,17.13,1017.10,51.79,385.89
370,201,129,384,447,17.12,1017.10,51.80,386.77
371,200,128,384,446,17.12,1017.11,51.80,386.77
372,201,129,385,447,17.12,1017.10,51.78,386.77
373,201,128,384,446,17.12,1017.10,51.77,386.77
374,201,128,385,446,17.12,1017.10,51.76,386.55
375,201,128,385,447,17.12,1017.11,51.75,385.89
376,201,128,385,446,17.12,1017.10,51.75,387.00
377,201,128,385,447,17.12,1017.10,51.73,386.33
378,201,128,384,446,17.12,1017.10,51.73,386.77
379,200,129,385,447,17.12,1017.10,51.71,386.77
380,201,128,385,447,17.12,1017.10,51.71,386.33
381,200,128,385,447,17.12,1017.10,51.72,385.89
382,201,128,385,447,17.12,1017.10,51.72,385.89
383,201,129,385,447,17.12,1017.10,51.71,386.77
384,201,129,385,446,17.12,1017.11,51.71,386.33
385,200,128,385,447,17.11,1017.10,51.69,385.66
386,201,128,385,446,17.11,1017.10,51.68,386.33
387,200,129,385,447,17.11,1017.11,51.67,386.55
388,201,129,386,446,17.11,1017.11,51.69,386.33
389,201,129,385,447,17.11,1017.10,51.68,385.89
390,200,128,386,446,17.11,1017.10,51.67,385.66
391,201,128,385,447,17.11,1017.10,51.67,385.89
392,201,129,385,447,17.11,1017.11,51.65,385.89
393,201,128,386,447,17.11,1017.11,51.65,385.89
394,201,129,385,447,17.11,1017.11,51.65,385.89
395,201,129,385,447,17.11,1017.10,51.64,385.00
396,201,129,385,447,17.11,1017.10,51.62,385.00
397,200,128,385,447,17.11,1017.09,51.62,386.33
398,201,128,385,448,17.11,1017.09,51.62,385.00
399,201,129,385,447,17.11,1017.10,51.62,386.33
400,200,128,386,446,17.11,1017.09,51.61,385.89
401,200,129,386,448,17.10,1017.10,51.60,385.44
402,201,128,386,447,17.10,1017.10,51.60,385.66
403,201,129,386,447,17.10,1017.10,51.59,385.44
404,200,129,385,447,17.10,1017.11,51.60,385.89
405,201,129,386,447,17.10,1017.11,51.58,385.22
406,200,129,386,447,17.10,1017.10,51.58,384.56
407,200,129,386,448,17.10,1017.10,51.58,385.66
408,201,129,386,447,17.10,1017.10,51.56,385.44
409,200,129,386,448,17.10,1017.10,51.57,385.00
410,200,129,386,448,17.10,1017.10,51.56,384.78
411,201,129,386,447,17.10,1017.10,51.55,385.00
412,201,129,387,448,17.10,1017.11,51.53,385.44
413,201,129,385,448,17.10,1017.11,51.54,384.78
414,201,129,386,447,17.10,1017.11,51.53,385.44
415,201,129,386,447,17.10,1017.11,51.53,385.66
416,200,129,386,447,17.09,1017.12,51.53,385.89
417,200,129,386,447,17.09,1017.12,51.52,384.56
418,200,129,386,447,17.09,1017.11,51.51,385.00
419,200,130,386,448,17.09,1017.11,51.51,385.00
420,200,129,386,448,17.09,1017.11,51.51,385.44
421,200,129,386,448,17.09,1017.11,51.50,384.12
422,200,130,387,448,17.09,1017.11,51.50,385.44
423,200,129,386,448,17.09,1017.12,51.48,385.89
424,201,129,387,449,17.09,1017.11,51.49,385.00
425,200,130,386,448,17.09,1017.11,51.47,384.78
426,200,130,387,448,17.09,1017.11,51.48,383.90
427,200,129,386,448,17.09,1017.11,51.47,384.12
428,200,130,387,449,17.09,1017.10,51.47,384.56
429,201,130,387,448,17.09,1017.10,51.47,385.22
430,201,130,386,448,17.09,1017.10,51.46,385.00
431,200,130,386,449,17.08,1017.10,51.45,385.22
432,200,129,387,448,17.08,1017.10,51.45,385.00
433,200,129,387,448,17.08,1017.09,51.44,384.56
434,200,129,386,448,17.08,1017.10,51.43,383.68
435,201,129,387,448,17.08,1017.10,51.44,385.00
436,200,129,386,448,17.08,1017.11,51.44,385.00
437,200,130,387,449,17.08,1017.10,51.43,384.12
438,200,130,387,448,17.08,1017.10,51.41,384.34
439,201,130,387,449,17.08,1017.09,51.42,385.00
440,200,130,387,448,17.08,1017.10,51.42,384.78
441,200,130,387,449,17.08,1017.10,51.41,384.12
442,201,130,386,448,17.08,1017.10,51.39,383.68
443,200,130,387,448,17.08,1017.10,51.40,384.12
444,200,130,387,449,17.08,1017.10,51.40,383.03
445,200,130,387,449,17.08,1017.10,51.39,383.90
446,200,130,387,448,17.07,1017.10,51.36,383.90
447,200,130,387,448,17.07,1017.10,51.38,384.56
448,200,129,387,449,17.07,1017.10,51.37,385.00
449,201,130,387,449,17.07,1017.10,51.36,385.00
450,200,130,386,449,17.07,1017.10,51.37,384.12
451,200,130,387,449,17.07,1017.10,51.37,383.68
452,200,130,387,449,17.07,1017.09,51.35,385.00
453,200,130,387,449,17.07,1017.09,51.35,383.24
454,200,130,386,448,17.07,1017.10,51.35,382.59
455,200,130,387,449,17.07,1017.10,51.34,383.03
456,200,130,387,449,17.07,1017.10,51.34,383.90
457,200,130,387,450,17.07,1017.10,51.33,384.12
458,200,130,387,449,17.07,1017.10,51.33,382.59
459,200,130,386,449,17.07,1017.10,51.32,384.56
460,200,130,387,449,17.06,1017.10,51.31,383.90
461,200,130,386,449,17.06,1017.09,51.32,383.24
462,200,130,387,449,17.06,1017.09,51.33,383.24
463,199,130,387,449,17.06,1017.09,51.31,384.34
464,200,130,387,449,17.06,1017.09,51.30,383.46
465,200,130,387,450,17.06,1017.09,51.31,383.46
466,200,130,388,449,17.06,1017.09,51.29,383.68
467,200,130,388,450,17.06,1017.09,51.29,383.68
468,200,130,387,449,17.06,1017.10,51.29,383.68
469,200,130,387,450,17.06,1017.10,51.29,383.46
470,200,130,387,449,17.06,1017.10,51.29,383.24
471,199,130,387,449,17.06,1017.10,51.27,383.68
472,200,130,387,449,17.06,1017.11,51.29,384.12
473,200,131,387,449,17.06,1017.10,51.28,382.15
474,200,130,387,450,17.06,1017.10,51.27,382.81
475,199,130,388,449,17.06,1017.09,51.27,383.24
476,200,130,388,449,17.06,1017.09,51.27,384.12
477,200,130,387,450,17.06,1017.09,51.26,383.03
478,200,130,388,449,17.05,1017.09,51.25,383.68
479,200,130,387,450,17.05,1017.09,51.26,381.94
480,200,130,387,449,17.05,1017.09,51.24,383.46
481,200,131,388,450,17.05,1017.09,51.24,383.90
482,200,130,387,449,17.05,1017.09,51.24,383.24
483,199,130,387,450,17.05,1017.08,51.23,383.24
484,200,130,388,450,17.05,1017.09,51.23,383.03
485,200,130,388,450,17.05,1017.09,51.24,383.24
486,200,131,387,450,17.05,1017.09,51.21,382.81
487,199,131,388,449,17.05,1017.09,51.21,383.24
488,199,130,388,449,17.05,1017.09,51.21,383.24
489,200,130,388,450,17.05,1017.08,51.20,382.37
490,200,130,388,449,17.05,1017.09,51.20,383.46
491,200,130,388,450,17.04,1017.09,51.20,382.81
492,199,131,387,450,17.04,1017.08,51.20,382.81
493,199,130,388,450,17.04,1017.08,51.19,383.68
494,199,131,388,450,17.04,1017.08,51.18,383.24
495,200,130,388,450,17.04,1017.09,51.19,383.24
496,200,130,388,450,17.04,1017.08,51.19,382.15
497,199,130,387,450,17.04,1017.08,51.16,382.59
498,200,130,388,450,17.04,1017.08,51.18,382.37
499,199,130,388,450,17.04,1017.08,51.16,382.81
500,200,131,387,450,17.04,1016.53,51.16,382.15
501,197,130,386,449,17.04,1016.14,51.16,384.56
502,193,129,384,446,17.03,1015.92,51.16,387.44
503,188,129,382,442,17.02,1015.76,51.15,392.19
504,184,129,382,440,17.02,1015.63,51.16,397.06
505,180,128,380,437,17.01,1015.52,51.17,403.50
506,177,128,380,435,17.00,1015.45,51.18,407.42
507,174,128,379,433,17.00,1015.42,51.18,412.42
508,172,127,377,430,16.99,1015.41,51.18,416.51
509,171,127,376,429,16.99,1015.41,51.19,420.68
510,170,127,376,427,16.98,1015.43,51.20,424.40
511,169,126,375,426,16.98,1015.43,51.19,427.92
512,168,126,374,425,16.98,1015.39,51.19,429.01
513,167,126,374,423,16.98,1015.30,51.19,431.49
514,167,126,373,421,16.98,1015.25,51.19,435.40
515,165,125,372,421,16.97,1015.26,51.19,436.82
516,165,125,372,420,16.97,1015.28,51.19,439.39
517,165,125,371,419,16.97,1015.31,51.19,440.25
518,165,125,371,417,16.97,1015.33,51.17,441.12
519,165,124,370,416,16.97,1015.35,51.17,441.99
520,166,125,369,416,16.97,1015.38,51.17,444.33
521,166,124,370,416,16.97,1015.40,51.16,447.59
522,166,124,370,415,16.97,1015.41,51.15,448.78
523,165,124,369,414,16.97,1015.42,51.13,447.59
524,166,124,369,414,16.97,1015.43,51.14,449.68
525,166,124,368,412,16.97,1015.44,51.11,449.68
526,166,124,368,412,16.97,1015.46,51.10,452.11
527,166,124,368,412,16.97,1015.46,51.10,452.71
528,166,123,367,410,16.97,1015.46,51.08,453.02
529,166,123,366,411,16.97,1015.46,51.07,451.80
530,166,124,366,411,16.97,1015.46,51.05,454.86
531,166,122,367,409,16.97,1015.46,51.05,453.02
532,166,123,365,408,16.98,1015.47,51.04,455.48
533,166,123,366,409,16.98,1015.47,51.03,456.40
534,166,123,365,408,16.98,1015.47,51.03,456.71
535,166,123,364,408,16.98,1015.47,51.02,456.10
536,166,122,365,408,16.98,1015.47,51.00,456.10
537,166,122,365,408,16.98,1015.48,50.99,455.48
538,166,122,364,407,16.98,1015.48,50.97,455.17
539,167,123,364,407,16.98,1015.47,50.97,456.71
540,166,122,365,407,16.99,1015.48,50.98,458.90
541,166,122,364,407,16.99,1015.48,50.96,458.58
542,167,122,364,407,16.99,1015.48,50.95,458.90
543,167,122,363,406,16.99,1015.48,50.93,457.96
544,167,122,364,405,16.99,1015.49,50.93,458.90
545,167,122,363,406,16.99,1015.48,50.89,459.84
546,167,122,363,405,16.99,1015.49,50.90,459.53
547,167,121,363,405,17.00,1015.48,50.88,457.34
548,167,121,363,405,17.00,1015.48,50.88,460.16
549,167,122,362,404,17.00,1015.49,50.87,460.47
550,168,121,363,404,17.00,1015.48,50.87,461.74
551,167,121,362,405,17.00,1015.47,50.85,461.10
552,167,122,362,405,17.00,1015.48,50.85,459.21
553,167,121,362,404,17.01,1015.48,50.85,461.10
554,167,121,362,404,17.01,1015.48,50.82,461.42
555,168,121,362,404,17.01,1015.48,50.82,460.47
556,168,121,362,404,17.01,1015.48,50.81,461.10
557,168,121,362,404,17.02,1015.48,50.81,460.47
558,168,120,362,404,17.02,1015.48,50.79,459.84
559,168,121,361,403,17.02,1015.48,50.79,460.47
560,169,120,361,404,17.02,1015.48,50.77,459.21
561,168,121,361,404,17.02,1015.48,50.77,461.74
562,168,120,361,403,17.02,1015.48,50.77,462.06
563,168,120,361,404,17.03,1015.49,50.75,462.06
564,168,120,361,404,17.03,1015.49,50.75,461.74
565,169,120,360,404,17.03,1015.49,50.74,460.79
566,168,120,361,403,17.03,1015.48,50.73,460.47
567,168,121,360,403,17.03,1015.47,50.72,462.37
568,168,120,360,403,17.04,1015.48,50.71,463.33
569,168,120,360,403,17.04,1015.47,50.70,461.74
570,168,120,361,403,17.04,1015.48,50.70,461.10
571,168,120,360,403,17.04,1015.48,50.69,463.33
572,168,119,360,403,17.04,1015.47,50.67,460.47
573,169,120,360,402,17.05,1015.47,50.66,463.01
574,168,120,360,403,17.05,1015.47,50.66,462.69
575,168,120,360,403,17.05,1015.47,50.66,463.01
576,168,120,360,402,17.05,1015.47,50.65,461.74
577,168,119,359,402,17.05,1015.47,50.63,462.69
578,168,119,359,402,17.05,1015.47,50.64,463.01
579,168,119,359,402,17.06,1015.46,50.63,461.74
580,168,119,359,402,17.06,1015.46,50.61,462.37
581,168,119,359,402,17.06,1015.46,50.62,461.74
582,167,119,359,402,17.06,1015.46,50.61,464.29
583,167,119,358,402,17.06,1015.46,50.60,463.01
584,167,119,359,402,17.07,1015.45,50.59,463.01
585,167,119,358,402,17.07,1015.45,50.58,462.69
586,167,119,358,402,17.07,1015.45,50.58,463.33
587,167,119,359,401,17.07,1015.46,50.57,463.65
588,167,118,359,402,17.08,1015.45,50.56,463.01
589,167,118,358,401,17.08,1015.44,50.56,464.29
590,166,119,358,402,17.08,1015.45,50.55,463.65
591,167,119,358,402,17.08,1015.45,50.53,462.69
592,167,119,358,402,17.08,1015.44,50.53,463.01
593,167,119,358,401,17.08,1015.43,50.53,462.69
594,167,118,358,402,17.09,1015.44,50.53,462.37
595,167,118,357,402,17.09,1015.44,50.52,463.33
596,167,118,358,402,17.09,1015.45,50.52,462.69
597,167,119,357,402,17.09,1015.45,50.50,463.33
598,167,118,358,402,17.10,1015.44,50.50,463.01
599,167,118,358,402,17.10,1015.45,50.49,464.29
600,167,118,357,402,17.10,1015.45,50.49,463.01
601,167,118,358,402,17.10,1015.45,50.48,463.65
602,167,118,357,402,17.10,1015.44,50.48,463.97
603,166,118,357,402,17.10,1015.44,50.48,463.65
604,166,118,357,401,17.11,1015.43,50.46,461.74
605,166,117,357,402,17.11,1015.43,50.47,463.65
606,166,117,357,401,17.11,1015.44,50.47,463.65
607,166,117,357,402,17.11,1015.43,50.47,464.29
608,166,117,357,402,17.12,1015.43,50.46,462.69
609,166,117,357,402,17.12,1015.43,50.45,464.93
610,165,118,357,401,17.12,1015.44,50.45,463.97
611,166,117,357,402,17.12,1015.43,50.44,464.29
612,166,117,357,401,17.12,1015.42,50.44,464.29
613,165,117,357,402,17.12,1015.44,50.44,464.29
614,166,117,356,402,17.13,1015.44,50.43,463.65
615,166,117,356,401,17.13,1015.43,50.44,463.65
616,166,117,356,402,17.13,1015.43,50.42,463.33
617,166,117,357,401,17.13,1015.42,50.42,463.01
618,166,117,356,401,17.13,1015.43,50.41,463.97
619,166,117,356,402,17.13,1015.43,50.40,463.65
620,166,117,356,401,17.14,1015.43,50.42,464.29
621,166,117,356,401,17.14,1015.43,50.39,465.90
622,166,117,356,402,17.14,1015.43,50.40,464.93
623,166,117,356,402,17.14,1015.43,50.40,463.97
624,166,117,356,402,17.14,1015.42,50.41,464.61
625,167,116,356,402,17.14,1015.43,50.39,464.29
626,167,117,356,402,17.15,1015.42,50.38,463.65
627,167,117,356,402,17.15,1015.42,50.39,464.61
628,167,117,356,402,17.15,1015.43,50.38,464.29
629,168,117,356,402,17.15,1015.43,50.38,464.93
630,168,116,356,401,17.15,1015.43,50.39,464.61
631,168,117,356,401,17.16,1015.43,50.37,464.61
632,168,117,356,402,17.16,1015.43,50.38,464.93
633,169,116,355,402,17.16,1015.42,50.37,463.01
634,169,117,356,402,17.16,1015.42,50.36,463.33
635,168,117,356,402,17.16,1015.42,50.37,464.93
636,168,116,356,402,17.16,1015.42,50.35,464.61
637,169,116,356,401,17.17,1015.42,50.37,464.93
638,169,116,355,402,17.17,1015.42,50.37,464.93
639,168,117,355,401,17.17,1015.41,50.35,464.93
640,168,117,356,402,17.17,1015.41,50.34,464.93
641,169,116,355,402,17.17,1015.41,50.35,464.61
642,168,116,356,401,17.17,1015.42,50.34,463.65
643,168,116,355,402,17.17,1015.42,50.34,464.29
644,168,117,356,402,17.18,1015.43,50.35,465.58
645,168,116,355,402,17.18,1015.42,50.34,464.29
646,168,116,355,402,17.18,1015.42,50.33,465.25
647,168,116,355,402,17.18,1015.42,50.33,463.33
648,168,116,354,401,17.18,1015.43,50.33,463.97
649,167,116,354,402,17.18,1015.42,50.31,464.29
650,167,116,355,401,17.18,1015.42,50.30,465.25
651,165,115,354,401,17.19,1015.42,50.32,464.29
652,165,115,355,402,17.19,1015.42,50.32,465.58
653,164,116,354,402,17.19,1015.42,50.31,464.93
654,164,115,354,402,17.19,1015.43,50.30,465.25
655,163,115,354,402,17.19,1015.43,50.29,465.58
656,162,116,354,401,17.19,1015.43,50.29,464.61
657,162,115,352,402,17.20,1015.43,50.28,465.90
658,161,115,352,401,17.20,1015.44,50.28,466.22
659,160,115,352,402,17.20,1015.44,50.26,467.20
660,161,115,353,400,17.20,1015.43,50.25,466.87
661,161,114,352,401,17.20,1015.43,50.25,465.25
662,160,115,352,401,17.20,1015.43,50.24,466.22
663,160,115,352,401,17.20,1015.43,50.23,466.22
664,160,115,351,401,17.21,1015.43,50.22,467.20
665,159,114,351,401,17.21,1015.43,50.22,468.17
666,160,115,351,402,17.21,1015.42,50.21,468.17
667,159,114,351,401,17.21,1015.42,50.19,465.90
668,159,115,350,401,17.21,1015.42,50.19,467.52
669,158,114,350,401,17.21,1015.42,50.18,467.85
670,158,114,350,401,17.21,1015.41,50.18,467.85
671,157,114,350,401,17.22,1015.41,50.14,468.83
672,158,114,349,401,17.22,1015.42,50.14,467.52
673,156,114,350,401,17.22,1015.42,50.13,467.52
674,156,114,349,401,17.22,1015.42,50.13,468.83
675,157,114,349,401,17.22,1015.42,50.11,468.83
676,156,114,348,401,17.22,1015.42,50.11,469.15
677,156,114,349,401,17.22,1015.43,50.09,469.48
678,155,113,348,401,17.22,1015.42,50.09,469.15
679,155,113,348,400,17.22,1015.41,50.07,470.80
680,154,113,348,400,17.23,1015.41,50.08,470.14
681,154,113,347,400,17.23,1015.41,50.06,470.80
682,155,114,348,400,17.23,1015.41,50.06,470.80
683,155,113,347,400,17.23,1015.42,50.05,469.48
684,155,113,347,401,17.23,1015.42,50.04,471.79
685,155,113,347,400,17.23,1015.42,50.03,471.46
686,156,113,347,400,17.23,1015.42,50.01,470.80
687,156,113,347,400,17.23,1015.43,50.01,471.46
688,156,113,347,400,17.23,1015.42,50.01,471.46
689,156,113,347,400,17.24,1015.42,49.99,470.80
690,156,113,347,401,17.24,1015.41,50.00,471.46
691,157,113,346,400,17.24,1015.40,49.99,470.80
692,157,113,347,400,17.24,1015.40,49.99,469.81
693,158,112,347,401,17.24,1015.40,49.97,472.45
694,158,113,346,400,17.24,1015.41,49.96,471.13
695,158,112,347,401,17.24,1015.41,49.98,472.12
696,159,113,347,400,17.24,1015.41,49.98,472.12
697,159,112,347,400,17.25,1015.42,49.97,471.46
698,159,112,346,400,17.25,1015.43,49.96,472.12
699,160,113,347,400,17.25,1015.43,49.96,471.13
700,160,113,346,400,17.25,1015.43,49.97,470.80
701,160,112,347,401,17.25,1015.43,49.95,472.12
702,160,112,346,399,17.25,1015.43,49.95,471.46
703,160,113,347,400,17.25,1015.43,49.96,471.79
704,161,113,346,400,17.25,1015.43,49.96,471.46
705,161,113,347,400,17.25,1015.42,49.95,471.79
706,161,112,347,400,17.26,1015.42,49.95,471.46
707,161,113,347,400,17.26,1015.40,49.94,471.46
708,161,113,347,400,17.26,1015.41,49.95,472.12
709,161,113,347,400,17.26,1015.41,49.93,472.12
710,161,113,347,400,17.26,1015.41,49.93,471.79
711,161,112,347,400,17.26,1015.41,49.94,471.79
712,162,113,347,400,17.26,1015.41,49.93,472.79
713,161,112,347,400,17.26,1015.42,49.93,471.46
714,162,112,347,400,17.26,1015.43,49.92,472.79
715,161,112,347,400,17.26,1015.43,49.93,472.79
716,161,112,347,399,17.26,1015.43,49.90,472.12
717,162,112,347,399,17.26,1015.43,49.91,471.79
718,161,112,347,400,17.26,1015.42,49.91,472.79
719,162,112,346,400,17.26,1015.42,49.92,471.79
720,162,112,347,400,17.27,1015.41,49.92,472.45
721,162,112,347,400,17.27,1015.41,49.91,472.79
722,164,112,346,400,17.27,1015.40,49.91,471.46
723,163,111,347,400,17.27,1015.39,49.91,472.12
724,162,112,346,400,17.27,1015.40,49.90,471.13
725,163,112,347,400,17.27,1015.39,49.90,472.12
726,163,111,347,401,17.27,1015.39,49.90,471.13
727,162,111,347,400,17.27,1015.40,49.90,471.46
728,162,111,347,400,17.27,1015.39,49.89,471.13
729,163,112,346,400,17.27,1015.39,49.89,471.46
730,162,111,346,400,17.27,1015.39,49.89,472.12
731,162,112,347,400,17.27,1015.39,49.89,472.12
732,161,111,346,401,17.27,1015.39,49.89,471.79
733,161,112,347,400,17.28,1015.39,49.89,471.46
734,160,111,346,401,17.28,1015.38,49.90,471.46
735,159,111,347,400,17.28,1015.38,49.89,471.79
736,159,111,346,400,17.28,1015.39,49.87,472.12
737,159,111,346,401,17.28,1015.38,49.87,471.46
738,158,111,346,399,17.28,1015.38,49.87,471.46
739,158,111,345,400,17.28,1015.38,49.87,471.46
740,157,110,345,401,17.28,1015.39,49.85,471.79
741,157,111,345,401,17.28,1015.39,49.85,471.46
742,157,110,345,400,17.28,1015.39,49.84,471.13
743,156,111,344,400,17.28,1015.39,49.85,471.46
744,156,111,344,400,17.28,1015.38,49.84,471.79
745,156,110,344,400,17.28,1015.39,49.84,473.79
746,155,111,343,400,17.28,1015.39,49.82,472.12
747,155,110,344,399,17.28,1015.39,49.83,472.12
748,155,110,343,400,17.28,1015.39,49.82,472.12
749,155,110,343,400,17.28,1015.39,49.80,472.79
